'808',1019,82000,,'',0,8000,,'',0,4000,0,'Waterfront',0,8000,0,'Waterfront',0,8000,0,'Waterfront',0,4300,0,'Waterfront',0,8500,0,'Waterfront',0,8500,0,'Waterfront',0,4500,0,'Waterfront',0,8500,0,'Waterfront',0,8500,0,'Waterfront',0,8500,0,'Waterfront',0,4300,0,'Waterfront',0,200,,'',0,8300,0,'Waterfront',0,8400,0,'Waterfront',0,8500,,'',0,4500,,'',0,8500,,'',0,8500,,'',0,8500,,'',0,4500,0,'Waterfront',0,7700,4,'',0
'808',1029,82000,,'',0,8000,,'',0,4000,,'',0,8000,4,'',0,8000,4,'',0,4300,4,'',0,8500,4,'',0,8500,4,'',0,4500,4,'',0,8500,4,'',0,8500,4,'',0,8500,4,'',0,4300,4,'',0,200,,'',0,8300,4,'',0,8400,4,'',0,8500,,'',0,4500,,'',0,8500,,'',0,8500,,'',0,8500,,'',0,4500,,'',0,7500,4,'',0
'809',1019,62500,,'',0,2000,,'',0,7000,,'',0,3000,,'',0,7000,,'',0,3000,,'',0,7000,,'',0,3000,,'',0,7000,,'',0,3000,,'',0,7000,,'',0,3000,,'',0,7000,,'',0,3000,,'',0,7000,,'',0,3000,,'',0,7000,,'',0,3000,,'',0,7000,,'',0,3000,,'',0,7000,,'',0,3000,,'',0,7000,0,'Cowan Only',0,2500,,'',0,8500,,'',0,8500,,'',0,4500,,'',0,8500,,'',0,8500,,'',0,8500,,'',0,4500,0,'Waterfront',0,7700,4,'',0
'809',1029,63000,,'',0,7000,,'',0,3000,,'',0,7000,,'',0,3000,,'',0,7000,,'',0,3000,,'',0,7000,,'',0,3000,,'',0,7000,,'',0,3000,,'',0,7000,,'',0,3000,,'',0,7000,,'',0,3000,,'',0,7000,,'',0,3000,,'',0,7000,,'',0,3000,,'',0,7000,,'',0,3000,,'',0,7000,,'',0,3000,,'',0,2000,0,'Mary Only',0,7500,,'',0,8500,,'',0,4500,,'',0,8500,,'',0,8500,,'',0,8500,,'',0,4500,,'',0,7500,4,'',0
'810',1019,62000,,'',0,8000,,'',0,4000,,'',0,8000,,'',0,8000,,'',0,4000,,'',0,7500,,'',0,3000,,'',0,7000,,'',0,3000,,'',0,7000,,'',0,3000,,'',0,7000,,'',0,3000,,'',0,7000,,'',0,3000,,'',0,7000,,'',0,3000,,'',0,7000,,'',0,3000,,'',0,7000,0,'Cowan Only',0,2500,,'',0,8500,,'',0,8500,,'',0,4500,,'',0,8500,,'',0,8500,,'',0,8500,,'',0,4500,0,'Waterfront',0,7700,4,'',0
'810',1029,62000,,'',0,8000,,'',0,4000,,'',0,8000,,'',0,8000,,'',0,4000,,'',0,8000,,'',0,8000,,'',0,3000,,'',0,7000,,'',0,3000,,'',0,7000,,'',0,3000,,'',0,7000,,'',0,3000,,'',0,7000,,'',0,3000,,'',0,7000,,'',0,3000,,'',0,7000,,'',0,3000,,'',0,2000,0,'Mary Only',0,7500,,'',0,8500,,'',0,4500,,'',0,8500,,'',0,8500,,'',0,8500,,'',0,4500,,'',0,7500,4,'',0
'811',1019,82000,,'',0,8000,,'',0,4000,0,'Waterfront',0,8000,0,'Waterfront',0,8000,0,'Waterfront',0,4300,0,'Waterfront',0,8500,0,'Waterfront',0,8500,0,'Waterfront',0,4500,0,'Waterfront',0,8500,0,'Waterfront',0,8500,0,'Waterfront',0,8500,0,'Waterfront',0,4300,0,'Waterfront',0,200,,'',0,8300,0,'Waterfront',0,8400,0,'Waterfront',0,8500,,'',0,4500,,'',0,8500,,'',0,8500,,'',0,8500,,'',0,4500,0,'Waterfront',0,7700,4,'',0
'811',1029,82000,,'',0,8000,,'',0,4000,,'',0,8000,4,'',0,8000,4,'',0,4300,4,'',0,8500,4,'',0,8500,4,'',0,4500,4,'',0,8500,4,'',0,8500,4,'',0,8500,4,'',0,4300,4,'',0,200,,'',0,8300,4,'',0,8400,4,'',0,8500,,'',0,4500,,'',0,8500,,'',0,8500,,'',0,8500,,'',0,4500,,'',0,7500,4,'',0
'809',4019,63000,,'',0,50000,,'',0
'810',4019,70700,,'',0,23500,4,'',0,20800,,'',0,19700,4,'',0,17300,,'',0
'808',8019,82000,0,'College',0,8000,0,'College',0,4000,,'',0,8000,,'',0,8000,,'',0,4300,,'',0,8500,,'',0,8500,,'',0,4500,,'',0,8500,,'',0,8500,,'',0,8500,,'',0,4500,,'',0,8300,0,'College',0,8400,0,'College',0,8500,0,'College',0,4500,0,'College',0,8500,0,'College',0,8500,0,'College',0,8500,0,'College',0
'808',8029,90000,4,'',0,4000,4,'',0,8000,4,'',0,3700,4,'',0,8500,4,'',0,8500,4,'',0,8500,4,'',0,4500,4,'',0,8500,4,'',0,8500,4,'',0,8500,4,'',0,4500,4,'',0,8300,4,'',0,8300,4,'',0,8200,4,'',0,4500,4,'',0,8500,4,'',0,8500,4,'',0,8500,4,'',0,4500,4,'',0
'809',8019,62000,,'',0,3000,,'',0,6500,,'',0,3000,,'',0,7000,,'',0,3000,,'',0,7000,,'',0,3000,,'',0,7000,,'',0,3000,,'',0,7000,,'',0,3000,,'',0,7000,,'',0,3000,,'',0,7000,,'',0,3000,,'',0,7000,,'',0,3000,,'',0,7000,,'',0,3000,,'',0,7000,,'',0,3000,,'',0,7000,,'',0,3500,,'',0,7500,0,'College',0,8500,0,'College',0,4500,0,'College',0,8500,0,'College',0,8500,0,'College',0,8500,0,'College',0
'809',8029,71400,4,'',0,3000,4,'',0,7000,4,'',0,3000,4,'',0,7000,4,'',0,3000,4,'',0,7000,4,'',0,3000,4,'',0,7000,4,'',0,3000,4,'',0,7000,4,'',0,3000,4,'',0,7000,4,'',0,3000,4,'',0,6500,4,'',0,3500,4,'',0,7000,4,'',0,3000,4,'',0,7000,4,'',0,3000,4,'',0,7000,4,'',0,3000,4,'',0,7000,4,'',0,9400,4,'',0,4500,4,'',0,8500,4,'',0,8500,4,'',0,8500,4,'',0,4500,4,'',0
'810',8019,62000,0,'College',0,8000,0,'College',0,4000,0,'College',0,8000,0,'College',0,8000,,'',0,4000,,'',0,7500,,'',0,3000,,'',0,7000,,'',0,3000,,'',0,7000,,'',0,3000,,'',0,7000,,'',0,3000,,'',0,7000,,'',0,3000,,'',0,7000,,'',0,3000,,'',0,7000,,'',0,3000,,'',0,7000,,'',0,3000,,'',0,8000,0,'College',0,8500,0,'College',0,4500,0,'College',0,8500,0,'College',0,8500,0,'College',0,8500,0,'College',0
'810',8029,70000,4,'',0,4000,4,'',0,8000,4,'',0,8000,4,'',0,4000,4,'',0,7500,4,'',0,2900,4,'',0,7000,4,'',0,3000,4,'',0,7000,4,'',0,3000,4,'',0,7000,4,'',0,3000,4,'',0,6500,4,'',0,3500,4,'',0,7000,4,'',0,3000,4,'',0,7000,4,'',0,3000,4,'',0,7000,4,'',0,3000,4,'',0,7000,4,'',0,9400,4,'',0,4500,4,'',0,8500,4,'',0,8500,4,'',0,8500,4,'',0,4500,4,'',0
'811',8019,82000,0,'College',0,8000,0,'College',0,4000,,'',0,8000,,'',0,8000,,'',0,4300,,'',0,8500,,'',0,8500,,'',0,4500,,'',0,8500,,'',0,8500,,'',0,8500,,'',0,4500,,'',0,8300,0,'College',0,8400,0,'College',0,8500,0,'College',0,4500,0,'College',0,8500,0,'College',0,8500,0,'College',0,8500,0,'College',0
'811',8029,90000,4,'',0,4000,4,'',0,8000,4,'',0,3700,4,'',0,8500,4,'',0,8500,4,'',0,8500,4,'',0,4500,4,'',0,8500,4,'',0,8500,4,'',0,8500,4,'',0,4500,4,'',0,8300,4,'',0,8300,4,'',0,8200,4,'',0,4500,4,'',0,8500,4,'',0,8500,4,'',0,8500,4,'',0,4500,4,'',0
'808',10019,85500,4,'',0,8000,4,'',0,8000,4,'',0,4000,4,'',0,8000,4,'',0,8900,4,'',0,8500,4,'',0,4500,4,'',0,8500,4,'',0,8500,4,'',0,8500,4,'',0,4500,4,'',0,8100,4,'',0,8100,4,'',0,8400,4,'',0,4400,4,'',0,8500,4,'',0,8500,4,'',0,4500,4,'',0,8500,4,'',0
'808',10029,82000,,'',0,8000,,'',0,4000,,'',0,8000,,'',0,8000,,'',0,4300,,'',0,8500,,'',0,8500,,'',0,4500,,'',0,8500,,'',0,8500,,'',0,8500,,'',0,4500,,'',0,8300,,'',0,8400,,'',0,8500,,'',0,4500,,'',0,8500,,'',0,8500,,'',0,8500,,'',0
'809',10019,65500,4,'',0,7100,4,'',0,3000,4,'',0,7000,4,'',0,3000,4,'',0,7000,4,'',0,3000,4,'',0,7000,4,'',0,3000,4,'',0,7000,4,'',0,3000,4,'',0,7000,4,'',0,3100,4,'',0,7000,4,'',0,3000,4,'',0,7000,4,'',0,3000,4,'',0,7000,4,'',0,3000,4,'',0,7000,4,'',0,3000,4,'',0,7000,4,'',0,2900,4,'',0,6500,4,'',0,8500,4,'',0,4500,4,'',0,8500,4,'',0,8500,4,'',0,8500,4,'',0,4500,4,'',0
'809',10029,62000,,'',0,2500,,'',0,7000,,'',0,3000,,'',0,7000,,'',0,3000,,'',0,7000,,'',0,3000,,'',0,7000,,'',0,3000,,'',0,7000,,'',0,3000,,'',0,7000,,'',0,3000,,'',0,7000,,'',0,3000,,'',0,7000,,'',0,3000,,'',0,7000,,'',0,3000,,'',0,7000,,'',0,3000,,'',0,7000,,'',0,2500,,'',0,8500,,'',0,8500,,'',0,4500,,'',0,8500,,'',0,8500,,'',0,8500,,'',0
'810',10019,65500,4,'',0,8000,4,'',0,8000,4,'',0,4000,4,'',0,8000,4,'',0,9100,4,'',0,3000,4,'',0,7000,4,'',0,3000,4,'',0,7000,4,'',0,3100,4,'',0,7000,4,'',0,3000,4,'',0,7000,4,'',0,3000,4,'',0,7000,4,'',0,3000,4,'',0,7000,4,'',0,3000,4,'',0,7000,4,'',0,2900,4,'',0,6500,4,'',0,8500,4,'',0,4500,4,'',0,8500,4,'',0,8500,4,'',0,8500,4,'',0,4500,4,'',0
'810',10029,62000,,'',0,8000,,'',0,4000,,'',0,8000,,'',0,8000,,'',0,4000,,'',0,7500,,'',0,3000,,'',0,7000,,'',0,3000,,'',0,7000,,'',0,3000,,'',0,7000,,'',0,3000,,'',0,7000,,'',0,3000,,'',0,7000,,'',0,3000,,'',0,7000,,'',0,3000,,'',0,7000,,'',0,2500,,'',0,8500,,'',0,8500,,'',0,4500,,'',0,8500,,'',0,8500,,'',0,8500,,'',0
'811',10019,85500,4,'',0,8000,4,'',0,8000,4,'',0,4000,4,'',0,8000,4,'',0,8900,4,'',0,8500,4,'',0,4500,4,'',0,8500,4,'',0,8500,4,'',0,8500,4,'',0,4500,4,'',0,8100,4,'',0,8100,4,'',0,8400,4,'',0,4400,4,'',0,8500,4,'',0,8500,4,'',0,4500,4,'',0,8500,4,'',0
'811',10029,82000,,'',0,8000,,'',0,4000,,'',0,8000,,'',0,8000,,'',0,4300,,'',0,8500,,'',0,8500,,'',0,4500,,'',0,8500,,'',0,8500,,'',0,8500,,'',0,4500,,'',0,8300,,'',0,8400,,'',0,8500,,'',0,4500,,'',0,8500,,'',0,8500,,'',0,8500,,'',0
'809',12019,62000,0,'Intercity''',0,2400,4,'',0,100,0,'Intercity''',0,6900,4,'',0,100,0,'Intercity''',0,2900,4,'',0,100,0,'Intercity''',0,6900,4,'',0,100,0,'Intercity''',0,2900,4,'',0,100,0,'Intercity''',0,6900,4,'',0,100,0,'Intercity''',0,2900,4,'',0,100,0,'Intercity''',0,6900,4,'',0,100,0,'Intercity''',0,2900,4,'',0,100,0,'Intercity''',0,6900,4,'',0,100,0,'Intercity''',0,2900,4,'',0,100,0,'Intercity''',0,6900,4,'',0,100,0,'Intercity''',0,2900,4,'',0,100,0,'Intercity''',0,6900,4,'',0,100,0,'Intercity''',0,2900,4,'',0,100,0,'Intercity''',0,6900,4,'',0,100,0,'Intercity''',0,2900,4,'',0,100,0,'Intercity''',0,6900,4,'',0,100,0,'Intercity''',0,2900,4,'',0,100,0,'Intercity''',0,6900,4,'',0,100,0,'Intercity''',0,2900,4,'',0,100,0,'Intercity''',0,6900,4,'',0,100,0,'Intercity''',0,2900,4,'',0,600,0,'Intercity''',0,6900,4,'',0,600,0,'Intercity''',0,2900,4,'',0
'810',12019,62000,0,'Intercity''',0,2900,4,'',0,5100,0,'Intercity''',0,2900,4,'',0,1100,0,'Intercity''',0,6900,4,'',0,1100,0,'Intercity''',0,2900,4,'',0,5100,0,'Intercity''',0,2900,4,'',0,1100,0,'Intercity''',0,6900,4,'',0,600,0,'Intercity''',0,2900,4,'',0,100,0,'Intercity''',0,6900,4,'',0,100,0,'Intercity''',0,2900,4,'',0,100,0,'Intercity''',0,6900,4,'',0,100,0,'Intercity''',0,2900,4,'',0,100,0,'Intercity''',0,6900,4,'',0,100,0,'Intercity''',0,2900,4,'',0,100,0,'Intercity''',0,6900,4,'',0,100,0,'Intercity''',0,2900,4,'',0,100,0,'Intercity''',0,6900,4,'',0,100,0,'Intercity''',0,2900,4,'',0,100,0,'Intercity''',0,6900,4,'',0,100,0,'Intercity''',0,2900,4,'',0,100,0,'Intercity''',0,6900,4,'',0,100,0,'Intercity''',0,2900,4,'',0,100,0,'Intercity''',0,6900,4,'',0,1100,0,'Intercity''',0,2900,4,'',0
'808',14019,85500,4,'',0,8100,4,'',0,8000,4,'',0,4000,4,'',0,8000,4,'',0,8700,4,'',0,8500,4,'',0,4500,4,'',0,8500,4,'',0,8500,4,'',0,8500,4,'',0,4500,4,'',0,8400,4,'',0,8100,4,'',0,8400,4,'',0,4500,4,'',0,8300,4,'',0,8500,4,'',0,8500,4,'',0,4500,4,'',0
'808',14029,82000,,'',0,8000,,'',0,4000,,'',0,8000,,'',0,8000,,'',0,4300,,'',0,8500,,'',0,8500,,'',0,4500,,'',0,8500,,'',0,8500,,'',0,8500,,'',0,4500,,'',0,8300,,'',0,8400,,'',0,8500,,'',0,4500,,'',0,8500,,'',0,8500,,'',0,8500,,'',0
'809',14019,63900,4,'',0,7200,4,'',0,3000,4,'',0,7000,4,'',0,3000,4,'',0,7000,4,'',0,3000,4,'',0,7000,4,'',0,3000,4,'',0,7000,4,'',0,3000,4,'',0,7100,4,'',0,3000,4,'',0,7000,4,'',0,3000,4,'',0,7000,4,'',0,3000,4,'',0,7000,4,'',0,3000,4,'',0,7000,4,'',0,3000,4,'',0,7000,4,'',0,2800,4,'',0,7200,4,'',0,2900,4,'',0,6500,4,'',0,4500,4,'',0,8300,4,'',0,8500,4,'',0,8500,4,'',0,4500,4,'',0
'809',14029,61000,,'',0,2000,,'',0,7000,,'',0,3000,,'',0,7000,,'',0,3000,,'',0,7000,,'',0,3000,,'',0,7000,,'',0,3000,,'',0,7000,,'',0,3000,,'',0,7000,,'',0,3000,,'',0,7000,,'',0,3000,,'',0,7000,,'',0,3000,,'',0,7000,,'',0,3000,,'',0,7000,,'',0,3000,,'',0,7000,,'',0,3000,,'',0,7000,,'',0,2500,,'',0,8500,,'',0,4500,,'',0,8500,,'',0,8500,,'',0,8500,,'',0
'810',14019,65500,4,'',0,8000,4,'',0,8000,4,'',0,4000,4,'',0,8100,4,'',0,7900,4,'',0,2600,4,'',0,7000,4,'',0,3000,4,'',0,7100,4,'',0,3000,4,'',0,7000,4,'',0,3000,4,'',0,7000,4,'',0,3000,4,'',0,7000,4,'',0,3000,4,'',0,7000,4,'',0,3000,4,'',0,7000,4,'',0,2800,4,'',0,7200,4,'',0,2900,4,'',0,6500,4,'',0,4500,4,'',0,8300,4,'',0,8500,4,'',0,8500,4,'',0,4500,4,'',0
'810',14029,62000,,'',0,8000,,'',0,4000,,'',0,8000,,'',0,8000,,'',0,4000,,'',0,6000,,'',0,3000,,'',0,7000,,'',0,3000,,'',0,7000,,'',0,3000,,'',0,7000,,'',0,3000,,'',0,7000,,'',0,3000,,'',0,7000,,'',0,3000,,'',0,7000,,'',0,3000,,'',0,7000,,'',0,3000,,'',0,7000,,'',0,2500,,'',0,8500,,'',0,4500,,'',0,8500,,'',0,8500,,'',0,8500,,'',0
'811',14019,85500,4,'',0,8100,4,'',0,8000,4,'',0,4000,4,'',0,8000,4,'',0,8700,4,'',0,8500,4,'',0,4500,4,'',0,8500,4,'',0,8500,4,'',0,8500,4,'',0,4500,4,'',0,8400,4,'',0,8100,4,'',0,8400,4,'',0,4500,4,'',0,8300,4,'',0,8500,4,'',0,8500,4,'',0,4500,4,'',0
'811',14029,82000,,'',0,8000,,'',0,4000,,'',0,8000,,'',0,8000,,'',0,4300,,'',0,8500,,'',0,8500,,'',0,4500,,'',0,8500,,'',0,8500,,'',0,8500,,'',0,4500,,'',0,8300,,'',0,8400,,'',0,8500,,'',0,4500,,'',0,8500,,'',0,8500,,'',0,8500,,'',0
'809',16019,64400,4,'',0,7000,4,'',0,3000,4,'',0,7000,4,'',0,3000,4,'',0,7000,4,'',0,3000,4,'',0,7000,4,'',0,3000,4,'',0,7000,4,'',0,3000,4,'',0,7000,4,'',0,3000,4,'',0,7000,4,'',0,3000,4,'',0,7000,4,'',0,3000,4,'',0,7000,4,'',0,3000,4,'',0,7000,4,'',0,3000,4,'',0,7000,4,'',0,3000,4,'',0
'809',16029,62000,,'',0,2500,,'',0,7000,,'',0,3000,,'',0,7000,,'',0,3000,,'',0,7000,,'',0,3000,,'',0,7000,,'',0,3000,,'',0,7000,,'',0,3000,,'',0,7000,,'',0,3000,,'',0,7000,,'',0,3000,,'',0,7000,,'',0,3000,,'',0,7000,,'',0,3000,,'',0,7000,,'',0,3000,,'',0,7000,,'',0,3500,,'',0
'810',16019,63900,4,'',0,8000,4,'',0,4000,4,'',0,8000,4,'',0,8000,4,'',0,4000,4,'',0,8500,4,'',0,7000,4,'',0,3000,4,'',0,7000,4,'',0,3000,4,'',0,7000,4,'',0,3000,4,'',0,7000,4,'',0,3000,4,'',0,7000,4,'',0,3000,4,'',0,7000,4,'',0,3000,4,'',0,7000,4,'',0,3000,4,'',0
'810',16029,62000,,'',0,8000,,'',0,4000,,'',0,8000,,'',0,8000,,'',0,4000,,'',0,7500,,'',0,3000,,'',0,7000,,'',0,3000,,'',0,7000,,'',0,3000,,'',0,7000,,'',0,3000,,'',0,7000,,'',0,3000,,'',0,7000,,'',0,3000,,'',0,7000,,'',0,3000,,'',0,7000,,'',0,3000,,'',0
'808',130003019,81900,4,'',0,2000,4,'',0,2000,4,'',0,6000,4,'',0,2000,4,'',0,2000,4,'',0,6000,4,'',0,2000,4,'',0,2000,4,'',0,6000,4,'',0,2000,4,'',0,6600,4,'',0,2200,4,'',0,2300,4,'',0,6200,4,'',0,2300,4,'',0,2200,4,'',0,6300,4,'',0,2200,4,'',0,6300,4,'',0,2200,4,'',0,2300,4,'',0,6200,4,'',0,2300,4,'',0,2200,4,'',0,6200,4,'',0,2200,4,'',0,6200,4,'',0,2100,4,'',0,2400,4,'',0,6100,4,'',0,4500,4,'',0,8500,4,'',0,8500,4,'',0,8500,4,'',0,4500,4,'',0
'808',130003029,82000,,'',0,2000,0,'Waterfront',0,6000,,'',0,2000,0,'Waterfront',0,2000,,'',0,6000,0,'Waterfront',0,2000,,'',0,2000,0,'Waterfront',0,6000,,'',0,2000,0,'Waterfront',0,2300,,'',0,6200,0,'Waterfront',0,2300,,'',0,2200,0,'Waterfront',0,6300,,'',0,2300,0,'Waterfront',0,2200,,'',0,6300,0,'Waterfront',0,2200,,'',0,6300,0,'Waterfront',0,2200,,'',0,2300,0,'Waterfront',0,6200,,'',0,2300,0,'Waterfront',0,2200,,'',0,6200,0,'Waterfront',0,2100,,'',0,6400,0,'Waterfront',0,2000,,'',0,8500,,'',0,4500,,'',0,8500,,'',0,8500,,'',0,8500,,'',0,4500,0,'Waterfront',0
'809',130003019,62900,4,'',0,1500,4,'',0,7000,4,'',0,1500,4,'',0,1500,4,'',0,1500,4,'',0,5500,4,'',0,1500,4,'',0,1500,4,'',0,1500,4,'',0,5500,4,'',0,1500,4,'',0,1500,4,'',0,1500,4,'',0,5500,4,'',0,1500,4,'',0,1500,4,'',0,1500,4,'',0,5500,4,'',0,1500,4,'',0,1500,4,'',0,1500,4,'',0,5500,4,'',0,1500,4,'',0,1500,4,'',0,1500,4,'',0,5500,4,'',0,1500,4,'',0,1500,4,'',0,1500,4,'',0,5500,4,'',0,1500,4,'',0,1500,4,'',0,1500,4,'',0,5500,4,'',0,1500,4,'',0,1500,4,'',0,1500,4,'',0,5500,4,'',0,1500,4,'',0,1500,4,'',0,1500,4,'',0,5500,4,'',0,1500,4,'',0,1000,4,'',0,2000,4,'',0,5500,4,'',0,1000,4,'',0,2000,4,'',0,6500,4,'',0,2000,4,'',0,2500,4,'',0,6200,4,'',0,2300,4,'',0,8500,4,'',0,8500,4,'',0,4500,4,'',0
'809',130003029,61000,,'',0,1500,0,'Jumbo Gdns',0,2000,0,'Jumbo Gdns',0,5500,,'',0,1500,0,'Jumbo Gdns',0,1500,,'',0,1500,0,'Jumbo Gdns',0,5500,,'',0,1500,0,'Jumbo Gdns',0,1500,,'',0,1500,0,'Jumbo Gdns',0,5500,,'',0,1500,0,'Jumbo Gdns',0,1500,,'',0,1500,0,'Jumbo Gdns',0,5500,,'',0,1500,0,'Jumbo Gdns',0,1500,,'',0,1500,0,'Jumbo Gdns',0,5500,,'',0,1500,0,'Jumbo Gdns',0,1500,,'',0,1500,0,'Jumbo Gdns',0,5500,,'',0,1500,0,'Jumbo Gdns',0,1500,,'',0,1500,0,'Jumbo Gdns',0,5500,,'',0,1500,0,'Jumbo Gdns',0,1500,,'',0,1500,0,'Jumbo Gdns',0,5500,,'',0,1500,0,'Jumbo Gdns',0,1500,,'',0,1500,0,'Jumbo Gdns',0,5500,,'',0,1500,0,'Jumbo Gdns',0,1500,,'',0,1500,0,'Jumbo Gdns',0,5500,,'',0,1500,0,'Jumbo Gdns',0,1500,,'',0,1500,0,'Jumbo Gdns',0,5500,,'',0,1500,0,'Jumbo Gdns',0,2500,,'',0,6300,0,'Waterfront',0,2200,,'',0,2300,0,'Waterfront',0,6200,,'',0,2300,0,'Waterfront',0,2200,,'',0,8500,,'',0,8500,,'',0,8500,,'',0,4500,0,'Waterfront',0
'810',130003019,61900,4,'',0,2000,4,'',0,2000,4,'',0,6000,4,'',0,2000,4,'',0,2000,4,'',0,6000,4,'',0,2000,4,'',0,2000,4,'',0,6000,4,'',0,2000,4,'',0,2000,4,'',0,7000,4,'',0,1500,4,'',0,1500,4,'',0,5500,4,'',0,1500,4,'',0,1500,4,'',0,1500,4,'',0,5500,4,'',0,1500,4,'',0,1500,4,'',0,1500,4,'',0,5500,4,'',0,1500,4,'',0,1500,4,'',0,1500,4,'',0,5500,4,'',0,1500,4,'',0,1500,4,'',0,1500,4,'',0,5500,4,'',0,1500,4,'',0,1500,4,'',0,1500,4,'',0,5500,4,'',0,1500,4,'',0,1500,4,'',0,1500,4,'',0,5500,4,'',0,1500,4,'',0,1000,4,'',0,2000,4,'',0,5500,4,'',0,1000,4,'',0,2000,4,'',0,6500,4,'',0,2000,4,'',0,2500,4,'',0,6200,4,'',0,2300,4,'',0,8500,4,'',0,8500,4,'',0,4500,4,'',0
'810',130003029,60000,0,'Waterfront',0,2000,,'',0,2000,0,'Waterfront',0,6000,,'',0,2000,0,'Waterfront',0,2000,,'',0,6000,0,'Waterfront',0,2000,,'',0,2000,0,'Waterfront',0,6000,,'',0,2000,0,'Waterfront',0,2000,,'',0,6000,,'',0,1500,0,'Jumbo Gdns',0,1500,,'',0,1500,0,'Jumbo Gdns',0,5500,,'',0,1500,0,'Jumbo Gdns',0,1500,,'',0,1500,0,'Jumbo Gdns',0,5500,,'',0,1500,0,'Jumbo Gdns',0,1500,,'',0,1500,0,'Jumbo Gdns',0,5500,,'',0,1500,0,'Jumbo Gdns',0,1500,,'',0,1500,0,'Jumbo Gdns',0,5500,,'',0,1500,0,'Jumbo Gdns',0,1500,,'',0,1500,0,'Jumbo Gdns',0,5500,,'',0,1500,0,'Jumbo Gdns',0,1500,,'',0,1500,0,'Jumbo Gdns',0,5500,,'',0,1500,0,'Jumbo Gdns',0,1500,,'',0,1500,0,'Jumbo Gdns',0,5500,,'',0,1500,0,'Jumbo Gdns',0,2500,,'',0,6300,0,'Waterfront',0,2200,,'',0,2300,0,'Waterfront',0,6200,,'',0,2300,0,'Waterfront',0,2200,,'',0,8500,,'',0,8500,,'',0,8500,,'',0,4500,0,'Waterfront',0
'811',130003019,81900,4,'',0,2000,4,'',0,2000,4,'',0,6000,4,'',0,2000,4,'',0,2000,4,'',0,6000,4,'',0,2000,4,'',0,2000,4,'',0,6000,4,'',0,2000,4,'',0,6600,4,'',0,2200,4,'',0,2300,4,'',0,6200,4,'',0,2300,4,'',0,2200,4,'',0,6300,4,'',0,2200,4,'',0,6300,4,'',0,2200,4,'',0,2300,4,'',0,6200,4,'',0,2300,4,'',0,2200,4,'',0,6200,4,'',0,2200,4,'',0,6200,4,'',0,2100,4,'',0,2400,4,'',0,6100,4,'',0,4500,4,'',0,8500,4,'',0,8500,4,'',0,8500,4,'',0,4500,4,'',0
'811',130003029,82000,,'',0,2000,0,'Waterfront',0,6000,,'',0,2000,0,'Waterfront',0,2000,,'',0,6000,0,'Waterfront',0,2000,,'',0,2000,0,'Waterfront',0,6000,,'',0,2000,0,'Waterfront',0,2300,,'',0,6200,0,'Waterfront',0,2300,,'',0,2200,0,'Waterfront',0,6300,,'',0,2300,0,'Waterfront',0,2200,,'',0,6300,0,'Waterfront',0,2200,,'',0,6300,0,'Waterfront',0,2200,,'',0,2300,0,'Waterfront',0,6200,,'',0,2300,0,'Waterfront',0,2200,,'',0,6200,0,'Waterfront',0,2100,,'',0,6400,0,'Waterfront',0,2000,,'',0,8500,,'',0,4500,,'',0,8500,,'',0,8500,,'',0,8500,,'',0,4500,0,'Waterfront',0
