'828',1019,62500,,'',0,2000,,'',0,7000,,'',0,3000,,'',0,7000,,'',0,3000,,'',0,7000,,'',0,3000,,'',0,7000,,'',0,3000,,'',0,7000,,'',0,3000,,'',0,7000,,'',0,3000,,'',0,7000,,'',0,3000,,'',0,7000,,'',0,3000,,'',0,7000,,'',0,3000,,'',0,7000,,'',0,3000,,'',0,7000,0,'Cowan Only',0,2500,,'',0,8500,,'',0,8500,,'',0,4500,,'',0,8500,,'',0,8500,,'',0,8500,,'',0,4500,0,'Waterfront',0,7700,4,'',0
'828',1029,63000,,'',0,7000,,'',0,3000,,'',0,7000,,'',0,3000,,'',0,7000,,'',0,3000,,'',0,7000,,'',0,3000,,'',0,7000,,'',0,3000,,'',0,7000,,'',0,3000,,'',0,7000,,'',0,3000,,'',0,7000,,'',0,3000,,'',0,7000,,'',0,3000,,'',0,7000,,'',0,3000,,'',0,7000,,'',0,3000,,'',0,2000,0,'Mary Only',0,7500,,'',0,8500,,'',0,4500,,'',0,8500,,'',0,8500,,'',0,8500,,'',0,4500,,'',0,7500,4,'',0
'829',1019,62000,,'',0,8000,,'',0,4000,,'',0,8000,,'',0,8000,,'',0,4000,,'',0,7500,,'',0,3000,,'',0,7000,,'',0,3000,,'',0,7000,,'',0,3000,,'',0,7000,,'',0,3000,,'',0,7000,,'',0,3000,,'',0,7000,,'',0,3000,,'',0,7000,,'',0,3000,,'',0,7000,0,'Cowan Only',0,2500,,'',0,8500,,'',0,8500,,'',0,4500,,'',0,8500,,'',0,8500,,'',0,8500,,'',0,4500,0,'Waterfront',0,7700,4,'',0
'829',1029,62000,,'',0,8000,,'',0,4000,,'',0,8000,,'',0,8000,,'',0,4000,,'',0,8000,,'',0,8000,,'',0,3000,,'',0,7000,,'',0,3000,,'',0,7000,,'',0,3000,,'',0,7000,,'',0,3000,,'',0,7000,,'',0,3000,,'',0,7000,,'',0,3000,,'',0,7000,,'',0,3000,,'',0,2000,0,'Mary Only',0,7500,,'',0,8500,,'',0,4500,,'',0,8500,,'',0,8500,,'',0,8500,,'',0,4500,,'',0,7500,4,'',0
'830',1019,82000,,'',0,8000,,'',0,4000,0,'Waterfront',0,8000,0,'Waterfront',0,8000,0,'Waterfront',0,4300,0,'Waterfront',0,8500,0,'Waterfront',0,8500,0,'Waterfront',0,4500,0,'Waterfront',0,8500,0,'Waterfront',0,8500,0,'Waterfront',0,8500,0,'Waterfront',0,4300,0,'Waterfront',0,200,,'',0,8300,0,'Waterfront',0,8400,0,'Waterfront',0,8500,,'',0,4500,,'',0,8500,,'',0,8500,,'',0,8500,,'',0,4500,0,'Waterfront',0,7700,4,'',0
'830',1029,82000,,'',0,8000,,'',0,4000,,'',0,8000,4,'',0,8000,4,'',0,4300,4,'',0,8500,4,'',0,8500,4,'',0,4500,4,'',0,8500,4,'',0,8500,4,'',0,8500,4,'',0,4300,4,'',0,200,,'',0,8300,4,'',0,8400,4,'',0,8500,,'',0,4500,,'',0,8500,,'',0,8500,,'',0,8500,,'',0,4500,,'',0,7500,4,'',0
'828',4019,63000,,'',0,50000,,'',0
'829',4019,70700,,'',0,23500,4,'',0,20800,,'',0,19700,4,'',0,17300,,'',0
'828',8019,62000,,'',0,3000,,'',0,6500,,'',0,3000,,'',0,7000,,'',0,3000,,'',0,7000,,'',0,3000,,'',0,7000,,'',0,3000,,'',0,7000,,'',0,3000,,'',0,7000,,'',0,3000,,'',0,7000,,'',0,3000,,'',0,7000,,'',0,3000,,'',0,7000,,'',0,3000,,'',0,7000,,'',0,3000,,'',0,7000,,'',0,3500,,'',0,7500,0,'College',0,8500,0,'College',0,4500,0,'College',0,8500,0,'College',0,8500,0,'College',0,8500,0,'College',0
'828',8029,71400,4,'',0,3000,4,'',0,7000,4,'',0,3000,4,'',0,7000,4,'',0,3000,4,'',0,7000,4,'',0,3000,4,'',0,7000,4,'',0,3000,4,'',0,7000,4,'',0,3000,4,'',0,7000,4,'',0,3000,4,'',0,6500,4,'',0,3500,4,'',0,7000,4,'',0,3000,4,'',0,7000,4,'',0,3000,4,'',0,7000,4,'',0,3000,4,'',0,7000,4,'',0,9400,4,'',0,4500,4,'',0,8500,4,'',0,8500,4,'',0,8500,4,'',0,4500,4,'',0
'829',8019,62000,0,'College',0,8000,0,'College',0,4000,0,'College',0,8000,0,'College',0,8000,,'',0,4000,,'',0,7500,,'',0,3000,,'',0,7000,,'',0,3000,,'',0,7000,,'',0,3000,,'',0,7000,,'',0,3000,,'',0,7000,,'',0,3000,,'',0,7000,,'',0,3000,,'',0,7000,,'',0,3000,,'',0,7000,,'',0,3000,,'',0,8000,0,'College',0,8500,0,'College',0,4500,0,'College',0,8500,0,'College',0,8500,0,'College',0,8500,0,'College',0
'829',8029,70000,4,'',0,4000,4,'',0,8000,4,'',0,8000,4,'',0,4000,4,'',0,7500,4,'',0,2900,4,'',0,7000,4,'',0,3000,4,'',0,7000,4,'',0,3000,4,'',0,7000,4,'',0,3000,4,'',0,6500,4,'',0,3500,4,'',0,7000,4,'',0,3000,4,'',0,7000,4,'',0,3000,4,'',0,7000,4,'',0,3000,4,'',0,7000,4,'',0,9400,4,'',0,4500,4,'',0,8500,4,'',0,8500,4,'',0,8500,4,'',0,4500,4,'',0
'830',8019,82000,0,'College',0,8000,0,'College',0,4000,,'',0,8000,,'',0,8000,,'',0,4300,,'',0,8500,,'',0,8500,,'',0,4500,,'',0,8500,,'',0,8500,,'',0,8500,,'',0,4500,,'',0,8300,0,'College',0,8400,0,'College',0,8500,0,'College',0,4500,0,'College',0,8500,0,'College',0,8500,0,'College',0,8500,0,'College',0
'830',8029,90000,4,'',0,4000,4,'',0,8000,4,'',0,3700,4,'',0,8500,4,'',0,8500,4,'',0,8500,4,'',0,4500,4,'',0,8500,4,'',0,8500,4,'',0,8500,4,'',0,4500,4,'',0,8300,4,'',0,8300,4,'',0,8200,4,'',0,4500,4,'',0,8500,4,'',0,8500,4,'',0,8500,4,'',0,4500,4,'',0
'828',10019,65500,4,'',0,7100,4,'',0,3000,4,'',0,7000,4,'',0,3000,4,'',0,7000,4,'',0,3000,4,'',0,7000,4,'',0,3000,4,'',0,7000,4,'',0,3000,4,'',0,7000,4,'',0,3100,4,'',0,7000,4,'',0,3000,4,'',0,7000,4,'',0,3000,4,'',0,7000,4,'',0,3000,4,'',0,7000,4,'',0,3000,4,'',0,7000,4,'',0,2900,4,'',0,6500,4,'',0,8500,4,'',0,4500,4,'',0,8500,4,'',0,8500,4,'',0,8500,4,'',0,4500,4,'',0
'828',10029,62000,,'',0,2500,,'',0,7000,,'',0,3000,,'',0,7000,,'',0,3000,,'',0,7000,,'',0,3000,,'',0,7000,,'',0,3000,,'',0,7000,,'',0,3000,,'',0,7000,,'',0,3000,,'',0,7000,,'',0,3000,,'',0,7000,,'',0,3000,,'',0,7000,,'',0,3000,,'',0,7000,,'',0,3000,,'',0,7000,,'',0,2500,,'',0,8500,,'',0,8500,,'',0,4500,,'',0,8500,,'',0,8500,,'',0,8500,,'',0
'829',10019,65500,4,'',0,8000,4,'',0,8000,4,'',0,4000,4,'',0,8000,4,'',0,9100,4,'',0,3000,4,'',0,7000,4,'',0,3000,4,'',0,7000,4,'',0,3100,4,'',0,7000,4,'',0,3000,4,'',0,7000,4,'',0,3000,4,'',0,7000,4,'',0,3000,4,'',0,7000,4,'',0,3000,4,'',0,7000,4,'',0,2900,4,'',0,6500,4,'',0,8500,4,'',0,4500,4,'',0,8500,4,'',0,8500,4,'',0,8500,4,'',0,4500,4,'',0
'829',10029,62000,,'',0,8000,,'',0,4000,,'',0,8000,,'',0,8000,,'',0,4000,,'',0,7500,,'',0,3000,,'',0,7000,,'',0,3000,,'',0,7000,,'',0,3000,,'',0,7000,,'',0,3000,,'',0,7000,,'',0,3000,,'',0,7000,,'',0,3000,,'',0,7000,,'',0,3000,,'',0,7000,,'',0,2500,,'',0,8500,,'',0,8500,,'',0,4500,,'',0,8500,,'',0,8500,,'',0,8500,,'',0
'830',10019,85500,4,'',0,8000,4,'',0,8000,4,'',0,4000,4,'',0,8000,4,'',0,8900,4,'',0,8500,4,'',0,4500,4,'',0,8500,4,'',0,8500,4,'',0,8500,4,'',0,4500,4,'',0,8100,4,'',0,8100,4,'',0,8400,4,'',0,4400,4,'',0,8500,4,'',0,8500,4,'',0,4500,4,'',0,8500,4,'',0
'830',10029,82000,,'',0,8000,,'',0,4000,,'',0,8000,,'',0,8000,,'',0,4300,,'',0,8500,,'',0,8500,,'',0,4500,,'',0,8500,,'',0,8500,,'',0,8500,,'',0,4500,,'',0,8300,,'',0,8400,,'',0,8500,,'',0,4500,,'',0,8500,,'',0,8500,,'',0,8500,,'',0
'828',12019,62000,0,'Intercity''',0,2400,4,'',0,100,0,'Intercity''',0,6900,4,'',0,100,0,'Intercity''',0,2900,4,'',0,100,0,'Intercity''',0,6900,4,'',0,100,0,'Intercity''',0,2900,4,'',0,100,0,'Intercity''',0,6900,4,'',0,100,0,'Intercity''',0,2900,4,'',0,100,0,'Intercity''',0,6900,4,'',0,100,0,'Intercity''',0,2900,4,'',0,100,0,'Intercity''',0,6900,4,'',0,100,0,'Intercity''',0,2900,4,'',0,100,0,'Intercity''',0,6900,4,'',0,100,0,'Intercity''',0,2900,4,'',0,100,0,'Intercity''',0,6900,4,'',0,100,0,'Intercity''',0,2900,4,'',0,100,0,'Intercity''',0,6900,4,'',0,100,0,'Intercity''',0,2900,4,'',0,100,0,'Intercity''',0,6900,4,'',0,100,0,'Intercity''',0,2900,4,'',0,100,0,'Intercity''',0,6900,4,'',0,100,0,'Intercity''',0,2900,4,'',0,100,0,'Intercity''',0,6900,4,'',0,100,0,'Intercity''',0,2900,4,'',0,600,0,'Intercity''',0,6900,4,'',0,600,0,'Intercity''',0,2900,4,'',0
'829',12019,62000,0,'Intercity''',0,2900,4,'',0,5100,0,'Intercity''',0,2900,4,'',0,1100,0,'Intercity''',0,6900,4,'',0,1100,0,'Intercity''',0,2900,4,'',0,5100,0,'Intercity''',0,2900,4,'',0,1100,0,'Intercity''',0,6900,4,'',0,600,0,'Intercity''',0,2900,4,'',0,100,0,'Intercity''',0,6900,4,'',0,100,0,'Intercity''',0,2900,4,'',0,100,0,'Intercity''',0,6900,4,'',0,100,0,'Intercity''',0,2900,4,'',0,100,0,'Intercity''',0,6900,4,'',0,100,0,'Intercity''',0,2900,4,'',0,100,0,'Intercity''',0,6900,4,'',0,100,0,'Intercity''',0,2900,4,'',0,100,0,'Intercity''',0,6900,4,'',0,100,0,'Intercity''',0,2900,4,'',0,100,0,'Intercity''',0,6900,4,'',0,100,0,'Intercity''',0,2900,4,'',0,100,0,'Intercity''',0,6900,4,'',0,100,0,'Intercity''',0,2900,4,'',0,100,0,'Intercity''',0,6900,4,'',0,1100,0,'Intercity''',0,2900,4,'',0
'828',14019,63900,4,'',0,7200,4,'',0,3000,4,'',0,7000,4,'',0,3000,4,'',0,7000,4,'',0,3000,4,'',0,7000,4,'',0,3000,4,'',0,7000,4,'',0,3000,4,'',0,7100,4,'',0,3000,4,'',0,7000,4,'',0,3000,4,'',0,7000,4,'',0,3000,4,'',0,7000,4,'',0,3000,4,'',0,7000,4,'',0,3000,4,'',0,7000,4,'',0,2800,4,'',0,7200,4,'',0,2900,4,'',0,6500,4,'',0,4500,4,'',0,8300,4,'',0,8500,4,'',0,8500,4,'',0,4500,4,'',0
'828',14029,61000,,'',0,2000,,'',0,7000,,'',0,3000,,'',0,7000,,'',0,3000,,'',0,7000,,'',0,3000,,'',0,7000,,'',0,3000,,'',0,7000,,'',0,3000,,'',0,7000,,'',0,3000,,'',0,7000,,'',0,3000,,'',0,7000,,'',0,3000,,'',0,7000,,'',0,3000,,'',0,7000,,'',0,3000,,'',0,7000,,'',0,3000,,'',0,7000,,'',0,2500,,'',0,8500,,'',0,4500,,'',0,8500,,'',0,8500,,'',0,8500,,'',0
'829',14019,65500,4,'',0,8000,4,'',0,8000,4,'',0,4000,4,'',0,8100,4,'',0,7900,4,'',0,2600,4,'',0,7000,4,'',0,3000,4,'',0,7100,4,'',0,3000,4,'',0,7000,4,'',0,3000,4,'',0,7000,4,'',0,3000,4,'',0,7000,4,'',0,3000,4,'',0,7000,4,'',0,3000,4,'',0,7000,4,'',0,2800,4,'',0,7200,4,'',0,2900,4,'',0,6500,4,'',0,4500,4,'',0,8300,4,'',0,8500,4,'',0,8500,4,'',0,4500,4,'',0
'829',14029,62000,,'',0,8000,,'',0,4000,,'',0,8000,,'',0,8000,,'',0,4000,,'',0,6000,,'',0,3000,,'',0,7000,,'',0,3000,,'',0,7000,,'',0,3000,,'',0,7000,,'',0,3000,,'',0,7000,,'',0,3000,,'',0,7000,,'',0,3000,,'',0,7000,,'',0,3000,,'',0,7000,,'',0,3000,,'',0,7000,,'',0,2500,,'',0,8500,,'',0,4500,,'',0,8500,,'',0,8500,,'',0,8500,,'',0
'830',14019,85500,4,'',0,8100,4,'',0,8000,4,'',0,4000,4,'',0,8000,4,'',0,8700,4,'',0,8500,4,'',0,4500,4,'',0,8500,4,'',0,8500,4,'',0,8500,4,'',0,4500,4,'',0,8400,4,'',0,8100,4,'',0,8400,4,'',0,4500,4,'',0,8300,4,'',0,8500,4,'',0,8500,4,'',0,4500,4,'',0
'830',14029,82000,,'',0,8000,,'',0,4000,,'',0,8000,,'',0,8000,,'',0,4300,,'',0,8500,,'',0,8500,,'',0,4500,,'',0,8500,,'',0,8500,,'',0,8500,,'',0,4500,,'',0,8300,,'',0,8400,,'',0,8500,,'',0,4500,,'',0,8500,,'',0,8500,,'',0,8500,,'',0
'828',16019,64400,4,'',0,7000,4,'',0,3000,4,'',0,7000,4,'',0,3000,4,'',0,7000,4,'',0,3000,4,'',0,7000,4,'',0,3000,4,'',0,7000,4,'',0,3000,4,'',0,7000,4,'',0,3000,4,'',0,7000,4,'',0,3000,4,'',0,7000,4,'',0,3000,4,'',0,7000,4,'',0,3000,4,'',0,7000,4,'',0,3000,4,'',0,7000,4,'',0,3000,4,'',0
'828',16029,62000,,'',0,2500,,'',0,7000,,'',0,3000,,'',0,7000,,'',0,3000,,'',0,7000,,'',0,3000,,'',0,7000,,'',0,3000,,'',0,7000,,'',0,3000,,'',0,7000,,'',0,3000,,'',0,7000,,'',0,3000,,'',0,7000,,'',0,3000,,'',0,7000,,'',0,3000,,'',0,7000,,'',0,3000,,'',0,7000,,'',0,3500,,'',0
'829',16019,63900,4,'',0,8000,4,'',0,4000,4,'',0,8000,4,'',0,8000,4,'',0,4000,4,'',0,8500,4,'',0,7000,4,'',0,3000,4,'',0,7000,4,'',0,3000,4,'',0,7000,4,'',0,3000,4,'',0,7000,4,'',0,3000,4,'',0,7000,4,'',0,3000,4,'',0,7000,4,'',0,3000,4,'',0,7000,4,'',0,3000,4,'',0
'829',16029,62000,,'',0,8000,,'',0,4000,,'',0,8000,,'',0,8000,,'',0,4000,,'',0,7500,,'',0,3000,,'',0,7000,,'',0,3000,,'',0,7000,,'',0,3000,,'',0,7000,,'',0,3000,,'',0,7000,,'',0,3000,,'',0,7000,,'',0,3000,,'',0,7000,,'',0,3000,,'',0,7000,,'',0,3000,,'',0
'828',130003019,62900,4,'',0,1500,4,'',0,7000,4,'',0,1500,4,'',0,1500,4,'',0,1500,4,'',0,5500,4,'',0,1500,4,'',0,1500,4,'',0,1500,4,'',0,5500,4,'',0,1500,4,'',0,1500,4,'',0,1500,4,'',0,5500,4,'',0,1500,4,'',0,1500,4,'',0,1500,4,'',0,5500,4,'',0,1500,4,'',0,1500,4,'',0,1500,4,'',0,5500,4,'',0,1500,4,'',0,1500,4,'',0,1500,4,'',0,5500,4,'',0,1500,4,'',0,1500,4,'',0,1500,4,'',0,5500,4,'',0,1500,4,'',0,1500,4,'',0,1500,4,'',0,5500,4,'',0,1500,4,'',0,1500,4,'',0,1500,4,'',0,5500,4,'',0,1500,4,'',0,1500,4,'',0,1500,4,'',0,5500,4,'',0,1500,4,'',0,1000,4,'',0,2000,4,'',0,5500,4,'',0,1000,4,'',0,2000,4,'',0,6500,4,'',0,2000,4,'',0,2500,4,'',0,6200,4,'',0,2300,4,'',0,8500,4,'',0,8500,4,'',0,4500,4,'',0
'828',130003029,61000,,'',0,1500,0,'Jumbo Gdns',0,2000,0,'Jumbo Gdns',0,5500,,'',0,1500,0,'Jumbo Gdns',0,1500,,'',0,1500,0,'Jumbo Gdns',0,5500,,'',0,1500,0,'Jumbo Gdns',0,1500,,'',0,1500,0,'Jumbo Gdns',0,5500,,'',0,1500,0,'Jumbo Gdns',0,1500,,'',0,1500,0,'Jumbo Gdns',0,5500,,'',0,1500,0,'Jumbo Gdns',0,1500,,'',0,1500,0,'Jumbo Gdns',0,5500,,'',0,1500,0,'Jumbo Gdns',0,1500,,'',0,1500,0,'Jumbo Gdns',0,5500,,'',0,1500,0,'Jumbo Gdns',0,1500,,'',0,1500,0,'Jumbo Gdns',0,5500,,'',0,1500,0,'Jumbo Gdns',0,1500,,'',0,1500,0,'Jumbo Gdns',0,5500,,'',0,1500,0,'Jumbo Gdns',0,1500,,'',0,1500,0,'Jumbo Gdns',0,5500,,'',0,1500,0,'Jumbo Gdns',0,1500,,'',0,1500,0,'Jumbo Gdns',0,5500,,'',0,1500,0,'Jumbo Gdns',0,1500,,'',0,1500,0,'Jumbo Gdns',0,5500,,'',0,1500,0,'Jumbo Gdns',0,2500,,'',0,6300,0,'Waterfront',0,2200,,'',0,2300,0,'Waterfront',0,6200,,'',0,2300,0,'Waterfront',0,2200,,'',0,8500,,'',0,8500,,'',0,8500,,'',0,4500,0,'Waterfront',0
'829',130003019,61900,4,'',0,2000,4,'',0,2000,4,'',0,6000,4,'',0,2000,4,'',0,2000,4,'',0,6000,4,'',0,2000,4,'',0,2000,4,'',0,6000,4,'',0,2000,4,'',0,2000,4,'',0,7000,4,'',0,1500,4,'',0,1500,4,'',0,5500,4,'',0,1500,4,'',0,1500,4,'',0,1500,4,'',0,5500,4,'',0,1500,4,'',0,1500,4,'',0,1500,4,'',0,5500,4,'',0,1500,4,'',0,1500,4,'',0,1500,4,'',0,5500,4,'',0,1500,4,'',0,1500,4,'',0,1500,4,'',0,5500,4,'',0,1500,4,'',0,1500,4,'',0,1500,4,'',0,5500,4,'',0,1500,4,'',0,1500,4,'',0,1500,4,'',0,5500,4,'',0,1500,4,'',0,1000,4,'',0,2000,4,'',0,5500,4,'',0,1000,4,'',0,2000,4,'',0,6500,4,'',0,2000,4,'',0,2500,4,'',0,6200,4,'',0,2300,4,'',0,8500,4,'',0,8500,4,'',0,4500,4,'',0
'829',130003029,60000,0,'Waterfront',0,2000,,'',0,2000,0,'Waterfront',0,6000,,'',0,2000,0,'Waterfront',0,2000,,'',0,6000,0,'Waterfront',0,2000,,'',0,2000,0,'Waterfront',0,6000,,'',0,2000,0,'Waterfront',0,2000,,'',0,6000,,'',0,1500,0,'Jumbo Gdns',0,1500,,'',0,1500,0,'Jumbo Gdns',0,5500,,'',0,1500,0,'Jumbo Gdns',0,1500,,'',0,1500,0,'Jumbo Gdns',0,5500,,'',0,1500,0,'Jumbo Gdns',0,1500,,'',0,1500,0,'Jumbo Gdns',0,5500,,'',0,1500,0,'Jumbo Gdns',0,1500,,'',0,1500,0,'Jumbo Gdns',0,5500,,'',0,1500,0,'Jumbo Gdns',0,1500,,'',0,1500,0,'Jumbo Gdns',0,5500,,'',0,1500,0,'Jumbo Gdns',0,1500,,'',0,1500,0,'Jumbo Gdns',0,5500,,'',0,1500,0,'Jumbo Gdns',0,1500,,'',0,1500,0,'Jumbo Gdns',0,5500,,'',0,1500,0,'Jumbo Gdns',0,2500,,'',0,6300,0,'Waterfront',0,2200,,'',0,2300,0,'Waterfront',0,6200,,'',0,2300,0,'Waterfront',0,2200,,'',0,8500,,'',0,8500,,'',0,8500,,'',0,4500,0,'Waterfront',0
'830',130003019,81900,4,'',0,2000,4,'',0,2000,4,'',0,6000,4,'',0,2000,4,'',0,2000,4,'',0,6000,4,'',0,2000,4,'',0,2000,4,'',0,6000,4,'',0,2000,4,'',0,6600,4,'',0,2200,4,'',0,2300,4,'',0,6200,4,'',0,2300,4,'',0,2200,4,'',0,6300,4,'',0,2200,4,'',0,6300,4,'',0,2200,4,'',0,2300,4,'',0,6200,4,'',0,2300,4,'',0,2200,4,'',0,6200,4,'',0,2200,4,'',0,6200,4,'',0,2100,4,'',0,2400,4,'',0,6100,4,'',0,4500,4,'',0,8500,4,'',0,8500,4,'',0,8500,4,'',0,4500,4,'',0
'830',130003029,82000,,'',0,2000,0,'Waterfront',0,6000,,'',0,2000,0,'Waterfront',0,2000,,'',0,6000,0,'Waterfront',0,2000,,'',0,2000,0,'Waterfront',0,6000,,'',0,2000,0,'Waterfront',0,2300,,'',0,6200,0,'Waterfront',0,2300,,'',0,2200,0,'Waterfront',0,6300,,'',0,2300,0,'Waterfront',0,2200,,'',0,6300,0,'Waterfront',0,2200,,'',0,6300,0,'Waterfront',0,2200,,'',0,2300,0,'Waterfront',0,6200,,'',0,2300,0,'Waterfront',0,2200,,'',0,6200,0,'Waterfront',0,2100,,'',0,6400,0,'Waterfront',0,2000,,'',0,8500,,'',0,4500,,'',0,8500,,'',0,8500,,'',0,8500,,'',0,4500,0,'Waterfront',0
