109,1150,1,0
109,1152,2,0
109,1153,3,0
109,1154,4,0
109,1155,5,0
109,1157,6,0
109,1158,7,0
109,1159,8,0
109,1160,9,0
109,1161,10,0
109,1162,11,0
109,1163,12,0
109,1165,13,0
109,1166,14,0
109,1167,15,0
109,1168,16,0
109,1169,17,0
109,1170,18,0
109,1171,19,0
109,1172,20,0
109,1173,21,0
109,1174,22,0
109,1176,23,0
109,1177,24,0
109,1178,25,0
109,1179,26,0
109,1180,27,0
109,1181,28,0
109,1182,29,0
109,1183,30,0
109,1184,31,0
109,1185,32,0
109,1186,33,0
109,1187,34,0
109,1188,35,0
109,1121,36,0
109,1189,37,0
109,1190,38,0
109,1191,39,0
109,1192,40,0
109,1193,41,0
109,1194,42,0
109,1195,43,0
109,1196,44,0
109,1197,45,0
109,1198,46,0
109,1200,47,0
109,1201,48,0
109,1000,49,0
109,1002,50,0
109,1003,51,0
109,1004,52,0
109,1005,53,0
109,1006,54,0
109,1007,55,0
109,1008,56,0
109,1009,57,0
109,1010,58,0
109,1011,59,0
109,1012,60,0
109,1013,61,0
109,1014,62,0
109,1015,63,0
109,1831,64,0
109,1828,65,0
109,1019,66,0
109,1021,67,0
109,1842,68,0
109,1026,69,0
109,1027,70,0
109,1028,71,0
109,1029,72,0
109,1030,73,0
109,1031,74,0
109,1034,75,0
109,1035,76,0
109,1036,77,0
109,1037,78,0
109,1038,79,0
109,1039,80,0
109,1040,81,0
109,1041,82,0
109,1042,83,0
109,1043,84,0
109,1044,85,0
109,1045,86,0
109,1046,87,0
109,1047,88,0
109,1048,89,0
109,1049,90,0
109,1050,91,0
109,1051,92,0
109,1052,93,0
109,1053,94,0
109,1054,95,0
109,1055,96,0
109,1056,97,0
109,1057,98,0
109,1058,99,0
109,1059,100,0
109,1060,101,0
109,1061,102,0
109,1062,103,0
109,1063,104,0
109,1065,105,0
109,1066,106,0
109,1067,107,0
109,1068,108,0
109,1069,109,0
109,1070,110,0
109,1071,111,0
109,1073,112,0
109,1074,113,0
109,1075,114,0
109,1076,115,0
109,1077,116,0
109,1079,117,0
109,1080,118,0
109,1081,119,0
109,1083,120,0
109,1084,121,0
109,1085,122,0
109,1086,123,0
109,1087,124,0
109,1843,125,0
109,1577,126,0
109,1829,127,0
109,1093,128,0
109,1094,129,0
109,1095,130,0
109,1096,131,0
109,1097,132,0
109,1098,133,0
109,1099,134,0
109,1100,135,0
109,1101,136,0
109,1102,137,0
109,1103,138,0
109,1104,139,0
109,1105,140,0
109,1106,141,0
109,1108,142,0
109,1112,143,0
109,1113,144,0
109,1114,145,0
109,1115,146,0
109,1116,147,0
109,1117,148,0
109,1118,149,0
109,1119,150,0
109,1120,151,0
109,1122,152,0
109,1123,153,0
109,1124,154,0
109,1125,155,0
109,1126,156,0
109,1127,157,0
109,1128,158,0
109,1129,159,0
109,1130,160,0
109,1131,161,0
109,1132,162,0
109,1133,163,0
109,1135,164,0
109,1136,165,0
109,1137,166,0
109,1138,167,0
109,1139,168,0
109,1140,169,0
109,1141,170,0
109,1142,171,0
109,1143,172,0
109,1144,173,0
109,1146,174,0
109,1147,175,0
109,1148,176,1
209,1121,1,0
209,1203,2,0
209,1204,3,0
209,1205,4,0
209,1206,5,0
209,1194,6,0
209,1195,7,0
209,1207,8,0
209,1208,9,0
209,1209,10,0
209,1210,11,0
209,1211,12,0
209,1212,13,0
209,1213,14,0
209,1214,15,0
209,1215,16,0
209,1216,17,0
209,1217,18,0
209,1219,19,0
209,1220,20,0
209,1221,21,0
209,1222,22,0
209,1223,23,0
209,1224,24,0
209,1225,25,0
209,1835,26,0
209,1226,27,0
209,1227,28,0
209,1228,29,0
209,1229,30,0
209,1230,31,0
209,1231,32,0
209,1288,33,0
209,1823,34,0
209,1289,35,0
209,1824,36,0
209,1290,37,0
209,1291,38,0
209,1833,39,0
209,1292,40,0
209,1293,41,0
209,1294,42,0
209,1483,43,0
209,1484,44,0
209,1485,45,0
209,1486,46,0
209,1837,47,0
209,1773,48,0
209,1774,49,0
209,1295,50,0
209,1297,51,0
209,1298,52,0
209,1299,53,0
209,1300,54,0
209,1301,55,0
209,1302,56,0
209,1303,57,0
209,1304,58,0
209,1305,59,0
209,1846,60,0
209,1115,61,0
209,1116,62,0
209,1844,63,0
209,1845,64,0
209,1818,65,1
409,1019,1,0
409,1021,2,0
409,1842,3,0
409,1026,4,0
409,1027,5,0
409,1028,6,0
409,1029,7,0
409,1030,8,0
409,1031,9,0
409,1034,10,0
409,1035,11,0
409,1036,12,0
409,1037,13,0
409,1038,14,0
409,1039,15,0
409,1040,16,0
409,1041,17,0
409,1042,18,0
409,1043,19,0
409,1044,20,0
409,1045,21,0
409,1046,22,0
409,1578,23,0
409,1579,24,0
409,1580,25,0
409,1581,26,0
409,1582,27,0
409,1583,28,0
409,1597,29,0
409,1598,30,0
409,1599,31,0
409,1600,32,0
409,1601,33,0
409,1602,34,0
409,1603,35,0
409,1604,36,0
409,1605,37,0
409,1606,38,0
409,1607,39,0
409,1608,40,0
409,1609,41,0
409,1610,42,0
409,1611,43,0
409,1612,44,0
409,1613,45,0
409,1614,46,0
409,1615,47,0
409,1616,48,0
409,1617,49,0
409,1618,50,0
409,1619,51,0
409,1620,52,0
409,1621,53,0
409,1622,54,0
409,1623,55,0
409,1624,56,0
409,1626,57,0
409,1625,58,0
409,1627,59,0
409,1628,60,0
409,1629,61,0
409,1630,62,0
409,1631,63,0
409,1632,64,0
409,1633,65,0
409,1634,66,0
409,1635,67,0
409,1636,68,0
409,1637,69,0
409,1519,70,0
409,1520,71,0
409,1521,72,0
409,1524,73,0
409,1525,74,0
409,1526,75,0
409,1729,76,0
409,1730,77,0
409,1731,78,0
409,1732,79,0
409,1817,80,0
409,1061,81,0
409,1062,82,0
409,1063,83,0
409,1065,84,0
409,1066,85,0
409,1067,86,0
409,1068,87,0
409,1069,88,0
409,1070,89,0
409,1071,90,0
409,1073,91,0
409,1074,92,0
409,1075,93,0
409,1076,94,0
409,1077,95,0
409,1079,96,0
409,1080,97,0
409,1081,98,0
409,1083,99,0
409,1084,100,0
409,1085,101,0
409,1086,102,0
409,1087,103,0
409,1089,104,0
409,1830,105,0
409,1827,106,1
509,1269,1,0
509,1270,2,0
509,1271,3,0
509,1272,4,0
509,1273,5,0
509,1274,6,0
509,1275,7,0
509,1276,8,0
509,1277,9,0
509,1278,10,0
509,1279,11,0
509,1280,12,0
509,1281,13,0
509,1282,14,0
509,1283,15,0
509,1284,16,0
509,1285,17,0
509,1286,18,0
509,1287,19,0
509,1231,20,0
509,1232,21,0
509,1233,22,0
509,1234,23,0
509,1235,24,0
509,1236,25,0
509,1237,26,0
509,1238,27,0
509,1239,28,0
509,1240,29,0
509,1241,30,0
509,1259,31,0
509,1260,32,0
509,1261,33,0
509,1262,34,0
509,1263,35,0
509,1264,36,0
509,1265,37,0
509,1266,38,0
509,1267,39,0
509,1268,40,1
609,1043,1,0
609,1044,2,0
609,1045,3,0
609,1046,4,0
609,1578,5,0
609,1579,6,0
609,1580,7,0
609,1581,8,0
609,1582,9,0
609,1583,10,0
609,1584,11,0
609,1585,12,0
609,1586,13,0
609,1587,14,0
609,1588,15,0
609,1589,16,0
609,1854,17,0
609,1855,18,0
609,1856,19,0
609,1590,20,0
609,1591,21,0
609,1592,22,0
609,1593,23,0
609,1594,24,0
609,1595,25,0
609,1596,26,0
609,1638,27,0
609,1639,28,0
609,1640,29,1
709,1121,1,0
709,1202,2,0
709,1313,3,0
709,1024,4,0
709,1315,5,0
709,1316,6,0
709,1317,7,0
709,1318,8,0
709,1319,9,0
709,1321,10,0
709,1323,11,0
709,1819,12,0
709,1820,13,0
709,1821,14,0
709,1822,15,0
709,1324,16,0
709,1325,17,0
709,1326,18,0
709,1327,19,0
709,1328,20,0
709,1329,21,0
709,1330,22,0
709,1331,23,0
709,1333,24,0
709,1334,25,0
709,1335,26,0
709,1336,27,0
709,1337,28,0
709,1338,29,0
709,1339,30,0
709,1340,31,0
709,1341,32,0
709,1342,33,0
709,1343,34,0
709,1344,35,0
709,1131,36,0
709,1132,37,0
709,1133,38,0
709,1345,39,0
709,1346,40,0
709,1130,41,0
709,1347,42,0
709,1348,43,0
709,1349,44,0
709,1350,45,0
709,1351,46,0
709,1352,47,0
709,1353,48,0
709,1354,49,0
709,1818,50,1
809,1019,1,0
809,1669,2,0
809,1670,3,0
809,1671,4,0
809,1672,5,0
809,1673,6,0
809,1674,7,0
809,1029,8,0
809,1030,9,0
809,1675,10,0
809,1676,11,0
809,1677,12,0
809,1678,13,0
809,1679,14,0
809,1680,15,0
809,1681,16,0
809,1682,17,0
809,1683,18,0
809,1684,19,0
809,1685,20,0
809,1686,21,0
809,1687,22,0
809,1688,23,0
809,1689,24,0
809,1690,25,0
809,1691,26,0
809,1692,27,0
809,1693,28,0
809,1694,29,0
809,1695,30,0
809,1696,31,0
809,1697,32,0
809,1698,33,0
809,1699,34,0
809,1700,35,0
809,1701,36,0
809,1702,37,0
809,1231,38,0
809,1232,39,0
809,1703,40,0
809,1704,41,0
809,1705,42,0
809,1706,43,0
809,1707,44,0
809,1708,45,0
809,1489,46,0
809,1490,47,0
809,1491,48,0
809,1003,49,0
809,1004,50,0
809,1005,51,0
809,1006,52,0
809,1757,53,0
809,1758,54,0
809,1760,55,0
809,1761,56,0
809,1709,57,0
809,1710,58,0
809,1711,59,0
809,1712,60,0
809,1713,61,0
809,1714,62,0
809,1715,63,0
809,1716,64,0
809,1569,65,0
809,1566,66,0
809,1287,67,0
809,1717,68,0
809,1718,69,0
809,1719,70,0
809,1720,71,0
809,1721,72,0
809,1722,73,0
809,1723,74,0
809,1724,75,0
809,1725,76,0
809,1726,77,0
809,1727,78,0
809,1728,79,0
809,1729,80,0
809,1730,81,0
809,1731,82,0
809,1732,83,0
809,1733,84,0
809,1734,85,0
809,1735,86,0
809,1736,87,0
809,1737,88,0
809,1738,89,0
809,1739,90,0
809,1740,91,0
809,1741,92,0
809,1742,93,0
809,1081,94,0
809,1743,95,0
809,1744,96,0
809,1745,97,0
809,1746,98,0
809,1747,99,0
809,1748,100,1
909,1121,1,0
909,1202,2,0
909,1203,3,0
909,1355,4,0
909,1356,5,0
909,1461,6,0
909,1462,7,0
909,1463,8,0
909,1464,9,0
909,1465,10,0
909,1466,11,0
909,1467,12,0
909,1468,13,0
909,1469,14,0
909,1470,15,0
909,1471,16,0
909,1472,17,0
909,1473,18,0
909,1474,19,0
909,1475,20,0
909,1476,21,0
909,1853,22,0
909,1478,23,0
909,1480,24,0
909,1481,25,0
909,1482,26,0
909,1292,27,0
909,1293,28,0
909,1222,29,0
909,1223,30,0
909,1294,31,0
909,1483,32,0
909,1484,33,0
909,1485,34,0
909,1486,35,0
909,1487,36,0
909,1488,37,0
909,1489,38,0
909,1490,39,0
909,1491,40,0
909,1003,41,0
909,1004,42,0
909,1005,43,0
909,1006,44,0
909,1757,45,0
909,1758,46,0
909,1760,47,0
909,1761,48,0
909,1709,49,0
909,1710,50,0
909,1711,51,0
909,1769,52,0
909,1770,53,0
909,1771,54,0
909,1772,55,0
909,1773,56,0
909,1774,57,0
909,1220,58,0
909,1221,59,0
909,1224,60,0
909,1225,61,0
909,1775,62,0
909,1776,63,0
909,1777,64,0
909,1778,65,0
909,1852,66,0
909,1779,67,0
909,1780,68,0
909,1781,69,0
909,1782,70,0
909,1783,71,0
909,1784,72,0
909,1785,73,0
909,1786,74,0
909,1787,75,0
909,1788,76,0
909,1789,77,0
909,1791,78,0
909,1352,79,0
909,1353,80,0
909,1354,81,0
909,1818,82,1
1009,1231,1,0
1009,1232,2,0
1009,1233,3,0
1009,1234,4,0
1009,1235,5,0
1009,1655,6,0
1009,1656,7,0
1009,1657,8,0
1009,1658,9,0
1009,1724,10,0
1009,1665,11,0
1009,1666,12,0
1009,1667,13,0
1009,1668,14,0
1009,1239,15,0
1009,1240,16,0
1009,1241,17,0
1009,1242,18,0
1009,1243,19,0
1009,1244,20,0
1009,1848,21,0
1009,1849,22,0
1009,1245,23,0
1009,1246,24,0
1009,1247,25,0
1009,1248,26,0
1009,1249,27,0
1009,1089,28,0
1009,1090,29,0
1009,1577,30,0
1009,1019,31,0
1009,1021,32,0
1009,1022,33,0
1009,1023,34,0
1009,1250,35,0
1009,1251,36,0
1009,1252,37,0
1009,1253,38,0
1009,1255,39,0
1009,1256,40,0
1009,1257,41,0
1009,1258,42,0
1009,1279,43,0
1009,1280,44,0
1009,1281,45,0
1009,1641,46,0
1009,1642,47,0
1009,1643,48,0
1009,1644,49,0
1009,1645,50,0
1009,1646,51,0
1009,1647,52,0
1009,1648,53,0
1009,1649,54,0
1009,1650,55,0
1009,1651,56,0
1009,1652,57,0
1009,1653,58,0
1009,1654,59,0
1009,1284,60,0
1009,1285,61,0
1009,1286,62,1
1109,1121,1,0
1109,1202,2,0
1109,1203,3,0
1109,1204,4,0
1109,1205,5,0
1109,1439,6,0
1109,1440,7,0
1109,1792,8,0
1109,1793,9,0
1109,1794,10,0
1109,1795,11,0
1109,1208,12,0
1109,1209,13,0
1109,1442,14,0
1109,1443,15,0
1109,1444,16,0
1109,1445,17,0
1109,1446,18,0
1109,1447,19,0
1109,1448,20,0
1109,1449,21,0
1109,1450,22,0
1109,1451,23,0
1109,1452,24,0
1109,1453,25,0
1109,1454,26,0
1109,1455,27,0
1109,1456,28,0
1109,1457,29,0
1109,1458,30,0
1109,1459,31,0
1109,1460,32,0
1109,1304,33,0
1109,1305,34,0
1109,1306,35,0
1109,1307,36,0
1109,1308,37,0
1109,1309,38,0
1109,1310,39,0
1109,1311,40,0
1109,1312,41,0
1109,1818,42,1
1209,1019,1,0
1209,1021,2,0
1209,1022,3,0
1209,1539,4,0
1209,1832,5,0
1209,1540,6,0
1209,1541,7,0
1209,1542,8,0
1209,1543,9,0
1209,1544,10,0
1209,1545,11,0
1209,1546,12,0
1209,1547,13,0
1209,1548,14,0
1209,1549,15,0
1209,1550,16,0
1209,1551,17,0
1209,1552,18,0
1209,1553,19,0
1209,1554,20,0
1209,1555,21,0
1209,1556,22,0
1209,1099,23,0
1209,1100,24,0
1209,1101,25,0
1209,1102,26,0
1209,1006,27,0
1209,1007,28,0
1209,1847,29,0
1209,1561,30,0
1209,1562,31,0
1209,1850,32,0
1209,1851,33,0
1209,1576,34,0
1209,1090,35,0
1209,1577,36,1
1309,1423,1,0
1309,1405,2,0
1309,1406,3,0
1309,1407,4,0
1309,1408,5,0
1309,1451,6,0
1309,1452,7,0
1309,1453,8,0
1309,1454,9,0
1309,1455,10,0
1309,1456,11,0
1309,1457,12,0
1309,1458,13,0
1309,1459,14,0
1309,1460,15,0
1309,1304,16,0
1309,1305,17,0
1309,1306,18,0
1309,1307,19,0
1309,1308,20,0
1309,1309,21,0
1309,1310,22,0
1309,1311,23,0
1309,1312,24,0
1309,1818,25,0
1309,1121,26,0
1309,1202,27,0
1309,1203,28,0
1309,1204,29,0
1309,1205,30,0
1309,1439,31,0
1309,1440,32,0
1309,1792,33,0
1309,1793,34,0
1309,1794,35,0
1309,1795,36,0
1309,1208,37,0
1309,1209,38,0
1309,1442,39,0
1309,1443,40,0
1309,1444,41,0
1309,1445,42,0
1309,1446,43,0
1309,1447,44,0
1309,1815,45,0
1309,1816,46,0
1309,1409,47,0
1309,1410,48,0
1309,1412,49,0
1309,1413,50,0
1309,1414,51,0
1309,1415,52,0
1309,1416,53,0
1309,1417,54,0
1309,1418,55,0
1309,1419,56,0
1309,1420,57,0
1309,1421,58,0
1309,1422,59,1
1409,1522,1,0
1409,1524,2,0
1409,1525,3,0
1409,1526,4,0
1409,1527,5,0
1409,1528,6,0
1409,1529,7,0
1409,1530,8,0
1409,1531,9,0
1409,1533,10,0
1409,1535,11,0
1409,1536,12,0
1409,1537,13,0
1409,1538,14,0
1409,1091,15,0
1409,1019,16,0
1409,1492,17,0
1409,1493,18,0
1409,1494,19,0
1409,1495,20,0
1409,1496,21,0
1409,1497,22,0
1409,1498,23,0
1409,1499,24,0
1409,1500,25,0
1409,1501,26,0
1409,1502,27,0
1409,1278,28,0
1409,1504,29,0
1409,1505,30,0
1409,1506,31,0
1409,1260,32,0
1409,1507,33,0
1409,1508,34,0
1409,1509,35,0
1409,1510,36,0
1409,1511,37,0
1409,1512,38,0
1409,1513,39,0
1409,1514,40,0
1409,1515,41,0
1409,1518,42,0
1409,1519,43,0
1409,1520,44,0
1409,1521,45,1
1609,1019,1,0
1609,1836,2,0
1609,1834,3,0
1609,1539,4,0
1609,1832,5,0
1609,1838,6,0
1609,1839,7,0
1609,1840,8,0
1609,1841,9,0
1609,1565,10,0
1609,1566,11,0
1609,1287,12,0
1609,1231,13,0
1609,1232,14,0
1609,1703,15,0
1609,1570,16,0
1609,1571,17,0
1609,1572,18,0
1609,1573,19,0
1609,1574,20,0
1609,1575,21,0
1609,1576,22,0
1609,1830,23,0
1609,1827,24,1
3000309,1390,1,0
3000309,1391,2,0
3000309,1392,3,0
3000309,1393,4,0
3000309,1394,5,0
3000309,1395,6,0
3000309,1396,7,0
3000309,1397,8,0
3000309,1398,9,0
3000309,1399,10,0
3000309,1400,11,0
3000309,1401,12,0
3000309,1402,13,0
3000309,1422,14,0
3000309,1423,15,0
3000309,1425,16,0
3000309,1426,17,0
3000309,1427,18,0
3000309,1428,19,0
3000309,1429,20,0
3000309,1430,21,0
3000309,1431,22,0
3000309,1432,23,0
3000309,1433,24,0
3000309,1434,25,0
3000309,1435,26,0
3000309,1436,27,0
3000309,1437,28,0
3000309,1438,29,0
3000309,1312,30,0
3000309,1818,31,0
3000309,1121,32,0
3000309,1202,33,0
3000309,1203,34,0
3000309,1355,35,0
3000309,1356,36,0
3000309,1357,37,0
3000309,1358,38,0
3000309,1359,39,0
3000309,1360,40,0
3000309,1361,41,0
3000309,1362,42,0
3000309,1363,43,0
3000309,1364,44,0
3000309,1367,45,0
3000309,1368,46,0
3000309,1369,47,0
3000309,1370,48,0
3000309,1371,49,0
3000309,1372,50,0
3000309,1373,51,0
3000309,1374,52,0
3000309,1375,53,0
3000309,1376,54,0
3000309,1377,55,0
3000309,1378,56,0
3000309,1379,57,0
3000309,1380,58,0
3000309,1381,59,0
3000309,1382,60,0
3000309,1383,61,0
3000309,1384,62,0
3000309,1385,63,0
3000309,1386,64,0
3000309,1387,65,0
3000309,1388,66,0
3000309,1389,67,1
10000309,1418,1,0
10000309,1419,2,0
10000309,1420,3,0
10000309,1421,4,0
10000309,1422,5,0
10000309,1423,6,0
10000309,1425,7,0
10000309,1426,8,0
10000309,1427,9,0
10000309,1428,10,0
10000309,1429,11,0
10000309,1430,12,0
10000309,1365,13,0
10000309,1366,14,0
10000309,1431,15,0
10000309,1432,16,0
10000309,1433,17,0
10000309,1434,18,0
10000309,1435,19,0
10000309,1436,20,0
10000309,1437,21,0
10000309,1438,22,0
10000309,1312,23,0
10000309,1818,24,0
10000309,1121,25,0
10000309,1202,26,0
10000309,1203,27,0
10000309,1355,28,0
10000309,1356,29,0
10000309,1357,30,0
10000309,1358,31,0
10000309,1359,32,0
10000309,1360,33,0
10000309,1361,34,0
10000309,1362,35,0
10000309,1363,36,0
10000309,1364,37,0
10000309,1367,38,0
10000309,1368,39,0
10000309,1369,40,0
10000309,1370,41,0
10000309,1371,42,0
10000309,1372,43,0
10000309,1403,44,0
10000309,1404,45,0
10000309,1405,46,0
10000309,1406,47,0
10000309,1407,48,0
10000309,1408,49,0
10000309,1409,50,0
10000309,1410,51,0
10000309,1412,52,0
10000309,1413,53,0
10000309,1414,54,0
10000309,1415,55,0
10000309,1416,56,0
10000309,1417,57,1
13000309,1019,1,0
13000309,1836,2,0
13000309,1749,3,0
13000309,1750,4,0
13000309,1751,5,0
13000309,1753,6,0
13000309,1754,7,0
13000309,1755,8,0
13000309,1756,9,0
13000309,1103,10,0
13000309,1757,11,0
13000309,1758,12,0
13000309,1760,13,0
13000309,1761,14,0
13000309,1762,15,0
13000309,1763,16,0
13000309,1764,17,0
13000309,1765,18,0
13000309,1766,19,0
13000309,1767,20,0
13000309,1768,21,0
13000309,1306,22,0
13000309,1307,23,0
13000309,1308,24,0
13000309,1309,25,0
13000309,1310,26,0
13000309,1311,27,0
13000309,1312,28,0
13000309,1818,29,0
13000309,1121,30,0
13000309,1202,31,0
13000309,1203,32,0
13000309,1355,33,0
13000309,1356,34,0
13000309,1814,35,0
13000309,1792,36,0
13000309,1793,37,0
13000309,1794,38,0
13000309,1795,39,0
13000309,1796,40,0
13000309,1797,41,0
13000309,1798,42,0
13000309,1799,43,0
13000309,1801,44,0
13000309,1800,45,0
13000309,1802,46,0
13000309,1803,47,0
13000309,1804,48,0
13000309,1805,49,0
13000309,1005,50,0
13000309,1006,51,0
13000309,1806,52,0
13000309,1808,53,0
13000309,1809,54,0
13000309,1810,55,0
13000309,1812,56,0
13000309,1827,57,1
