11019,'1039',626,,19455,18,,,0,30,,19456,18,,,0,70,,19457,18,,,0,30,,19458,18,,,0,70,,19459,18,,,0,30,,19460,18,,,0,70,,19461,18,,,0,30,,19462,18,,,0,70,,19439,18,,,0,30,,19440,18,,,0,70,,19441,18,,,0,30,,19442,18,,,0,70,,19443,18,,,0,30,,19444,18,,,0,70,,19445,18,,,0,30,,19446,18,,,0,70,,19447,18,,,0,30,,19448,18,,,0,70,,19449,18,,,0,30,,19450,18,,,0,70,,19451,18,,,0,30,,19452,18,,,0,70,,19453,18,,,0,30,,19454,18,,,0,70,,19464,18,,,0,30,,19463,18,,,0
11019,'1040',1026,,19465,18,,,0,30,,19466,18,,,0,70,,19467,18,,,0,30,,19468,18,,,0,70,,19469,18,,,0,30,,19470,18,,,0,70,,19471,18,,,0,30,,19472,18,,,0,70,,19473,18,,,0,30,,19474,18,,,0,70,,19475,18,,,0,30,,19476,18,,,0,70,,19477,18,,,0,30,,19478,18,,,0,70,,19479,18,,,0,30,,19480,18,,,0,70,,19481,18,,,0,30,,19482,18,,,0
13029,'1038',906,,19633,22,,,0,40,,19634,22,,,0,80,,19635,22,,,0,80,,19636,22,,,0,46,,19637,22,,,0,85,,19638,22,,,0,85,,19639,22,,,0,85,,19640,22,,,0,45,,19641,22,,,0,85,,19642,22,,,0,85,,19643,22,,,0,85,,19644,22,,,0,45,,19645,22,,,0,85,,19646,22,,,0,85,,19647,22,,,0,83,,19648,22,,,0,44,,19649,22,,,0,85,,19650,22,,,0,85,,19651,22,,,0
13029,'1039',1937,,19657,22,,,0,85,,19652,22,,,0,85,,19653,22,,,0,44,,19655,22,,,0,83,,19654,22,,,0,85,,19656,22,,,0
13029,'1040',633,,19658,22,,,0,80,,19659,22,,,0,40,,19660,22,,,0,80,,19661,22,,,0,81,,19662,22,,,0,40,,19663,22,,,0,982,,19664,22,,,0,85,,19665,22,,,0,85,,19666,22,,,0,45,,19667,22,,,0,85,,19668,22,,,0,85,,19669,22,,,0
13029,'996',906,,19670,22,,,0,40,,19671,22,,,0,80,,19672,22,,,0,80,,19673,22,,,0,46,,19674,22,,,0,85,,19675,22,,,0,85,,19676,22,,,0,85,,19677,22,,,0,45,,19678,22,,,0,85,,19679,22,,,0,85,,19680,22,,,0,85,,19681,22,,,0,45,,19682,22,,,0,85,,19683,22,,,0,85,,19684,22,,,0,83,,19685,22,,,0,44,,19686,22,,,0,85,,19687,22,,,0,85,,19688,22,,,0
130003029,'1035',846,,21085,26,0,9,0,80,,21091,26,0,9,0,80,,21088,26,0,9,0,42,,21089,26,0,9,0,83,,21087,26,0,9,0,87,,21090,26,0,9,0,85,,21086,26,0,9,0,45,,21079,26,0,9,0,85,,21080,26,0,9,0,85,,21081,26,0,9,0,85,,21082,26,0,9,0,45,,21083,26,0,9,0,85,,21084,26,0,9,0,86,,21092,26,0,9,0
130003029,'1038',826,,21093,26,,,0,80,,21094,26,,,0,40,,21095,26,,,0,80,,21096,26,,,0,83,,21097,26,,,0,47,,21098,26,,,0,85,,21099,26,,,0,85,,21100,26,,,0,85,,21101,26,,,0,45,,21102,26,,,0,85,,21103,26,,,0,85,,21104,26,,,0,85,,21105,26,,,0,46,,21106,26,,,0,85,,21112,26,,,0,85,,21107,26,,,0,85,,21108,26,,,0,45,,21109,26,,,0,85,,21110,26,,,0,85,,21111,26,,,0,83,,21113,26,0,9,0
130003029,'1039',626,,21155,26,,,0,15,,21156,26,0,10 11,0,67,,21157,27,0,10 11,0,15,,21158,27,,,0,15,,21159,27,0,10 11,0,15,,21160,27,,,0,55,,21161,27,0,10 11,0,15,,21162,27,,,0,15,,21163,27,0,10 11,0,15,,21164,27,,,0,55,,21165,27,0,10 11,0,15,,21166,27,,,0,15,,21167,27,0,10 11,0,15,,21168,27,,,0,55,,21169,27,0,10 11,0,15,,21114,27,,,0,15,,21115,27,0,10 11,0,15,,21116,27,,,0,55,,21117,27,0,10 11,0,15,,21118,27,,,0,15,,21119,27,0,10 11,0,15,,21120,27,,,0,55,,21121,27,0,10 11,0,15,,21122,27,,,0,15,,21123,27,0,10 11,0,15,,21124,27,,,0,55,,21125,27,0,10 11,0,15,,21126,27,,,0,15,,21127,27,0,10 11,0,15,,21128,27,,,0,55,,21129,27,0,10 11,0,15,,21130,27,,,0,15,,21131,27,0,10 11,0,15,,21132,27,,,0,55,,21133,27,0,10 11,0,15,,21134,27,,,0,15,,21135,27,0,10 11,0,15,,21136,27,,,0,55,,21137,27,0,10 11,0,15,,21138,27,,,0,15,,21139,27,0,10 11,0,15,,21140,27,,,0,55,,21141,27,0,10 11,0,15,,21142,27,,,0,15,,21143,27,0,10 11,0,15,,21144,27,,,0,58,,21152,27,0,10 11,0,15,,21151,27,,,0,15,,21153,27,0,10 11,0,15,,21145,27,,,0,48,,21154,26,0,9,0,15,,21149,26,0,9,0,22,,21170,26,,,0,63,,21148,26,0,9,0,22,,21171,26,,,0,23,,21147,26,0,9,0,62,,21172,26,,,0,23,,21146,26,0,9,0,22,,21174,26,,,0,63,,21176,26,0,9,0,22,,21150,26,,,0,82,,21173,26,0,9,0,81,,21175,26,0,9,0,39,,21177,26,0,9,0
130003029,'1040',616,,21178,26,0,9,0,20,,21179,26,,,0,20,,21180,26,0,9,0,60,,21181,26,,,0,20,,21182,26,0,9,0,20,,21183,26,,,0,60,,21184,26,0,9,0,20,,21185,26,,,0,20,,21186,26,0,9,0,60,,21187,26,,,0,20,,21188,26,0,9,0,20,,21189,26,,,0,70,,21190,27,,,0,15,,21191,27,0,10 11,0,15,,21192,27,,,0,55,,21193,27,0,10 11,0,15,,21194,27,,,0,15,,21195,27,0,10 11,0,15,,21196,27,,,0,55,,21197,27,0,10 11,0,15,,21198,27,,,0,15,,21199,27,0,10 11,0,15,,21200,27,,,0,55,,21201,27,0,10 11,0,15,,21202,27,,,0,15,,21203,27,0,10 11,0,15,,21204,27,,,0,55,,21205,27,0,10 11,0,15,,21206,27,,,0,15,,21207,27,0,10 11,0,15,,21208,27,,,0,55,,21209,27,0,10 11,0,15,,21210,27,,,0,15,,21211,27,0,10 11,0,15,,21212,27,,,0,55,,21213,27,0,10 11,0,15,,21214,27,,,0,15,,21215,27,0,10 11,0,15,,21216,27,,,0,55,,21217,27,0,10 11,0,15,,21218,27,,,0,15,,21219,27,0,10 11,0,15,,21236,27,,,0,55,,21237,27,0,10 11,0,15,,21231,27,,,0,15,,21232,27,0,10 11,0,15,,21234,27,,,0,48,,21235,26,0,9,0,15,,21233,26,0,9,0,22,,21238,26,,,0,63,,21225,26,0,9,0,22,,21220,26,,,0,23,,21226,26,0,9,0,62,,21221,26,,,0,23,,21227,26,0,9,0,22,,21222,26,,,0,63,,21228,26,0,9,0,22,,21223,26,,,0,82,,21224,26,0,9,0,82,,21229,26,0,9,0,39,,21230,26,0,9,0
130003029,'996',826,,21239,26,,,0,20,,21264,26,0,9,0,60,,21240,26,,,0,20,,21270,26,0,9,0,20,,21241,26,,,0,60,,21267,26,0,9,0,20,,21242,26,,,0,22,,21268,26,0,9,0,61,,21243,26,,,0,22,,21266,26,0,9,0,25,,21244,26,,,0,62,,21269,26,0,9,0,23,,21245,26,,,0,62,,21265,26,0,9,0,23,,21246,26,,,0,22,,21247,26,0,9,0,63,,21248,26,,,0,22,,21249,26,0,9,0,23,,21250,26,,,0,62,,21251,26,0,9,0,23,,21252,26,,,0,62,,21253,26,0,9,0,23,,21254,26,,,0,22,,21255,26,0,9,0,63,,21256,26,,,0,22,,21257,26,0,9,0,24,,21258,26,,,0,62,,21272,26,0,9,0,23,,21271,26,,,0,85,,21259,26,,,0,85,,21260,26,,,0,45,,21261,26,,,0,85,,21262,26,,,0,85,,21263,26,,,0,83,,21273,26,0,9,0
