1019,'1038',759,,17931,17,,,0,80,,17932,17,,,0,20,,17952,17,,,0,60,,17933,17,,,0,20,,17934,17,,,0,20,,17954,17,,,0,60,,17935,17,,,0,20,,17956,17,,,0,64,,17936,17,,,0,22,,17958,17,,,0,23,,17937,17,,,0,62,,17953,17,,,0,23,,17938,17,,,0,22,,17955,17,,,0,63,,17939,17,,,0,22,,17957,17,,,0,63,,17940,17,,,0,22,,17959,17,,,0,23,,17941,17,,,0,62,,17960,17,,,0,23,,17942,17,,,0,22,,17961,17,,,0,63,,17943,17,,,0,22,,17962,17,,,0,63,,17944,17,,,0,22,,17963,17,,,0,23,,17964,17,,,0,62,,17945,17,,,0,22,,17965,17,,,0,22,,17946,17,,,0,85,,17948,17,,,0,85,,17947,17,,,0,85,,17949,17,,,0,45,,17951,17,,,0,85,,17950,17,,,0,83,,17966,17,,,0
1019,'1039',611,,17967,17,,,0,30,,17968,17,,,0,70,,17969,17,,,0,30,,17970,17,,,0,70,,17971,17,,,0,30,,17972,17,,,0,70,,17973,17,,,0,30,,17974,17,,,0,70,,17975,17,,,0,30,,17976,17,,,0,70,,17977,17,,,0,30,,17978,17,,,0,70,,17979,17,,,0,30,,17980,17,,,0,70,,17981,17,,,0,30,,17982,17,,,0,70,,17983,17,,,0,30,,17984,17,,,0,70,,17985,17,,,0,30,,17986,17,,,0,70,,17987,17,,,0,30,,17988,17,,,0,70,,17989,17,,,0,30,,17990,17,,,0,70,,17991,17,,,0,30,,17993,17,,,0,68,,18000,17,,,0,45,,17995,17,,,0,85,,17994,17,,,0,85,,17996,17,,,0,85,,17997,17,,,0,45,,17998,17,,,0,85,,17992,17,,,0,77,,17999,17,,,0
1019,'1040',609,,18001,17,,,0,40,,18002,17,,,0,80,,18003,17,,,0,80,,18004,17,,,0,40,,18005,17,,,0,80,,18006,17,,,0,20,,18033,17,,,0,60,,18031,17,,,0,32,,18011,17,,,0,70,,18010,17,,,0,30,,18013,17,,,0,70,,18012,17,,,0,30,,18015,17,,,0,70,,18014,17,,,0,30,,18017,17,,,0,70,,18016,17,,,0,30,,18019,17,,,0,70,,18018,17,,,0,30,,18021,17,,,0,70,,18020,17,,,0,30,,18023,17,,,0,70,,18022,17,,,0,30,,18009,17,,,0,70,,18024,17,,,0,30,,18032,17,,,0,68,,18026,17,,,0,45,,18025,17,,,0,85,,18027,17,,,0,85,,18029,17,,,0,85,,18028,17,,,0,43,,18007,17,,,0,85,,18030,17,,,0,80,,18008,17,,,0
1019,'996',759,,18034,17,,,0,80,,18035,17,,,0,20,,18055,17,,,0,60,,18036,17,,,0,20,,18037,17,,,0,20,,18057,17,,,0,60,,18038,17,,,0,20,,18059,17,,,0,64,,18039,17,,,0,22,,18061,17,,,0,23,,18040,17,,,0,62,,18056,17,,,0,23,,18041,17,,,0,22,,18058,17,,,0,63,,18042,17,,,0,22,,18060,17,,,0,63,,18043,17,,,0,22,,18062,17,,,0,23,,18044,17,,,0,62,,18063,17,,,0,23,,18045,17,,,0,22,,18064,17,,,0,63,,18046,17,,,0,22,,18065,17,,,0,63,,18047,17,,,0,22,,18066,17,,,0,23,,18067,17,,,0,62,,18048,17,,,0,22,,18068,17,,,0,22,,18049,17,,,0,85,,18051,17,,,0,85,,18050,17,,,0,85,,18052,17,,,0,45,,18054,17,,,0,85,,18053,17,,,0,83,,18069,17,,,0
8019,'1038',1008,,18847,50,0,6,0,40,,18831,50,0,6,0,83,,18832,50,0,6,0,86,,18849,50,0,6,0,85,,18833,50,0,6,0,45,,18850,50,0,6,0,85,,18834,50,0,6,0,85,,18851,50,0,6,0,85,,18835,50,0,6,0,45,,18852,50,0,6,0,83,,18836,50,0,6,0
8019,'1039',652,,18914,50,0,6,0,75,,18915,50,0,6,0,25,,18916,50,0,6,0,70,,18917,50,0,6,0,30,,18918,50,0,6,0,70,,18919,50,0,6,0,30,,18920,50,0,6,0,70,,18921,50,0,6,0,30,,18870,50,0,6,0,70,,18871,50,0,6,0,30,,18872,50,0,6,0,70,,18873,50,0,6,0,34,,18874,50,0,6,0,70,,18875,50,0,6,0,30,,18876,50,0,6,0,70,,18877,50,0,6,0,30,,18878,50,0,6,0,70,,18879,50,0,6,0,30,,18880,50,0,6,0,70,,18881,50,0,6,0,30,,18882,50,0,6,0,70,,18883,50,0,6,0,30,,18884,50,0,6,0,70,,18885,50,0,6,0,27,,18908,50,0,6,0,70,,18903,50,0,6,0
8019,'1040',938,,18946,50,0,6,0,80,,18947,50,0,6,0,35,,18948,50,0,6,0,70,,18949,50,0,6,0,30,,18950,50,0,6,0,70,,18951,50,0,6,0,30,,18952,50,0,6,0,73,,18953,50,0,6,0,30,,18954,50,0,6,0,70,,18955,50,0,6,0,30,,18956,50,0,6,0,70,,18957,50,0,6,0,30,,18958,50,0,6,0,70,,18959,50,0,6,0,30,,18960,50,0,6,0,70,,18961,50,0,6,0,30,,18962,50,0,6,0,70,,18963,50,0,6,0,21,,18987,50,0,6,0,70,,18990,50,0,6,0
8019,'996',1008,,19008,50,0,6,0,40,,18992,50,0,6,0,83,,18993,50,0,6,0,86,,19010,50,0,6,0,85,,18994,50,0,6,0,45,,19011,50,0,6,0,85,,18995,50,0,6,0,85,,19012,50,0,6,0,85,,18996,50,0,6,0,45,,19013,50,0,6,0,83,,18997,50,0,6,0
15019,'1038',826,,19897,19,,,0,80,,19898,19,,,0,40,,19899,19,,,0,81,,19900,19,,,0,83,,19901,19,,,0,45,,19902,19,,,0,85,,19903,19,,,0,85,,19904,19,,,0,85,,19905,19,,,0,45,,19906,19,,,0,85,,19907,19,,,0,85,,19908,19,,,0,85,,19909,19,,,0,45,,19910,19,,,0,83,,19911,19,,,0,85,,19912,19,,,0,85,,19913,19,,,0,45,,19914,19,,,0,85,,19915,19,,,0,85,,19916,19,,,0
15019,'1039',701,,19917,19,,,0,30,,19918,19,,,0,70,,19919,19,,,0,30,,19920,19,,,0,70,,19921,19,,,0,30,,19922,19,,,0,70,,19923,19,,,0,30,,19924,19,,,0,70,,19925,19,,,0,30,,19926,19,,,0,70,,19927,19,,,0,30,,19928,19,,,0,70,,19929,19,,,0,30,,19930,19,,,0,70,,19931,19,,,0,30,,19932,19,,,0,70,,19933,19,,,0,30,,19934,19,,,0,70,,19935,19,,,0,30,,19936,19,,,0,70,,19937,19,,,0,30,,19938,19,,,0,70,,19939,19,,,0,30,,19940,19,,,0,70,,19941,19,,,0,40,,19942,19,,,0,85,,19943,19,,,0,82,,19944,19,,,0,45,,19946,19,,,0,85,,19947,19,,,0,85,,19945,19,,,0
15019,'1040',636,,19948,19,,,0,80,,19950,19,,,0,40,,19951,19,,,0,80,,19949,19,,,0,82,,19952,19,,,0,40,,19953,19,,,0,75,,19955,19,,,0,70,,19956,19,,,0,30,,19957,19,,,0,70,,19958,19,,,0,30,,19959,19,,,0,70,,19960,19,,,0,30,,19961,19,,,0,70,,19962,19,,,0,30,,19963,19,,,0,70,,19964,19,,,0,30,,19965,19,,,0,70,,19966,19,,,0,30,,19967,19,,,0,70,,19968,19,,,0,30,,19969,19,,,0,70,,19970,19,,,0,30,,19971,19,,,0,70,,19972,19,,,0,37,,19973,19,,,0,85,,19974,19,,,0,83,,19975,19,,,0,45,,19976,19,,,0,85,,19977,19,,,0,85,,19954,19,,,0
15019,'996',826,,19978,19,,,0,80,,19979,19,,,0,40,,19980,19,,,0,81,,19981,19,,,0,83,,19982,19,,,0,45,,19983,19,,,0,85,,19984,19,,,0,85,,19985,19,,,0,85,,19986,19,,,0,45,,19987,19,,,0,85,,19988,19,,,0,85,,19989,19,,,0,85,,19990,19,,,0,45,,19991,19,,,0,83,,19992,19,,,0,85,,19993,19,,,0,85,,19994,19,,,0,45,,19995,19,,,0,85,,19996,19,,,0,85,,19997,19,,,0
