2019,'993',901,,6632,17,,,0,40,,6642,17,,,0,80,,6633,17,,,0,82,,6624,17,,,0,40,,6634,17,,,0,90,,6625,17,,,0,85,,6635,17,,,0,85,,6626,17,,,0,45,,6636,17,,,0,85,,6627,17,,,0,85,,6637,17,,,0,85,,6631,17,,,0,45,,6628,17,,,0,85,,6641,17,,,0,85,,6638,17,,,0,85,,6639,17,,,0,45,,6640,17,,,0,85,,6629,17,,,0,85,,6630,17,,,0,85,,6643,17,,,0
2019,'994',702,,6685,17,,,0,33,,6686,17,,,0,70,,6687,17,,,0,30,,6688,17,,,0,69,,6689,17,,,0,31,,6690,17,,,0,70,,6691,17,,,0,30,,6654,17,,,0,70,,6655,17,,,0,30,,6656,17,,,0,70,,6657,17,,,0,30,,6658,17,,,0,70,,6659,17,,,0,30,,6660,17,,,0,70,,6661,17,,,0,30,,6662,17,,,0,70,,6663,17,,,0,30,,6664,17,,,0,70,,6665,17,,,0,30,,6666,17,,,0,70,,6667,17,,,0,30,,6668,17,,,0,70,,6669,17,,,0,30,,6652,17,,,0,70,,6653,17,,,0,30,,6706,17,,,0,85,,6707,17,,,0,85,,6708,17,,,0,45,,6704,17,,,0,85,,6705,17,,,0,85,,6709,17,,,0,84,,6701,17,,,0,16,,6703,17,,,0
2019,'995',627,,6710,17,,,0,80,,6711,17,,,0,40,,6712,17,,,0,80,,6713,17,,,0,80,,6714,17,,,0,42,,6715,17,,,0,85,,6716,17,,,0,70,,6717,17,,,0,30,,6718,17,,,0,70,,6719,17,,,0,30,,6720,17,,,0,70,,6721,17,,,0,30,,6722,17,,,0,70,,6723,17,,,0,30,,6724,17,,,0,70,,6725,17,,,0,30,,6726,17,,,0,70,,6727,17,,,0,30,,6728,17,,,0,70,,6729,17,,,0,30,,6730,17,,,0,70,,6731,17,,,0,30,,6732,17,,,0,70,,6733,17,,,0,30,,6734,17,,,0,84,,6735,17,,,0,83,,6736,17,,,0,45,,6737,17,,,0,85,,6738,17,,,0,85,,6769,17,,,0,85,,6768,17,,,0,15,,6772,17,,,0
2019,'996',901,,6800,17,,,0,40,,6810,17,,,0,80,,6801,17,,,0,82,,6792,17,,,0,40,,6802,17,,,0,90,,6793,17,,,0,85,,6803,17,,,0,85,,6794,17,,,0,45,,6804,17,,,0,85,,6795,17,,,0,85,,6805,17,,,0,85,,6799,17,,,0,45,,6796,17,,,0,85,,6809,17,,,0,85,,6806,17,,,0,85,,6807,17,,,0,45,,6808,17,,,0,85,,6797,17,,,0,85,,6798,17,,,0,85,,6811,17,,,0
11019,'994',622,,7856,12,,,0,30,,7857,12,,,0,70,,7858,12,,,0,30,,7859,12,,,0,70,,7860,12,,,0,30,,7861,12,,,0,70,,7862,12,,,0,30,,7863,12,,,0,70,,7840,12,,,0,30,,7841,12,,,0,70,,7842,12,,,0,30,,7843,12,,,0,70,,7844,12,,,0,30,,7845,12,,,0,70,,7846,12,,,0,30,,7847,12,,,0,70,,7848,12,,,0,30,,7849,12,,,0,70,,7850,12,,,0,30,,7851,12,,,0,70,,7852,12,,,0,30,,7853,12,,,0,70,,7854,12,,,0,30,,7855,12,,,0,70,,7865,12,,,0,30,,7864,12,,,0
11019,'995',1022,,7866,12,,,0,30,,7867,12,,,0,70,,7868,12,,,0,30,,7869,12,,,0,70,,7870,12,,,0,30,,7871,12,,,0,70,,7872,12,,,0,30,,7873,12,,,0,70,,7874,12,,,0,30,,7875,12,,,0,70,,7876,12,,,0,30,,7877,12,,,0,70,,7878,12,,,0,30,,7879,12,,,0,70,,7880,12,,,0,30,,7881,12,,,0,70,,7882,12,,,0,30,,7883,12,,,0
13029,'993',902,,8034,16,,,0,40,,8035,16,,,0,80,,8036,16,,,0,80,,8037,16,,,0,46,,8038,16,,,0,85,,8039,16,,,0,85,,8040,16,,,0,85,,8041,16,,,0,45,,8042,16,,,0,85,,8043,16,,,0,85,,8044,16,,,0,85,,8045,16,,,0,45,,8046,16,,,0,85,,8047,16,,,0,85,,8048,16,,,0,84,,8049,16,,,0,44,,8050,16,,,0,85,,8051,16,,,0,85,,8052,16,,,0
13029,'994',1934,,8058,16,,,0,85,,8053,16,,,0,85,,8054,16,,,0,44,,8056,16,,,0,83,,8055,16,,,0,85,,8057,16,,,0
13029,'995',630,,8059,16,,,0,80,,8060,16,,,0,40,,8061,16,,,0,80,,8062,16,,,0,81,,8063,16,,,0,40,,8064,16,,,0,982,,8065,16,,,0,85,,8066,16,,,0,85,,8067,16,,,0,45,,8068,16,,,0,85,,8069,16,,,0,85,,8070,16,,,0
13029,'996',902,,8071,16,,,0,40,,8072,16,,,0,80,,8073,16,,,0,80,,8074,16,,,0,46,,8075,16,,,0,85,,8076,16,,,0,85,,8077,16,,,0,85,,8078,16,,,0,45,,8079,16,,,0,85,,8080,16,,,0,85,,8081,16,,,0,85,,8082,16,,,0,45,,8083,16,,,0,85,,8084,16,,,0,85,,8085,16,,,0,84,,8086,16,,,0,44,,8087,16,,,0,85,,8088,16,,,0,85,,8089,16,,,0
