11019,'1039',624,,19455,15,,,0,30,,19456,15,,,0,70,,19457,15,,,0,30,,19458,15,,,0,70,,19459,15,,,0,30,,19460,15,,,0,70,,19461,15,,,0,30,,19462,15,,,0,70,,19439,15,,,0,30,,19440,15,,,0,70,,19441,15,,,0,30,,19442,15,,,0,70,,19443,15,,,0,30,,19444,15,,,0,70,,19445,15,,,0,30,,19446,15,,,0,70,,19447,15,,,0,30,,19448,15,,,0,70,,19449,15,,,0,30,,19450,15,,,0,70,,19451,15,,,0,30,,19452,15,,,0,70,,19453,15,,,0,30,,19454,15,,,0,70,,19464,15,,,0,30,,19463,15,,,0
11019,'1040',1024,,19465,15,,,0,30,,19466,15,,,0,70,,19467,15,,,0,30,,19468,15,,,0,70,,19469,15,,,0,30,,19470,15,,,0,70,,19471,15,,,0,30,,19472,15,,,0,70,,19473,15,,,0,30,,19474,15,,,0,70,,19475,15,,,0,30,,19476,15,,,0,70,,19477,15,,,0,30,,19478,15,,,0,70,,19479,15,,,0,30,,19480,15,,,0,70,,19481,15,,,0,30,,19482,15,,,0
13029,'1038',904,,19633,19,,,0,40,,19634,19,,,0,80,,19635,19,,,0,80,,19636,19,,,0,46,,19637,19,,,0,85,,19638,19,,,0,85,,19639,19,,,0,85,,19640,19,,,0,45,,19641,19,,,0,85,,19642,19,,,0,85,,19643,19,,,0,85,,19644,19,,,0,45,,19645,19,,,0,85,,19646,19,,,0,85,,19647,19,,,0,84,,19648,19,,,0,44,,19649,19,,,0,85,,19650,19,,,0,85,,19651,19,,,0
13029,'1039',1936,,19657,19,,,0,85,,19652,19,,,0,85,,19653,19,,,0,44,,19655,19,,,0,83,,19654,19,,,0,85,,19656,19,,,0
13029,'1040',632,,19658,19,,,0,80,,19659,19,,,0,40,,19660,19,,,0,80,,19661,19,,,0,81,,19662,19,,,0,40,,19663,19,,,0,982,,19664,19,,,0,85,,19665,19,,,0,85,,19666,19,,,0,45,,19667,19,,,0,85,,19668,19,,,0,85,,19669,19,,,0
13029,'996',904,,19670,19,,,0,40,,19671,19,,,0,80,,19672,19,,,0,80,,19673,19,,,0,46,,19674,19,,,0,85,,19675,19,,,0,85,,19676,19,,,0,85,,19677,19,,,0,45,,19678,19,,,0,85,,19679,19,,,0,85,,19680,19,,,0,85,,19681,19,,,0,45,,19682,19,,,0,85,,19683,19,,,0,85,,19684,19,,,0,84,,19685,19,,,0,44,,19686,19,,,0,85,,19687,19,,,0,85,,19688,19,,,0
130003029,'1035',845,,21085,23,0,9,0,80,,21091,23,0,9,0,80,,21088,23,0,9,0,42,,21089,23,0,9,0,83,,21087,23,0,9,0,87,,21090,23,0,9,0,85,,21086,23,0,9,0,45,,21079,23,0,9,0,85,,21080,23,0,9,0,85,,21081,23,0,9,0,85,,21082,23,0,9,0,45,,21083,23,0,9,0,85,,21084,23,0,9,0,86,,21092,23,0,9,0
130003029,'1038',825,,21093,23,,,0,80,,21094,23,,,0,40,,21095,23,,,0,80,,21096,23,,,0,83,,21097,23,,,0,47,,21098,23,,,0,85,,21099,23,,,0,85,,21100,23,,,0,85,,21101,23,,,0,45,,21102,23,,,0,85,,21103,23,,,0,85,,21104,23,,,0,85,,21105,23,,,0,46,,21106,23,,,0,85,,21112,23,,,0,85,,21107,23,,,0,85,,21108,23,,,0,45,,21109,23,,,0,85,,21110,23,,,0,85,,21111,23,,,0,83,,21113,23,0,9,0
130003029,'1039',625,,21155,23,,,0,15,,21156,23,0,10 11,0,67,,21157,24,0,10 11,0,15,,21158,24,,,0,15,,21159,24,0,10 11,0,15,,21160,24,,,0,55,,21161,24,0,10 11,0,15,,21162,24,,,0,15,,21163,24,0,10 11,0,15,,21164,24,,,0,55,,21165,24,0,10 11,0,15,,21166,24,,,0,15,,21167,24,0,10 11,0,15,,21168,24,,,0,55,,21169,24,0,10 11,0,15,,21114,24,,,0,15,,21115,24,0,10 11,0,15,,21116,24,,,0,55,,21117,24,0,10 11,0,15,,21118,24,,,0,15,,21119,24,0,10 11,0,15,,21120,24,,,0,55,,21121,24,0,10 11,0,15,,21122,24,,,0,15,,21123,24,0,10 11,0,15,,21124,24,,,0,55,,21125,24,0,10 11,0,15,,21126,24,,,0,15,,21127,24,0,10 11,0,15,,21128,24,,,0,55,,21129,24,0,10 11,0,15,,21130,24,,,0,15,,21131,24,0,10 11,0,15,,21132,24,,,0,55,,21133,24,0,10 11,0,15,,21134,24,,,0,15,,21135,24,0,10 11,0,15,,21136,24,,,0,55,,21137,24,0,10 11,0,15,,21138,24,,,0,15,,21139,24,0,10 11,0,15,,21140,24,,,0,55,,21141,24,0,10 11,0,15,,21142,24,,,0,15,,21143,24,0,10 11,0,15,,21144,24,,,0,58,,21152,24,0,10 11,0,15,,21151,24,,,0,15,,21153,24,0,10 11,0,15,,21145,24,,,0,48,,21154,23,0,9,0,15,,21149,23,0,9,0,22,,21170,23,,,0,63,,21148,23,0,9,0,22,,21171,23,,,0,23,,21147,23,0,9,0,62,,21172,23,,,0,23,,21146,23,0,9,0,22,,21174,23,,,0,63,,21176,23,0,9,0,22,,21150,23,,,0,82,,21173,23,0,9,0,81,,21175,23,0,9,0,39,,21177,23,0,9,0
130003029,'1040',615,,21178,23,0,9,0,20,,21179,23,,,0,20,,21180,23,0,9,0,60,,21181,23,,,0,20,,21182,23,0,9,0,20,,21183,23,,,0,60,,21184,23,0,9,0,20,,21185,23,,,0,20,,21186,23,0,9,0,60,,21187,23,,,0,20,,21188,23,0,9,0,20,,21189,23,,,0,70,,21190,24,,,0,15,,21191,24,0,10 11,0,15,,21192,24,,,0,55,,21193,24,0,10 11,0,15,,21194,24,,,0,15,,21195,24,0,10 11,0,15,,21196,24,,,0,55,,21197,24,0,10 11,0,15,,21198,24,,,0,15,,21199,24,0,10 11,0,15,,21200,24,,,0,55,,21201,24,0,10 11,0,15,,21202,24,,,0,15,,21203,24,0,10 11,0,15,,21204,24,,,0,55,,21205,24,0,10 11,0,15,,21206,24,,,0,15,,21207,24,0,10 11,0,15,,21208,24,,,0,55,,21209,24,0,10 11,0,15,,21210,24,,,0,15,,21211,24,0,10 11,0,15,,21212,24,,,0,55,,21213,24,0,10 11,0,15,,21214,24,,,0,15,,21215,24,0,10 11,0,15,,21216,24,,,0,55,,21217,24,0,10 11,0,15,,21218,24,,,0,15,,21219,24,0,10 11,0,15,,21236,24,,,0,55,,21237,24,0,10 11,0,15,,21231,24,,,0,15,,21232,24,0,10 11,0,15,,21234,24,,,0,48,,21235,23,0,9,0,15,,21233,23,0,9,0,22,,21238,23,,,0,63,,21225,23,0,9,0,22,,21220,23,,,0,23,,21226,23,0,9,0,62,,21221,23,,,0,23,,21227,23,0,9,0,22,,21222,23,,,0,63,,21228,23,0,9,0,22,,21223,23,,,0,82,,21224,23,0,9,0,82,,21229,23,0,9,0,39,,21230,23,0,9,0
130003029,'996',825,,21239,23,,,0,20,,21264,23,0,9,0,60,,21240,23,,,0,20,,21270,23,0,9,0,20,,21241,23,,,0,60,,21267,23,0,9,0,20,,21242,23,,,0,22,,21268,23,0,9,0,61,,21243,23,,,0,22,,21266,23,0,9,0,25,,21244,23,,,0,62,,21269,23,0,9,0,23,,21245,23,,,0,62,,21265,23,0,9,0,23,,21246,23,,,0,22,,21247,23,0,9,0,63,,21248,23,,,0,22,,21249,23,0,9,0,23,,21250,23,,,0,62,,21251,23,0,9,0,23,,21252,23,,,0,62,,21253,23,0,9,0,23,,21254,23,,,0,22,,21255,23,0,9,0,63,,21256,23,,,0,22,,21257,23,0,9,0,24,,21258,23,,,0,62,,21272,23,0,9,0,23,,21271,23,,,0,85,,21259,23,,,0,85,,21260,23,,,0,45,,21261,23,,,0,85,,21262,23,,,0,85,,21263,23,,,0,83,,21273,23,0,9,0
