2019,'993',900,,6632,15,,,0,40,,6642,15,,,0,80,,6633,15,,,0,82,,6624,15,,,0,40,,6634,15,,,0,90,,6625,15,,,0,85,,6635,15,,,0,85,,6626,15,,,0,45,,6636,15,,,0,85,,6627,15,,,0,85,,6637,15,,,0,85,,6631,15,,,0,45,,6628,15,,,0,85,,6641,15,,,0,85,,6638,15,,,0,85,,6639,15,,,0,45,,6640,15,,,0,85,,6629,15,,,0,85,,6630,15,,,0,85,,6643,15,,,0
2019,'994',701,,6685,15,,,0,33,,6686,15,,,0,70,,6687,15,,,0,30,,6688,15,,,0,69,,6689,15,,,0,31,,6690,15,,,0,70,,6691,15,,,0,30,,6654,15,,,0,70,,6655,15,,,0,30,,6656,15,,,0,70,,6657,15,,,0,30,,6658,15,,,0,70,,6659,15,,,0,30,,6660,15,,,0,70,,6661,15,,,0,30,,6662,15,,,0,70,,6663,15,,,0,30,,6664,15,,,0,70,,6665,15,,,0,30,,6666,15,,,0,70,,6667,15,,,0,30,,6668,15,,,0,70,,6669,15,,,0,30,,6652,15,,,0,70,,6653,15,,,0,30,,6706,15,,,0,85,,6707,15,,,0,85,,6708,15,,,0,45,,6704,15,,,0,85,,6705,15,,,0,85,,6709,15,,,0,84,,6701,15,,,0,16,,6703,15,,,0
2019,'995',626,,6710,15,,,0,80,,6711,15,,,0,40,,6712,15,,,0,80,,6713,15,,,0,80,,6714,15,,,0,41,,6715,15,,,0,85,,6716,15,,,0,70,,6717,15,,,0,30,,6718,15,,,0,70,,6719,15,,,0,30,,6720,15,,,0,70,,6721,15,,,0,30,,6722,15,,,0,70,,6723,15,,,0,30,,6724,15,,,0,70,,6725,15,,,0,30,,6726,15,,,0,70,,6727,15,,,0,30,,6728,15,,,0,70,,6729,15,,,0,30,,6730,15,,,0,70,,6731,15,,,0,30,,6732,15,,,0,70,,6733,15,,,0,30,,6734,15,,,0,84,,6735,15,,,0,84,,6736,15,,,0,45,,6737,15,,,0,85,,6738,15,,,0,85,,6769,15,,,0,85,,6768,15,,,0,15,,6772,15,,,0
2019,'996',900,,6800,15,,,0,40,,6810,15,,,0,80,,6801,15,,,0,82,,6792,15,,,0,40,,6802,15,,,0,90,,6793,15,,,0,85,,6803,15,,,0,85,,6794,15,,,0,45,,6804,15,,,0,85,,6795,15,,,0,85,,6805,15,,,0,85,,6799,15,,,0,45,,6796,15,,,0,85,,6809,15,,,0,85,,6806,15,,,0,85,,6807,15,,,0,45,,6808,15,,,0,85,,6797,15,,,0,85,,6798,15,,,0,85,,6811,15,,,0
11019,'994',621,,7856,10,,,0,30,,7857,10,,,0,70,,7858,10,,,0,30,,7859,10,,,0,70,,7860,10,,,0,30,,7861,10,,,0,70,,7862,10,,,0,30,,7863,10,,,0,70,,7840,10,,,0,30,,7841,10,,,0,70,,7842,10,,,0,30,,7843,10,,,0,70,,7844,10,,,0,30,,7845,10,,,0,70,,7846,10,,,0,30,,7847,10,,,0,70,,7848,10,,,0,30,,7849,10,,,0,70,,7850,10,,,0,30,,7851,10,,,0,70,,7852,10,,,0,30,,7853,10,,,0,70,,7854,10,,,0,30,,7855,10,,,0,70,,7865,10,,,0,30,,7864,10,,,0
11019,'995',1021,,7866,10,,,0,30,,7867,10,,,0,70,,7868,10,,,0,30,,7869,10,,,0,70,,7870,10,,,0,30,,7871,10,,,0,70,,7872,10,,,0,30,,7873,10,,,0,70,,7874,10,,,0,30,,7875,10,,,0,70,,7876,10,,,0,30,,7877,10,,,0,70,,7878,10,,,0,30,,7879,10,,,0,70,,7880,10,,,0,30,,7881,10,,,0,70,,7882,10,,,0,30,,7883,10,,,0
13029,'993',901,,8034,14,,,0,40,,8035,14,,,0,80,,8036,14,,,0,80,,8037,14,,,0,46,,8038,14,,,0,85,,8039,14,,,0,85,,8040,14,,,0,85,,8041,14,,,0,45,,8042,14,,,0,85,,8043,14,,,0,85,,8044,14,,,0,85,,8045,14,,,0,45,,8046,14,,,0,85,,8047,14,,,0,85,,8048,14,,,0,84,,8049,14,,,0,44,,8050,14,,,0,85,,8051,14,,,0,85,,8052,14,,,0
13029,'994',1933,,8058,14,,,0,85,,8053,14,,,0,85,,8054,14,,,0,44,,8056,14,,,0,83,,8055,14,,,0,85,,8057,14,,,0
13029,'995',629,,8059,14,,,0,80,,8060,14,,,0,40,,8061,14,,,0,80,,8062,14,,,0,81,,8063,14,,,0,40,,8064,14,,,0,982,,8065,14,,,0,85,,8066,14,,,0,85,,8067,14,,,0,45,,8068,14,,,0,85,,8069,14,,,0,85,,8070,14,,,0
13029,'996',901,,8071,14,,,0,40,,8072,14,,,0,80,,8073,14,,,0,80,,8074,14,,,0,46,,8075,14,,,0,85,,8076,14,,,0,85,,8077,14,,,0,85,,8078,14,,,0,45,,8079,14,,,0,85,,8080,14,,,0,85,,8081,14,,,0,85,,8082,14,,,0,45,,8083,14,,,0,85,,8084,14,,,0,85,,8085,14,,,0,84,,8086,14,,,0,44,,8087,14,,,0,85,,8088,14,,,0,85,,8089,14,,,0
