11029,'1039',603,,19500,8,,,0,30,,19501,8,,,0,70,,19502,8,,,0,30,,19503,8,,,0,70,,19504,8,,,0,30,,19505,8,,,0,70,,19506,8,,,0,30,,19499,8,,,0,70,,19483,8,,,0,30,,19484,8,,,0,70,,19485,8,,,0,30,,19486,8,,,0,70,,19487,8,,,0,30,,19488,8,,,0,70,,19489,8,,,0,30,,19490,8,,,0,70,,19491,8,,,0,30,,19492,8,,,0,70,,19493,8,,,0,30,,19494,8,,,0,70,,19495,8,,,0,30,,19496,8,,,0,70,,19497,8,,,0,30,,19498,8,,,0,70,,19508,8,,,0,30,,19507,8,,,0
11029,'1040',1003,,19509,8,,,0,30,,19510,8,,,0,70,,19511,8,,,0,30,,19512,8,,,0,70,,19513,8,,,0,30,,19514,8,,,0,70,,19515,8,,,0,30,,19516,8,,,0,70,,19517,8,,,0,30,,19518,8,,,0,70,,19519,8,,,0,30,,19520,8,,,0,70,,19521,8,,,0,30,,19522,8,,,0,70,,19523,8,,,0,30,,19524,8,,,0,70,,19525,8,,,0,30,,19526,8,,,0
13019,'1038',833,,19577,8,,,0,80,,19578,8,,,0,40,,19579,8,,,0,80,,19580,8,,,0,85,,19581,8,,,0,85,,19582,8,,,0,45,,19583,8,,,0,85,,19584,8,,,0,85,,19585,8,,,0,85,,19586,8,,,0,45,,19587,8,,,0,85,,19588,8,,,0,85,,19589,8,,,0,85,,19590,8,,,0,45,,19591,8,,,0,85,,19592,8,,,0,85,,19593,8,,,0,85,,19594,8,,,0,45,,19595,8,,,0
13019,'1039',1904,,19601,8,,,0,45,,19596,8,,,0,85,,19597,8,,,0,85,,19599,8,,,0,84,,19598,8,,,0,45,,19600,8,,,0
13019,'1040',603,,19602,8,,,0,40,,19603,8,,,0,80,,19604,8,,,0,80,,19605,8,,,0,40,,19606,8,,,0,80,,19607,8,,,0,981,,19608,8,,,0,45,,19609,8,,,0,85,,19610,8,,,0,85,,19611,8,,,0,85,,19612,8,,,0,45,,19613,8,,,0
13019,'996',833,,19614,8,,,0,80,,19615,8,,,0,40,,19616,8,,,0,80,,19617,8,,,0,85,,19618,8,,,0,85,,19619,8,,,0,45,,19620,8,,,0,85,,19621,8,,,0,85,,19622,8,,,0,85,,19623,8,,,0,45,,19624,8,,,0,85,,19625,8,,,0,85,,19626,8,,,0,85,,19627,8,,,0,45,,19628,8,,,0,85,,19629,8,,,0,85,,19630,8,,,0,85,,19631,8,,,0,45,,19632,8,,,0
130003019,'1035',815,,20897,7,0,7 8,0,40,,20891,7,0,7 8,0,80,,20894,7,0,7 8,0,80,,20892,7,0,7 8,0,43,,20895,7,0,7 8,0,85,,20893,7,0,7 8,0,85,,20896,7,0,7 8,0,85,,20884,7,0,7 8,0,45,,20885,7,0,7 8,0,85,,20886,7,0,7 8,0,85,,20887,7,0,7 8,0,85,,20888,7,0,7 8,0,45,,20889,7,0,7 8,0,85,,20890,7,0,7 8,0,85,,20898,7,0,7 8,0
130003019,'1038',755,,20899,7,,,0,80,,20900,7,,,0,80,,20901,7,,,0,40,,20902,7,,,0,80,,20903,7,,,0,85,,20904,7,,,0,85,,20905,7,,,0,45,,20906,7,,,0,85,,20907,7,,,0,85,,20908,7,,,0,85,,20909,7,,,0,45,,20910,7,,,0,85,,20911,7,,,0,85,,20912,7,,,0,85,,20913,7,,,0,45,,20918,7,,,0,85,,20914,7,,,0,85,,20915,7,,,0,85,,20916,7,,,0,45,,20919,7,,,0,85,,20917,7,0,7 8,0
130003019,'1039',615,,20963,7,0,13,0,15,,20964,7,,,0,20,,20965,7,,,0,55,,20966,7,0,13,0,15,,20967,7,,,0,15,,20968,7,0,13,0,15,,20969,7,,,0,55,,20970,7,0,13,0,15,,20971,7,,,0,15,,20972,7,0,13,0,15,,20973,7,,,0,55,,20974,7,0,13,0,15,,20975,7,,,0,15,,20976,7,0,13,0,15,,20962,7,,,0,55,,20920,7,0,13,0,15,,20921,7,,,0,15,,20922,7,0,13,0,15,,20923,7,,,0,55,,20924,7,0,13,0,15,,20925,7,,,0,15,,20926,7,0,13,0,15,,20927,7,,,0,55,,20928,7,0,13,0,15,,20929,7,,,0,15,,20930,7,0,13,0,15,,20931,7,,,0,55,,20932,7,0,13,0,15,,20933,7,,,0,15,,20934,7,0,13,0,15,,20935,7,,,0,55,,20936,7,0,13,0,15,,20937,7,,,0,15,,20938,7,0,13,0,15,,20939,7,,,0,55,,20940,7,0,13,0,15,,20941,7,,,0,15,,20942,7,0,13,0,15,,20943,7,,,0,55,,20944,7,0,13,0,15,,20945,7,,,0,15,,20946,7,0,13,0,15,,20947,7,,,0,55,,20948,7,0,13,0,15,,20949,7,,,0,15,,20950,7,0,13,0,15,,20951,7,,,0,55,,20957,7,0,13,0,15,,20959,7,,,0,15,,20955,7,0,13,0,15,,20960,7,,,0,55,,20953,7,0,13,0,23,,20961,7,0,7 8,0,22,,20952,7,,,0,63,,20977,7,0,7 8,0,22,,20958,7,,,0,23,,20978,7,0,7 8,0,62,,20956,7,,,0,23,,20979,7,0,7 8,0,62,,20954,7,,,0,45,,20981,7,,,0,84,,20980,7,0,7 8,0,80,,20982,7,0,7 8,0
130003019,'1040',605,,20983,7,,,0,20,,20984,7,0,7 8,0,20,,20985,7,,,0,60,,20986,7,0,7 8,0,20,,20987,7,,,0,20,,20988,7,0,7 8,0,60,,20989,7,,,0,20,,20990,7,0,7 8,0,20,,20991,7,,,0,60,,20992,7,0,7 8,0,20,,20993,7,,,0,20,,20994,7,0,13,0,60,,20995,7,0,13,0,15,,20996,7,,,0,15,,20997,7,0,13,0,15,,20998,7,,,0,55,,20999,7,0,13,0,15,,21000,7,,,0,15,,21001,7,0,13,0,15,,21002,7,,,0,55,,21003,7,0,13,0,15,,21004,7,,,0,15,,21005,7,0,13,0,15,,21006,7,,,0,55,,21007,7,0,13,0,15,,21008,7,,,0,15,,21009,7,0,13,0,15,,21010,7,,,0,55,,21011,7,0,13,0,15,,21012,7,,,0,15,,21013,7,0,13,0,15,,21014,7,,,0,55,,21015,7,0,13,0,15,,21016,7,,,0,15,,21017,7,0,13,0,15,,21018,7,,,0,55,,21019,7,0,13,0,15,,21020,7,,,0,15,,21021,7,0,13,0,15,,21022,7,,,0,55,,21023,7,0,13,0,15,,21024,7,,,0,15,,21025,7,0,13,0,15,,21026,7,,,0,55,,21027,7,0,13,0,15,,21042,7,,,0,15,,21034,7,0,13,0,15,,21028,7,,,0,55,,21035,7,0,13,0,22,,21029,7,0,7 8,0,23,,21036,7,,,0,63,,21030,7,0,7 8,0,22,,21039,7,,,0,23,,21031,7,0,7 8,0,62,,21038,7,,,0,23,,21032,7,0,7 8,0,62,,21037,7,,,0,45,,21033,7,,,0,84,,21041,7,0,7 8,0,80,,21040,7,0,7 8,0
130003019,'996',755,,21043,7,,,0,60,,21075,7,0,7 8,0,20,,21044,7,,,0,20,,21069,7,0,7 8,0,60,,21045,7,,,0,20,,21072,7,0,7 8,0,20,,21046,7,,,0,60,,21070,7,0,7 8,0,20,,21047,7,,,0,23,,21073,7,0,7 8,0,62,,21048,7,,,0,23,,21071,7,0,7 8,0,62,,21049,7,,,0,23,,21074,7,0,7 8,0,22,,21050,7,,,0,63,,21051,7,0,7 8,0,22,,21052,7,,,0,23,,21053,7,0,7 8,0,62,,21054,7,,,0,23,,21055,7,0,7 8,0,62,,21056,7,,,0,23,,21057,7,0,7 8,0,22,,21058,7,,,0,63,,21059,7,0,7 8,0,22,,21060,7,,,0,23,,21061,7,0,7 8,0,62,,21062,7,,,0,23,,21063,7,0,7 8,0,62,,21064,7,,,0,23,,21077,7,0,7 8,0,22,,21076,7,,,0,85,,21065,7,,,0,85,,21066,7,,,0,85,,21067,7,,,0,45,,21078,7,,,0,85,,21068,7,0,7 8,0
