1019,'993',758,,6332,16,,,0,80,,6333,16,,,0,20,,6353,16,,,0,60,,6334,16,,,0,20,,6335,16,,,0,20,,6355,16,,,0,60,,6336,16,,,0,20,,6357,16,,,0,64,,6337,16,,,0,22,,6359,16,,,0,23,,6338,16,,,0,62,,6354,16,,,0,23,,6339,16,,,0,22,,6356,16,,,0,63,,6340,16,,,0,22,,6358,16,,,0,63,,6341,16,,,0,22,,6360,16,,,0,23,,6342,16,,,0,62,,6361,16,,,0,23,,6343,16,,,0,22,,6362,16,,,0,63,,6344,16,,,0,22,,6363,16,,,0,63,,6345,16,,,0,22,,6364,16,,,0,23,,6365,16,,,0,62,,6346,16,,,0,22,,6366,16,,,0,22,,6347,16,,,0,85,,6349,16,,,0,85,,6348,16,,,0,85,,6350,16,,,0,45,,6352,16,,,0,85,,6351,16,,,0,83,,6367,16,,,0
1019,'994',610,,6368,16,,,0,30,,6369,16,,,0,70,,6370,16,,,0,30,,6371,16,,,0,70,,6372,16,,,0,30,,6373,16,,,0,70,,6374,16,,,0,30,,6375,16,,,0,70,,6376,16,,,0,30,,6377,16,,,0,70,,6378,16,,,0,30,,6379,16,,,0,70,,6380,16,,,0,30,,6381,16,,,0,70,,6382,16,,,0,30,,6383,16,,,0,70,,6384,16,,,0,30,,6385,16,,,0,70,,6386,16,,,0,30,,6387,16,,,0,70,,6388,16,,,0,30,,6389,16,,,0,70,,6390,16,,,0,30,,6391,16,,,0,70,,6392,16,,,0,30,,6394,16,,,0,68,,6401,16,,,0,45,,6396,16,,,0,85,,6395,16,,,0,85,,6397,16,,,0,85,,6398,16,,,0,45,,6399,16,,,0,85,,6393,16,,,0,78,,6400,16,,,0
1019,'995',608,,6402,16,,,0,40,,6403,16,,,0,80,,6404,16,,,0,80,,6405,16,,,0,40,,6406,16,,,0,80,,6407,16,,,0,20,,6434,16,,,0,60,,6432,16,,,0,32,,6412,16,,,0,70,,6411,16,,,0,30,,6414,16,,,0,70,,6413,16,,,0,30,,6416,16,,,0,70,,6415,16,,,0,30,,6418,16,,,0,70,,6417,16,,,0,30,,6420,16,,,0,70,,6419,16,,,0,30,,6422,16,,,0,70,,6421,16,,,0,30,,6424,16,,,0,70,,6423,16,,,0,30,,6410,16,,,0,70,,6425,16,,,0,30,,6433,16,,,0,68,,6427,16,,,0,45,,6426,16,,,0,85,,6428,16,,,0,85,,6430,16,,,0,85,,6429,16,,,0,44,,6408,16,,,0,85,,6431,16,,,0,80,,6409,16,,,0
1019,'996',758,,6435,16,,,0,80,,6436,16,,,0,20,,6456,16,,,0,60,,6437,16,,,0,20,,6438,16,,,0,20,,6458,16,,,0,60,,6439,16,,,0,20,,6460,16,,,0,64,,6440,16,,,0,22,,6462,16,,,0,23,,6441,16,,,0,62,,6457,16,,,0,23,,6442,16,,,0,22,,6459,16,,,0,63,,6443,16,,,0,22,,6461,16,,,0,63,,6444,16,,,0,22,,6463,16,,,0,23,,6445,16,,,0,62,,6464,16,,,0,23,,6446,16,,,0,22,,6465,16,,,0,63,,6447,16,,,0,22,,6466,16,,,0,63,,6448,16,,,0,22,,6467,16,,,0,23,,6468,16,,,0,62,,6449,16,,,0,22,,6469,16,,,0,22,,6450,16,,,0,85,,6452,16,,,0,85,,6451,16,,,0,85,,6453,16,,,0,45,,6455,16,,,0,85,,6454,16,,,0,83,,6470,16,,,0
8019,'993',1007,,7248,49,0,6,0,40,,7232,49,0,6,0,83,,7233,49,0,6,0,86,,7250,49,0,6,0,85,,7234,49,0,6,0,45,,7251,49,0,6,0,85,,7235,49,0,6,0,85,,7252,49,0,6,0,85,,7236,49,0,6,0,45,,7253,49,0,6,0,83,,7237,49,0,6,0
8019,'994',651,,7315,49,0,6,0,75,,7316,49,0,6,0,25,,7317,49,0,6,0,70,,7318,49,0,6,0,30,,7319,49,0,6,0,70,,7320,49,0,6,0,30,,7321,49,0,6,0,70,,7322,49,0,6,0,30,,7271,49,0,6,0,70,,7272,49,0,6,0,30,,7273,49,0,6,0,70,,7274,49,0,6,0,34,,7275,49,0,6,0,70,,7276,49,0,6,0,30,,7277,49,0,6,0,70,,7278,49,0,6,0,30,,7279,49,0,6,0,70,,7280,49,0,6,0,30,,7281,49,0,6,0,70,,7282,49,0,6,0,30,,7283,49,0,6,0,70,,7284,49,0,6,0,30,,7285,49,0,6,0,70,,7286,49,0,6,0,27,,7309,49,0,6,0,70,,7304,49,0,6,0
8019,'995',937,,7347,49,0,6,0,80,,7348,49,0,6,0,35,,7349,49,0,6,0,70,,7350,49,0,6,0,30,,7351,49,0,6,0,70,,7352,49,0,6,0,30,,7353,49,0,6,0,73,,7354,49,0,6,0,30,,7355,49,0,6,0,70,,7356,49,0,6,0,30,,7357,49,0,6,0,70,,7358,49,0,6,0,30,,7359,49,0,6,0,70,,7360,49,0,6,0,30,,7361,49,0,6,0,70,,7362,49,0,6,0,30,,7363,49,0,6,0,70,,7364,49,0,6,0,21,,7388,49,0,6,0,70,,7391,49,0,6,0
8019,'996',1007,,7409,49,0,6,0,40,,7393,49,0,6,0,83,,7394,49,0,6,0,86,,7411,49,0,6,0,85,,7395,49,0,6,0,45,,7412,49,0,6,0,85,,7396,49,0,6,0,85,,7413,49,0,6,0,85,,7397,49,0,6,0,45,,7414,49,0,6,0,83,,7398,49,0,6,0
15019,'993',825,,8298,18,,,0,80,,8299,18,,,0,40,,8300,18,,,0,81,,8301,18,,,0,83,,8302,18,,,0,45,,8303,18,,,0,85,,8304,18,,,0,85,,8305,18,,,0,85,,8306,18,,,0,45,,8307,18,,,0,85,,8308,18,,,0,85,,8309,18,,,0,85,,8310,18,,,0,45,,8311,18,,,0,83,,8312,18,,,0,85,,8313,18,,,0,85,,8314,18,,,0,45,,8315,18,,,0,85,,8316,18,,,0,85,,8317,18,,,0
15019,'994',700,,8318,18,,,0,30,,8319,18,,,0,70,,8320,18,,,0,30,,8321,18,,,0,70,,8322,18,,,0,30,,8323,18,,,0,70,,8324,18,,,0,30,,8325,18,,,0,70,,8326,18,,,0,30,,8327,18,,,0,70,,8328,18,,,0,30,,8329,18,,,0,70,,8330,18,,,0,30,,8331,18,,,0,70,,8332,18,,,0,30,,8333,18,,,0,70,,8334,18,,,0,30,,8335,18,,,0,70,,8336,18,,,0,30,,8337,18,,,0,70,,8338,18,,,0,30,,8339,18,,,0,70,,8340,18,,,0,30,,8341,18,,,0,70,,8342,18,,,0,40,,8343,18,,,0,85,,8344,18,,,0,82,,8345,18,,,0,45,,8347,18,,,0,85,,8348,18,,,0,85,,8346,18,,,0
15019,'995',635,,8349,18,,,0,80,,8351,18,,,0,40,,8352,18,,,0,80,,8350,18,,,0,82,,8353,18,,,0,40,,8354,18,,,0,75,,8356,18,,,0,70,,8357,18,,,0,30,,8358,18,,,0,70,,8359,18,,,0,30,,8360,18,,,0,70,,8361,18,,,0,30,,8362,18,,,0,70,,8363,18,,,0,30,,8364,18,,,0,70,,8365,18,,,0,30,,8366,18,,,0,70,,8367,18,,,0,30,,8368,18,,,0,70,,8369,18,,,0,30,,8370,18,,,0,70,,8371,18,,,0,30,,8372,18,,,0,70,,8373,18,,,0,37,,8374,18,,,0,85,,8375,18,,,0,83,,8376,18,,,0,45,,8377,18,,,0,85,,8378,18,,,0,85,,8355,18,,,0
15019,'996',825,,8379,18,,,0,80,,8380,18,,,0,40,,8381,18,,,0,81,,8382,18,,,0,83,,8383,18,,,0,45,,8384,18,,,0,85,,8385,18,,,0,85,,8386,18,,,0,85,,8387,18,,,0,45,,8388,18,,,0,85,,8389,18,,,0,85,,8390,18,,,0,85,,8391,18,,,0,45,,8392,18,,,0,83,,8393,18,,,0,85,,8394,18,,,0,85,,8395,18,,,0,45,,8396,18,,,0,85,,8397,18,,,0,85,,8398,18,,,0
