10029,'993',844,,7738,24,,,0,80,,7739,24,,,0,80,,7740,24,,,0,40,,7741,24,,,0,83,,7742,24,,,0,92,,7743,26,,,0,84,,7744,26,,,0,45,,7745,26,,,0,85,,7746,26,,,0,85,,7747,26,,,0,85,,7748,26,,,0,45,,7749,26,,,0,83,,7750,24,,,0,85,,7751,24,,,0,85,,7752,24,,,0,45,,7753,24,,,0,85,,7754,24,,,0,85,,7755,24,,,0,85,,7756,24,,,0,45,,7757,24,0,7 8,0
10029,'994',655,,7781,24,,,0,71,,7782,26,,,0,30,,7783,26,,,0,70,,7784,26,,,0,30,,7785,26,,,0,70,,7786,26,,,0,30,,7787,26,,,0,70,,7758,26,,,0,30,,7759,26,,,0,70,,7760,26,,,0,30,,7761,26,,,0,70,,7762,26,,,0,30,,7763,26,,,0,70,,7764,26,,,0,30,,7765,26,,,0,70,,7766,26,,,0,30,,7767,26,,,0,70,,7768,26,,,0,30,,7769,26,,,0,70,,7770,26,,,0,30,,7771,26,,,0,70,,7772,26,,,0,30,,7773,26,,,0,69,,7774,26,,,0,28,,7780,26,,,0,70,,7788,26,,,0,77,,7778,26,,,0,45,,7779,26,,,0,85,,7777,26,,,0,85,,7775,26,,,0,85,,7776,26,0,9,0,42,,7789,26,0,7 8,0
10029,'995',656,,7790,24,,,0,80,,7791,24,,,0,80,,7792,24,,,0,40,,7793,24,,,0,80,,7794,24,,,0,84,,7795,26,,,0,33,,7796,26,,,0,70,,7797,26,,,0,30,,7798,26,,,0,70,,7799,26,,,0,30,,7800,26,,,0,70,,7801,26,,,0,30,,7802,26,,,0,72,,7803,26,,,0,31,,7804,26,,,0,70,,7805,26,,,0,30,,7806,26,,,0,70,,7807,26,,,0,30,,7808,26,,,0,70,,7809,26,,,0,30,,7810,26,,,0,68,,7811,26,,,0,30,,7812,26,,,0,70,,7813,26,,,0,77,,7814,26,,,0,45,,7815,26,,,0,85,,7816,26,,,0,85,,7817,26,,,0,85,,7818,26,0,9,0,45,,7819,26,0,7 8,0
10029,'996',844,,7820,24,,,0,80,,7821,24,,,0,80,,7822,24,,,0,40,,7823,24,,,0,83,,7824,24,,,0,92,,7825,26,,,0,84,,7826,26,,,0,45,,7827,26,,,0,85,,7828,26,,,0,85,,7829,26,,,0,85,,7830,26,,,0,45,,7831,26,,,0,83,,7832,24,,,0,85,,7833,24,,,0,85,,7834,24,,,0,45,,7835,24,,,0,85,,7836,24,,,0,85,,7837,24,,,0,85,,7838,24,,,0,45,,7839,24,0,7 8,0
12019,'994',642,,7945,36,,,0,65,,7946,36,,,0,34,,7947,36,,,0,70,,7948,36,,,0,30,,7949,36,,,0,70,,7950,36,,,0,30,,7951,36,,,0,70,,7952,36,,,0,30,,7929,36,,,0,70,,7930,36,,,0,30,,7931,36,,,0,70,,7932,36,,,0,30,,7933,36,,,0,70,,7934,36,,,0,30,,7935,36,,,0,70,,7936,36,,,0,30,,7937,36,,,0,70,,7938,36,,,0,30,,7939,36,,,0,70,,7940,36,,,0,30,,7941,36,,,0,70,,7942,36,,,0,30,,7943,36,,,0,70,,7944,36,,,0,30,,7928,36,,,0,70,,7953,36,,,0
12019,'995',652,,7954,36,,,0,76,,7955,36,,,0,80,,7956,36,,,0,40,,7957,36,,,0,80,,7958,36,,,0,80,,7959,36,,,0,33,,7960,36,,,0,70,,7961,36,,,0,30,,7962,36,,,0,70,,7963,36,,,0,30,,7964,36,,,0,70,,7965,36,,,0,30,,7966,36,,,0,70,,7967,36,,,0,30,,7968,36,,,0,70,,7969,36,,,0,30,,7970,36,,,0,70,,7971,36,,,0,30,,7972,36,,,0,70,,7973,36,,,0,30,,7974,36,,,0,70,,7975,36,,,0,30,,7976,36,,,0,70,,7977,36,,,0
18019,'993',843,,8809,32,,,0,80,,8810,32,,,0,80,,8811,32,,,0,40,,8812,32,,,0,83,,8813,32,,,0,87,,8814,32,,,0,45,,8815,32,,,0,85,,8816,32,,,0,85,,8817,32,,,0,85,,8818,32,,,0,45,,8819,32,,,0,85,,8820,32,,,0,85,,8821,32,,,0,85,,8822,32,,,0,45,,8823,32,,,0,85,,8824,32,,,0,85,,8825,32,,,0,85,,8826,32,,,0,45,,8827,32,,,0,85,,8828,32,,,0,82,,8829,32,,,0
18019,'994',704,,8830,32,,,0,45,,8831,32,,,0,85,,8832,32,,,0,85,,8833,32,,,0,85,,8834,32,,,0,45,,8835,32,,,0,85,,8836,32,,,0,85,,8837,32,,,0,85,,8838,32,,,0,45,,8839,32,,,0,87,,8840,32,,,0,85,,8841,32,,,0,85,,8842,32,,,0,45,,8843,32,,,0,85,,8844,32,,,0,85,,8845,32,,,0,83,,8846,32,,,0,49,,8847,32,,,0,85,,8848,32,,,0,85,,8850,32,,,0,85,,8849,32,,,0,45,,8852,32,,,0,85,,8851,32,,,0,81,,8853,32,,,0
18019,'995',651,,8854,32,,,0,80,,8855,32,,,0,82,,8856,32,,,0,40,,8857,32,,,0,80,,8858,32,,,0,80,,8859,32,,,0,40,,8860,32,,,0,80,,8861,32,,,0,85,,8862,32,,,0,85,,8863,32,,,0,45,,8864,32,,,0,87,,8865,32,,,0,85,,8866,32,,,0,85,,8867,32,,,0,45,,8869,32,,,0,85,,8870,32,,,0,85,,8868,32,,,0,85,,8871,32,,,0,50,,8873,32,,,0,85,,8872,32,,,0,83,,8874,32,,,0,85,,8876,32,,,0,45,,8875,32,,,0,85,,8877,32,,,0,81,,8878,32,,,0
18019,'996',843,,8879,32,,,0,80,,8880,32,,,0,80,,8881,32,,,0,40,,8882,32,,,0,83,,8883,32,,,0,87,,8884,32,,,0,45,,8885,32,,,0,85,,8886,32,,,0,85,,8887,32,,,0,85,,8888,32,,,0,45,,8889,32,,,0,85,,8890,32,,,0,85,,8891,32,,,0,85,,8892,32,,,0,45,,8893,32,,,0,85,,8894,32,,,0,85,,8895,32,,,0,85,,8896,32,,,0,45,,8897,32,,,0,85,,8898,32,,,0,82,,8899,32,,,0
