5029,'993',856,,6923,2,,,0,80,,6924,2,,,0,80,,6925,2,,,0,85,,6926,2,,,0,45,,6927,2,,,0,85,,6928,2,,,0,85,,6929,2,,,0,85,,6930,2,,,0,45,,6931,2,,,0,85,,6932,2,,,0,85,,6933,2,,,0,85,,6934,2,,,0,45,,6935,2,,,0,85,,6936,2,,,0,85,,6937,2,,,0,85,,6938,2,,,0,45,,6939,2,,,0,85,,6940,2,,,0,85,,6941,2,,,0,85,,6942,2,,,0
5029,'994',646,,6966,2,,,0,70,,6967,2,,,0,30,,6968,2,,,0,69,,6969,2,,,0,31,,6970,2,,,0,70,,6971,2,,,0,30,,6972,2,,,0,70,,6950,2,,,0,30,,6951,2,,,0,70,,6952,2,,,0,30,,6953,2,,,0,70,,6954,2,,,0,30,,6955,2,,,0,70,,6956,2,,,0,30,,6957,2,,,0,70,,6958,2,,,0,30,,6959,2,,,0,70,,6960,2,,,0,30,,6961,2,,,0,70,,6962,2,,,0,30,,6963,2,,,0,70,,6964,2,,,0,30,,6965,2,,,0,70,,6943,2,,,0,30,,6944,2,,,0,84,,6945,2,,,0,84,,6946,2,,,0,86,,6947,2,,,0,45,,6948,2,,,0,85,,6949,2,,,0,85,,6973,2,,,0
5029,'995',626,,6974,2,,,0,80,,6975,2,,,0,40,,6976,2,,,0,80,,6977,2,,,0,80,,6978,2,,,0,40,,6979,2,,,0,70,,6980,2,,,0,30,,6981,2,,,0,70,,6982,2,,,0,30,,6983,2,,,0,70,,6984,2,,,0,30,,6985,2,,,0,70,,6986,2,,,0,30,,6987,2,,,0,70,,6988,2,,,0,30,,6989,2,,,0,70,,6990,2,,,0,30,,6991,2,,,0,70,,6992,2,,,0,30,,6993,2,,,0,70,,6994,2,,,0,30,,6995,2,,,0,70,,6996,2,,,0,30,,6997,2,,,0,84,,6998,2,,,0,84,,6999,2,,,0,86,,7000,2,,,0,45,,7001,2,,,0,85,,7003,2,,,0,85,,7002,2,,,0
5029,'996',856,,7004,2,,,0,80,,7005,2,,,0,80,,7006,2,,,0,85,,7007,2,,,0,45,,7008,2,,,0,85,,7009,2,,,0,85,,7010,2,,,0,85,,7011,2,,,0,45,,7012,2,,,0,85,,7013,2,,,0,85,,7014,2,,,0,85,,7015,2,,,0,45,,7016,2,,,0,85,,7017,2,,,0,85,,7018,2,,,0,85,,7019,2,,,0,45,,7020,2,,,0,85,,7021,2,,,0,85,,7022,2,,,0,85,,7023,2,,,0
8019,'993',830,,7245,2,,,0,80,,7249,2,,,0,40,,7262,2,,,0,6,,7248,39,0,6,0,73,,7255,15,,,0,7,,7232,39,0,6,0,73,,7239,15,,,0,10,,7233,39,0,6,0,38,,7256,15,,,0,49,,7250,39,0,6,0,36,,7240,15,,,0,9,,7234,39,0,6,0,76,,7257,15,,,0,9,,7251,39,0,6,0,76,,7241,15,,,0,9,,7235,39,0,6,0,36,,7258,15,,,0,49,,7252,39,0,6,0,36,,7231,15,,,0,9,,7236,39,0,6,0,76,,7242,15,,,0,9,,7253,39,0,6,0,76,,7243,15,,,0,7,,7237,39,0,6,0,38,,7244,15,,,0,87,,7268,2,,,0,85,,7259,2,,,0,85,,7261,2,,,0,45,,7267,2,,,0,85,,7246,2,,,0,85,,7270,2,,,0
8019,'994',642,,7315,39,0,6,0,13,,7323,15,,,0,60,,7316,39,0,6,0,1,,7324,15,,,0,24,,7317,39,0,6,0,10,,7325,15,,,0,60,,7318,39,0,6,0,5,,7326,15,,,0,25,,7319,39,0,6,0,5,,7327,15,,,0,65,,7320,39,0,6,0,5,,7328,15,,,0,25,,7321,39,0,6,0,5,,7329,15,,,0,65,,7322,39,0,6,0,5,,7287,15,,,0,25,,7271,39,0,6,0,5,,7288,15,,,0,65,,7272,39,0,6,0,5,,7289,15,,,0,25,,7273,39,0,6,0,5,,7290,15,,,0,65,,7274,39,0,6,0,5,,7291,15,,,0,29,,7275,39,0,6,0,2,,7292,15,,,0,68,,7276,39,0,6,0,6,,7293,15,,,0,24,,7277,39,0,6,0,6,,7294,15,,,0,64,,7278,39,0,6,0,6,,7295,15,,,0,24,,7279,39,0,6,0,6,,7296,15,,,0,64,,7280,39,0,6,0,6,,7297,15,,,0,24,,7281,39,0,6,0,6,,7298,15,,,0,64,,7282,39,0,6,0,6,,7299,15,,,0,24,,7283,39,0,6,0,6,,7300,15,,,0,64,,7284,39,0,6,0,6,,7301,15,,,0,24,,7285,39,0,6,0,6,,7302,15,,,0,64,,7286,39,0,6,0,5,,7330,15,,,0,22,,7309,39,0,6,0,8,,7311,15,,,0,62,,7304,39,0,6,0,5,,7312,15,,,0,27,,7332,2,,,0,85,,7310,2,,,0,85,,7313,2,,,0,45,,7303,2,,,0,85,,7314,2,,,0
8019,'995',640,,7333,2,,,0,80,,7334,2,,,0,80,,7335,2,,,0,40,,7336,2,,,0,80,,7337,2,,,0,6,,7347,39,0,6,0,30,,7370,15,,,0,50,,7348,39,0,6,0,15,,7371,15,,,0,17,,7372,15,,,0,3,,7349,39,0,6,0,70,,7350,39,0,6,0,3,,7373,15,,,0,27,,7351,39,0,6,0,8,,7374,15,,,0,62,,7352,39,0,6,0,8,,7375,15,,,0,22,,7353,39,0,6,0,8,,7376,15,,,0,66,,7354,39,0,6,0,4,,7377,15,,,0,26,,7355,39,0,6,0,6,,7378,15,,,0,64,,7356,39,0,6,0,6,,7379,15,,,0,24,,7357,39,0,6,0,6,,7380,15,,,0,64,,7358,39,0,6,0,6,,7381,15,,,0,24,,7359,39,0,6,0,6,,7382,15,,,0,64,,7360,39,0,6,0,6,,7383,15,,,0,24,,7361,39,0,6,0,6,,7384,15,,,0,64,,7362,39,0,6,0,6,,7385,15,,,0,24,,7363,39,0,6,0,6,,7386,15,,,0,64,,7364,39,0,6,0,6,,7387,15,,,0,15,,7388,39,0,6,0,15,,7390,15,,,0,55,,7391,39,0,6,0,12,,7389,15,,,0,25,,7338,2,,,0,85,,7339,2,,,0,85,,7340,2,,,0,45,,7341,2,,,0,85,,7342,2,,,0
8019,'996',830,,7406,2,,,0,80,,7410,2,,,0,40,,7423,2,,,0,6,,7409,39,0,6,0,73,,7416,15,,,0,7,,7393,39,0,6,0,73,,7400,15,,,0,10,,7394,39,0,6,0,38,,7417,15,,,0,49,,7411,39,0,6,0,36,,7401,15,,,0,9,,7395,39,0,6,0,76,,7418,15,,,0,9,,7412,39,0,6,0,76,,7402,15,,,0,9,,7396,39,0,6,0,36,,7419,15,,,0,49,,7413,39,0,6,0,36,,7392,15,,,0,9,,7397,39,0,6,0,76,,7403,15,,,0,9,,7414,39,0,6,0,76,,7404,15,,,0,7,,7398,39,0,6,0,38,,7405,15,,,0,87,,7429,2,,,0,85,,7420,2,,,0,85,,7422,2,,,0,45,,7428,2,,,0,85,,7407,2,,,0,85,,7431,2,,,0
10029,'993',829,,7738,2,,,0,80,,7739,2,,,0,40,,7740,2,,,0,80,,7741,2,,,0,83,,7742,2,,,0,89,,7743,2,,,0,44,,7744,2,,,0,85,,7745,2,,,0,85,,7746,2,,,0,85,,7747,2,,,0,45,,7748,2,,,0,85,,7749,2,,,0,85,,7750,2,,,0,85,,7751,2,,,0,45,,7752,2,,,0,85,,7753,2,,,0,85,,7754,2,,,0,85,,7755,2,,,0,45,,7756,2,,,0,85,,7757,2,0,7 8,0
10029,'994',641,,7781,2,,,0,67,,7782,2,,,0,30,,7783,2,,,0,70,,7784,2,,,0,30,,7785,2,,,0,70,,7786,2,,,0,30,,7787,2,,,0,70,,7758,2,,,0,30,,7759,2,,,0,70,,7760,2,,,0,30,,7761,2,,,0,70,,7762,2,,,0,30,,7763,2,,,0,70,,7764,2,,,0,30,,7765,2,,,0,70,,7766,2,,,0,30,,7767,2,,,0,70,,7768,2,,,0,30,,7769,2,,,0,70,,7770,2,,,0,30,,7771,2,,,0,70,,7772,2,,,0,30,,7773,2,,,0,70,,7774,2,,,0,28,,7780,2,,,0,70,,7788,2,,,0,37,,7778,2,,,0,85,,7779,2,,,0,85,,7777,2,,,0,45,,7775,2,,,0,85,,7776,2,0,9,0,83,,7789,2,0,7 8,0
10029,'995',641,,7790,2,,,0,80,,7791,2,,,0,80,,7792,2,,,0,40,,7793,2,,,0,80,,7794,2,,,0,82,,7795,2,,,0,33,,7796,2,,,0,70,,7797,2,,,0,30,,7798,2,,,0,70,,7799,2,,,0,30,,7800,2,,,0,70,,7801,2,,,0,30,,7802,2,,,0,70,,7803,2,,,0,31,,7804,2,,,0,70,,7805,2,,,0,30,,7806,2,,,0,70,,7807,2,,,0,30,,7808,2,,,0,70,,7809,2,,,0,30,,7810,2,,,0,70,,7811,2,,,0,30,,7812,2,,,0,70,,7813,2,,,0,37,,7814,2,,,0,85,,7815,2,,,0,85,,7816,2,,,0,45,,7817,2,,,0,85,,7818,2,0,9,0,85,,7819,2,0,7 8,0
10029,'996',829,,7820,2,,,0,80,,7821,2,,,0,40,,7822,2,,,0,80,,7823,2,,,0,83,,7824,2,,,0,89,,7825,2,,,0,44,,7826,2,,,0,85,,7827,2,,,0,85,,7828,2,,,0,85,,7829,2,,,0,45,,7830,2,,,0,85,,7831,2,,,0,85,,7832,2,,,0,85,,7833,2,,,0,45,,7834,2,,,0,85,,7835,2,,,0,85,,7836,2,,,0,85,,7837,2,,,0,45,,7838,2,,,0,85,,7839,2,0,7 8,0
16019,'994',631,,8516,2,,,0,28,,8517,2,,,0,70,,8518,2,,,0,30,,8519,2,,,0,70,,8520,2,,,0,30,,8521,2,,,0,70,,8522,2,,,0,28,,8523,2,,,0,72,,8501,2,,,0,30,,8502,2,,,0,70,,8503,2,,,0,30,,8504,2,,,0,70,,8505,2,,,0,30,,8506,2,,,0,70,,8507,2,,,0,30,,8508,2,,,0,70,,8509,2,,,0,30,,8510,2,,,0,70,,8511,2,,,0,30,,8512,2,,,0,70,,8513,2,,,0,30,,8514,2,,,0,70,,8515,2,,,0,30,,8524,2,,,0,70,,8525,2,,,0,30,,8526,2,,,0
16019,'995',645,,8527,2,,,0,67,,8528,2,,,0,40,,8529,2,,,0,80,,8530,2,,,0,80,,8531,2,,,0,40,,8532,2,,,0,77,,8533,2,,,0,30,,8534,2,,,0,70,,8535,2,,,0,30,,8536,2,,,0,70,,8537,2,,,0,30,,8538,2,,,0,70,,8539,2,,,0,30,,8540,2,,,0,70,,8541,2,,,0,30,,8542,2,,,0,70,,8543,2,,,0,30,,8544,2,,,0,70,,8545,2,,,0,30,,8546,2,,,0,70,,8547,2,,,0,30,,8548,2,,,0,70,,8549,2,,,0,30,,8550,2,,,0
