2019,'993',835,,6605,9,0,12,0,80,,6606,9,0,12,0,40,,6607,9,0,12,0,80,,6608,9,0,12,0,85,,6609,9,0,12,0,85,,6610,9,0,12,0,45,,6611,9,0,12,0,85,,6612,9,0,12,0,85,,6613,9,0,12,0,85,,6614,9,0,12,0,45,,6615,9,0,12,0,85,,6616,9,0,12,0,85,,6617,9,0,12,0,85,,6618,9,0,12,0,45,,6619,9,0,12,0,85,,6620,9,0,12,0,85,,6621,9,0,12,0,85,,6622,9,0,12,0,45,,6623,9,0,12,0,85,,6644,9,0,12,0
2019,'994',626,,6693,9,0,12,0,25,,6694,9,0,12,0,70,,6695,9,0,12,0,30,,6696,9,0,12,0,70,,6697,9,0,12,0,30,,6698,9,0,12,0,70,,6699,9,0,12,0,30,,6692,9,0,12,0,70,,6670,9,0,12,0,30,,6671,9,0,12,0,70,,6672,9,0,12,0,30,,6673,9,0,12,0,70,,6674,9,0,12,0,30,,6675,9,0,12,0,70,,6676,9,0,12,0,30,,6677,9,0,12,0,70,,6678,9,0,12,0,30,,6679,9,0,12,0,70,,6680,9,0,12,0,30,,6681,9,0,12,0,70,,6682,9,0,12,0,30,,6683,9,0,12,0,70,,6684,9,0,12,0,30,,6645,9,0,12,0,70,,6646,9,0,12,0,85,,6647,9,0,12,0,45,,6648,9,0,12,0,85,,6649,9,0,12,0,85,,6650,9,0,12,0,85,,6651,9,0,12,0,45,,6700,9,0,12,0,85,,6702,9,0,5,0
2019,'995',605,,6739,9,0,12,0,40,,6740,9,0,12,0,80,,6741,9,0,12,0,80,,6742,9,0,12,0,40,,6743,9,0,12,0,80,,6744,9,0,12,0,25,,6770,9,0,12,0,70,,6745,9,0,12,0,30,,6746,9,0,12,0,70,,6747,9,0,12,0,30,,6748,9,0,12,0,70,,6749,9,0,12,0,30,,6750,9,0,12,0,70,,6751,9,0,12,0,30,,6752,9,0,12,0,70,,6753,9,0,12,0,30,,6754,9,0,12,0,70,,6755,9,0,12,0,30,,6756,9,0,12,0,70,,6757,9,0,12,0,30,,6758,9,0,12,0,70,,6759,9,0,12,0,30,,6760,9,0,12,0,70,,6771,9,0,12,0,85,,6761,9,0,12,0,45,,6762,9,0,12,0,85,,6763,9,0,12,0,85,,6764,9,0,12,0,85,,6765,9,0,12,0,45,,6766,9,0,12,0,85,,6767,9,0,5,0
2019,'996',835,,6773,9,0,12,0,80,,6774,9,0,12,0,40,,6775,9,0,12,0,80,,6776,9,0,12,0,85,,6777,9,0,12,0,85,,6778,9,0,12,0,45,,6779,9,0,12,0,85,,6780,9,0,12,0,85,,6781,9,0,12,0,85,,6782,9,0,12,0,45,,6783,9,0,12,0,85,,6784,9,0,12,0,85,,6785,9,0,12,0,85,,6786,9,0,12,0,45,,6787,9,0,12,0,85,,6788,9,0,12,0,85,,6789,9,0,12,0,85,,6790,9,0,12,0,45,,6791,9,0,12,0,85,,6812,9,0,12,0
11029,'994',605,,7901,10,,,0,30,,7902,10,,,0,70,,7903,10,,,0,30,,7904,10,,,0,70,,7905,10,,,0,30,,7906,10,,,0,70,,7907,10,,,0,30,,7900,10,,,0,70,,7884,10,,,0,30,,7885,10,,,0,70,,7886,10,,,0,30,,7887,10,,,0,70,,7888,10,,,0,30,,7889,10,,,0,70,,7890,10,,,0,30,,7891,10,,,0,70,,7892,10,,,0,30,,7893,10,,,0,70,,7894,10,,,0,30,,7895,10,,,0,70,,7896,10,,,0,30,,7897,10,,,0,70,,7898,10,,,0,30,,7899,10,,,0,70,,7909,10,,,0,30,,7908,10,,,0
11029,'995',1005,,7910,10,,,0,30,,7911,10,,,0,70,,7912,10,,,0,30,,7913,10,,,0,70,,7914,10,,,0,30,,7915,10,,,0,70,,7916,10,,,0,30,,7917,10,,,0,70,,7918,10,,,0,30,,7919,10,,,0,70,,7920,10,,,0,30,,7921,10,,,0,70,,7922,10,,,0,30,,7923,10,,,0,70,,7924,10,,,0,30,,7925,10,,,0,70,,7926,10,,,0,30,,7927,10,,,0
13019,'993',834,,7978,10,,,0,80,,7979,10,,,0,40,,7980,10,,,0,80,,7981,10,,,0,85,,7982,10,,,0,85,,7983,10,,,0,45,,7984,10,,,0,85,,7985,10,,,0,85,,7986,10,,,0,85,,7987,10,,,0,45,,7988,10,,,0,85,,7989,10,,,0,85,,7990,10,,,0,85,,7991,10,,,0,45,,7992,10,,,0,85,,7993,10,,,0,85,,7994,10,,,0,85,,7995,10,,,0,45,,7996,10,,,0
13019,'994',1904,,8002,10,,,0,45,,7997,10,,,0,85,,7998,10,,,0,85,,8000,10,,,0,84,,7999,10,,,0,45,,8001,10,,,0
13019,'995',603,,8003,10,,,0,40,,8004,10,,,0,80,,8005,10,,,0,80,,8006,10,,,0,40,,8007,10,,,0,80,,8008,10,,,0,981,,8009,10,,,0,45,,8010,10,,,0,85,,8011,10,,,0,85,,8012,10,,,0,85,,8013,10,,,0,45,,8014,10,,,0
13019,'996',834,,8015,10,,,0,80,,8016,10,,,0,40,,8017,10,,,0,80,,8018,10,,,0,85,,8019,10,,,0,85,,8020,10,,,0,45,,8021,10,,,0,85,,8022,10,,,0,85,,8023,10,,,0,85,,8024,10,,,0,45,,8025,10,,,0,85,,8026,10,,,0,85,,8027,10,,,0,85,,8028,10,,,0,45,,8029,10,,,0,85,,8030,10,,,0,85,,8031,10,,,0,85,,8032,10,,,0,45,,8033,10,,,0
