1029,'1038',827,,18070,26,,,0,80,,18071,26,,,0,20,,18091,26,,,0,20,,18089,26,,,0,60,,18093,26,,,0,20,,18072,26,,,0,20,,18095,26,,,0,63,,18073,26,,,0,25,,18090,26,,,0,23,,18074,26,,,0,62,,18094,26,,,0,23,,18075,26,,,0,62,,18092,26,,,0,23,,18076,26,,,0,22,,18096,26,,,0,63,,18077,26,,,0,22,,18097,26,,,0,23,,18078,26,,,0,62,,18098,26,,,0,23,,18079,26,,,0,62,,18099,26,,,0,23,,18080,26,,,0,22,,18100,26,,,0,63,,18081,26,,,0,22,,18101,26,,,0,23,,18082,26,,,0,62,,18083,26,,,0,23,,18103,26,,,0,82,,18088,25,,,0,85,,18084,25,,,0,45,,18085,25,,,0,85,,18087,25,,,0,85,,18086,25,,,0,85,,18102,25,,,0
1029,'1039',622,,18104,26,,,0,30,,18105,26,,,0,70,,18106,26,,,0,30,,18107,26,,,0,70,,18108,26,,,0,30,,18109,26,,,0,70,,18110,26,,,0,30,,18111,26,,,0,70,,18112,26,,,0,30,,18113,26,,,0,70,,18114,26,,,0,30,,18115,26,,,0,70,,18116,26,,,0,30,,18117,26,,,0,70,,18118,26,,,0,30,,18119,26,,,0,70,,18120,26,,,0,30,,18121,26,,,0,70,,18122,26,,,0,30,,18123,26,,,0,70,,18124,26,,,0,30,,18125,26,,,0,70,,18126,26,,,0,30,,18127,26,,,0,70,,18128,26,,,0,30,,18129,26,,,0,70,,18137,26,,,0,18,,18130,26,,,0,85,,18131,26,,,0,85,,18133,26,,,0,42,,18134,25,,,0,85,,18135,25,,,0,85,,18132,25,,,0,82,,18136,25,,,0
1029,'1040',637,,18138,26,,,0,80,,18139,26,,,0,40,,18140,26,,,0,80,,18141,26,,,0,80,,18142,26,,,0,40,,18143,26,,,0,60,,18145,26,,,0,30,,18144,26,,,0,73,,18147,26,,,0,30,,18146,26,,,0,70,,18149,26,,,0,30,,18148,26,,,0,70,,18151,26,,,0,30,,18150,26,,,0,70,,18153,26,,,0,30,,18152,26,,,0,70,,18155,26,,,0,30,,18154,26,,,0,70,,18157,26,,,0,30,,18156,26,,,0,70,,18159,26,,,0,30,,18158,26,,,0,70,,18168,26,,,0,30,,18160,26,,,0,70,,18169,26,,,0,20,,18161,26,,,0,83,,18163,25,,,0,85,,18162,25,,,0,45,,18164,25,,,0,85,,18166,25,,,0,83,,18165,25,,,0,84,,18167,25,,,0
1029,'996',827,,18170,26,,,0,80,,18171,26,,,0,20,,18191,26,,,0,20,,18189,26,,,0,60,,18193,26,,,0,20,,18172,26,,,0,20,,18195,26,,,0,63,,18173,26,,,0,25,,18190,26,,,0,23,,18174,26,,,0,62,,18194,26,,,0,23,,18175,26,,,0,62,,18192,26,,,0,23,,18176,26,,,0,22,,18196,26,,,0,63,,18177,26,,,0,22,,18197,26,,,0,23,,18178,26,,,0,62,,18198,26,,,0,23,,18179,26,,,0,62,,18199,26,,,0,23,,18180,26,,,0,22,,18200,26,,,0,63,,18181,26,,,0,22,,18201,26,,,0,23,,18182,26,,,0,62,,18183,26,,,0,23,,18203,26,,,0,82,,18188,25,,,0,85,,18184,25,,,0,45,,18185,25,,,0,85,,18187,25,,,0,85,,18186,25,,,0,85,,18202,25,,,0
2019,'1038',906,,18231,23,,,0,40,,18241,23,,,0,80,,18232,23,,,0,82,,18223,23,,,0,40,,18233,23,,,0,90,,18224,23,,,0,85,,18234,23,,,0,85,,18225,23,,,0,45,,18235,23,,,0,85,,18226,23,,,0,85,,18236,23,,,0,85,,18230,23,,,0,45,,18227,23,,,0,85,,18240,23,,,0,85,,18237,23,,,0,85,,18238,23,,,0,45,,18239,23,,,0,85,,18228,23,,,0,85,,18229,23,,,0,85,,18242,23,,,0
2019,'1039',707,,18284,23,,,0,34,,18285,23,,,0,70,,18286,23,,,0,30,,18287,23,,,0,69,,18288,23,,,0,31,,18289,23,,,0,70,,18290,23,,,0,30,,18253,23,,,0,70,,18254,23,,,0,30,,18255,23,,,0,70,,18256,23,,,0,30,,18257,23,,,0,70,,18258,23,,,0,30,,18259,23,,,0,70,,18260,23,,,0,30,,18261,23,,,0,70,,18262,23,,,0,30,,18263,23,,,0,70,,18264,23,,,0,30,,18265,23,,,0,70,,18266,23,,,0,30,,18267,23,,,0,70,,18268,23,,,0,30,,18251,23,,,0,70,,18252,23,,,0,30,,18305,23,,,0,85,,18306,23,,,0,85,,18307,23,,,0,45,,18303,23,,,0,85,,18304,23,,,0,85,,18308,23,,,0,84,,18300,23,,,0,16,,18302,23,,,0
2019,'1040',632,,18309,23,,,0,80,,18310,23,,,0,40,,18311,23,,,0,80,,18312,23,,,0,80,,18313,23,,,0,42,,18314,23,,,0,85,,18315,23,,,0,70,,18316,23,,,0,30,,18317,23,,,0,70,,18318,23,,,0,30,,18319,23,,,0,70,,18320,23,,,0,30,,18321,23,,,0,70,,18322,23,,,0,30,,18323,23,,,0,70,,18324,23,,,0,30,,18325,23,,,0,70,,18326,23,,,0,30,,18327,23,,,0,70,,18328,23,,,0,30,,18329,23,,,0,70,,18330,23,,,0,30,,18331,23,,,0,70,,18332,23,,,0,30,,18333,23,,,0,84,,18334,23,,,0,83,,18335,23,,,0,45,,18336,23,,,0,85,,18337,23,,,0,85,,18368,23,,,0,85,,18367,23,,,0,15,,18371,23,,,0
2019,'996',906,,18399,23,,,0,40,,18409,23,,,0,80,,18400,23,,,0,82,,18391,23,,,0,40,,18401,23,,,0,90,,18392,23,,,0,85,,18402,23,,,0,85,,18393,23,,,0,45,,18403,23,,,0,85,,18394,23,,,0,85,,18404,23,,,0,85,,18398,23,,,0,45,,18395,23,,,0,85,,18408,23,,,0,85,,18405,23,,,0,85,,18406,23,,,0,45,,18407,23,,,0,85,,18396,23,,,0,85,,18397,23,,,0,85,,18410,23,,,0
11019,'1039',627,,19455,19,,,0,30,,19456,19,,,0,70,,19457,19,,,0,30,,19458,19,,,0,70,,19459,19,,,0,30,,19460,19,,,0,70,,19461,19,,,0,30,,19462,19,,,0,70,,19439,19,,,0,30,,19440,19,,,0,70,,19441,19,,,0,30,,19442,19,,,0,70,,19443,19,,,0,30,,19444,19,,,0,70,,19445,19,,,0,30,,19446,19,,,0,70,,19447,19,,,0,30,,19448,19,,,0,70,,19449,19,,,0,30,,19450,19,,,0,70,,19451,19,,,0,30,,19452,19,,,0,70,,19453,19,,,0,30,,19454,19,,,0,70,,19464,19,,,0,30,,19463,19,,,0
11019,'1040',1027,,19465,19,,,0,30,,19466,19,,,0,70,,19467,19,,,0,30,,19468,19,,,0,70,,19469,19,,,0,30,,19470,19,,,0,70,,19471,19,,,0,30,,19472,19,,,0,70,,19473,19,,,0,30,,19474,19,,,0,70,,19475,19,,,0,30,,19476,19,,,0,70,,19477,19,,,0,30,,19478,19,,,0,70,,19479,19,,,0,30,,19480,19,,,0,70,,19481,19,,,0,30,,19482,19,,,0
13029,'1038',907,,19633,23,,,0,40,,19634,23,,,0,80,,19635,23,,,0,80,,19636,23,,,0,46,,19637,23,,,0,85,,19638,23,,,0,85,,19639,23,,,0,85,,19640,23,,,0,45,,19641,23,,,0,85,,19642,23,,,0,85,,19643,23,,,0,85,,19644,23,,,0,45,,19645,23,,,0,85,,19646,23,,,0,85,,19647,23,,,0,83,,19648,23,,,0,44,,19649,23,,,0,85,,19650,23,,,0,85,,19651,23,,,0
13029,'1039',1938,,19657,23,,,0,85,,19652,23,,,0,85,,19653,23,,,0,44,,19655,23,,,0,83,,19654,23,,,0,85,,19656,23,,,0
13029,'1040',634,,19658,23,,,0,80,,19659,23,,,0,40,,19660,23,,,0,80,,19661,23,,,0,81,,19662,23,,,0,40,,19663,23,,,0,982,,19664,23,,,0,85,,19665,23,,,0,85,,19666,23,,,0,45,,19667,23,,,0,85,,19668,23,,,0,85,,19669,23,,,0
13029,'996',907,,19670,23,,,0,40,,19671,23,,,0,80,,19672,23,,,0,80,,19673,23,,,0,46,,19674,23,,,0,85,,19675,23,,,0,85,,19676,23,,,0,85,,19677,23,,,0,45,,19678,23,,,0,85,,19679,23,,,0,85,,19680,23,,,0,85,,19681,23,,,0,45,,19682,23,,,0,85,,19683,23,,,0,85,,19684,23,,,0,83,,19685,23,,,0,44,,19686,23,,,0,85,,19687,23,,,0,85,,19688,23,,,0
130003029,'1035',847,,21085,27,0,9,0,80,,21091,27,0,9,0,80,,21088,27,0,9,0,42,,21089,27,0,9,0,83,,21087,27,0,9,0,87,,21090,27,0,9,0,85,,21086,27,0,9,0,45,,21079,27,0,9,0,85,,21080,27,0,9,0,85,,21081,27,0,9,0,85,,21082,27,0,9,0,45,,21083,27,0,9,0,85,,21084,27,0,9,0,86,,21092,27,0,9,0
130003029,'1038',827,,21093,27,,,0,80,,21094,27,,,0,40,,21095,27,,,0,80,,21096,27,,,0,83,,21097,27,,,0,47,,21098,27,,,0,85,,21099,27,,,0,85,,21100,27,,,0,85,,21101,27,,,0,45,,21102,27,,,0,85,,21103,27,,,0,85,,21104,27,,,0,85,,21105,27,,,0,46,,21106,27,,,0,85,,21112,27,,,0,85,,21107,27,,,0,85,,21108,27,,,0,45,,21109,27,,,0,85,,21110,27,,,0,85,,21111,27,,,0,83,,21113,27,0,9,0
130003029,'1039',627,,21155,27,,,0,15,,21156,27,0,10 11,0,67,,21157,28,0,10 11,0,15,,21158,28,,,0,15,,21159,28,0,10 11,0,15,,21160,28,,,0,55,,21161,28,0,10 11,0,15,,21162,28,,,0,15,,21163,28,0,10 11,0,15,,21164,28,,,0,55,,21165,28,0,10 11,0,15,,21166,28,,,0,15,,21167,28,0,10 11,0,15,,21168,28,,,0,55,,21169,28,0,10 11,0,15,,21114,28,,,0,15,,21115,28,0,10 11,0,15,,21116,28,,,0,55,,21117,28,0,10 11,0,15,,21118,28,,,0,15,,21119,28,0,10 11,0,15,,21120,28,,,0,55,,21121,28,0,10 11,0,15,,21122,28,,,0,15,,21123,28,0,10 11,0,15,,21124,28,,,0,55,,21125,28,0,10 11,0,15,,21126,28,,,0,15,,21127,28,0,10 11,0,15,,21128,28,,,0,55,,21129,28,0,10 11,0,15,,21130,28,,,0,15,,21131,28,0,10 11,0,15,,21132,28,,,0,55,,21133,28,0,10 11,0,15,,21134,28,,,0,15,,21135,28,0,10 11,0,15,,21136,28,,,0,55,,21137,28,0,10 11,0,15,,21138,28,,,0,15,,21139,28,0,10 11,0,15,,21140,28,,,0,55,,21141,28,0,10 11,0,15,,21142,28,,,0,15,,21143,28,0,10 11,0,15,,21144,28,,,0,58,,21152,28,0,10 11,0,15,,21151,28,,,0,15,,21153,28,0,10 11,0,15,,21145,28,,,0,48,,21154,27,0,9,0,15,,21149,27,0,9,0,22,,21170,27,,,0,63,,21148,27,0,9,0,22,,21171,27,,,0,23,,21147,27,0,9,0,62,,21172,27,,,0,23,,21146,27,0,9,0,22,,21174,27,,,0,63,,21176,27,0,9,0,22,,21150,27,,,0,82,,21173,27,0,9,0,81,,21175,27,0,9,0,39,,21177,27,0,9,0
130003029,'1040',617,,21178,27,0,9,0,20,,21179,27,,,0,20,,21180,27,0,9,0,60,,21181,27,,,0,20,,21182,27,0,9,0,20,,21183,27,,,0,60,,21184,27,0,9,0,20,,21185,27,,,0,20,,21186,27,0,9,0,60,,21187,27,,,0,20,,21188,27,0,9,0,20,,21189,27,,,0,70,,21190,28,,,0,15,,21191,28,0,10 11,0,15,,21192,28,,,0,55,,21193,28,0,10 11,0,15,,21194,28,,,0,15,,21195,28,0,10 11,0,15,,21196,28,,,0,55,,21197,28,0,10 11,0,15,,21198,28,,,0,15,,21199,28,0,10 11,0,15,,21200,28,,,0,55,,21201,28,0,10 11,0,15,,21202,28,,,0,15,,21203,28,0,10 11,0,15,,21204,28,,,0,55,,21205,28,0,10 11,0,15,,21206,28,,,0,15,,21207,28,0,10 11,0,15,,21208,28,,,0,55,,21209,28,0,10 11,0,15,,21210,28,,,0,15,,21211,28,0,10 11,0,15,,21212,28,,,0,55,,21213,28,0,10 11,0,15,,21214,28,,,0,15,,21215,28,0,10 11,0,15,,21216,28,,,0,55,,21217,28,0,10 11,0,15,,21218,28,,,0,15,,21219,28,0,10 11,0,15,,21236,28,,,0,55,,21237,28,0,10 11,0,15,,21231,28,,,0,15,,21232,28,0,10 11,0,15,,21234,28,,,0,48,,21235,27,0,9,0,15,,21233,27,0,9,0,22,,21238,27,,,0,63,,21225,27,0,9,0,22,,21220,27,,,0,23,,21226,27,0,9,0,62,,21221,27,,,0,23,,21227,27,0,9,0,22,,21222,27,,,0,63,,21228,27,0,9,0,22,,21223,27,,,0,82,,21224,27,0,9,0,82,,21229,27,0,9,0,39,,21230,27,0,9,0
130003029,'996',827,,21239,27,,,0,20,,21264,27,0,9,0,60,,21240,27,,,0,20,,21270,27,0,9,0,20,,21241,27,,,0,60,,21267,27,0,9,0,20,,21242,27,,,0,22,,21268,27,0,9,0,61,,21243,27,,,0,22,,21266,27,0,9,0,25,,21244,27,,,0,62,,21269,27,0,9,0,23,,21245,27,,,0,62,,21265,27,0,9,0,23,,21246,27,,,0,22,,21247,27,0,9,0,63,,21248,27,,,0,22,,21249,27,0,9,0,23,,21250,27,,,0,62,,21251,27,0,9,0,23,,21252,27,,,0,62,,21253,27,0,9,0,23,,21254,27,,,0,22,,21255,27,0,9,0,63,,21256,27,,,0,22,,21257,27,0,9,0,24,,21258,27,,,0,62,,21272,27,0,9,0,23,,21271,27,,,0,85,,21259,27,,,0,85,,21260,27,,,0,45,,21261,27,,,0,85,,21262,27,,,0,85,,21263,27,,,0,83,,21273,27,0,9,0
