4019,'994',631,,6813,2,,,0,502,,6818,2,,,0
10019,'993',811,,7636,2,,,0,40,,7637,2,,,0,80,,7638,2,,,0,80,,7639,2,,,0,43,,7640,2,,,0,85,,7641,2,,,0,85,,7642,2,,,0,85,,7643,2,,,0,45,,7644,2,,,0,85,,7645,2,,,0,85,,7646,2,,,0,85,,7647,2,,,0,45,,7648,2,,,0,85,,7649,2,,,0,85,,7650,2,,,0,85,,7651,2,,,0,45,,7652,2,,,0,85,,7653,2,,,0,85,,7654,2,,,0,85,,7655,2,,,0
10019,'994',621,,7678,2,,,0,25,,7679,2,,,0,70,,7680,2,,,0,30,,7681,2,,,0,70,,7682,2,,,0,30,,7683,2,,,0,70,,7684,2,,,0,30,,7685,2,,,0,70,,7656,2,,,0,30,,7657,2,,,0,70,,7658,2,,,0,30,,7659,2,,,0,70,,7660,2,,,0,30,,7661,2,,,0,70,,7662,2,,,0,30,,7663,2,,,0,70,,7664,2,,,0,30,,7665,2,,,0,70,,7666,2,,,0,30,,7667,2,,,0,70,,7668,2,,,0,30,,7669,2,,,0,70,,7670,2,,,0,30,,7671,2,,,0,70,,7673,2,,,0,30,,7686,2,,,0,77,,7677,2,,,0,85,,7676,2,,,0,45,,7672,2,,,0,85,,7674,2,,,0,85,,7675,2,,,0,85,,7687,2,,,0
10019,'995',621,,7688,2,,,0,80,,7689,2,,,0,40,,7690,2,,,0,80,,7691,2,,,0,80,,7692,2,,,0,42,,7693,2,,,0,73,,7694,2,,,0,30,,7695,2,,,0,70,,7696,2,,,0,30,,7697,2,,,0,70,,7698,2,,,0,30,,7699,2,,,0,70,,7700,2,,,0,30,,7701,2,,,0,70,,7702,2,,,0,30,,7703,2,,,0,70,,7704,2,,,0,30,,7705,2,,,0,70,,7706,2,,,0,30,,7707,2,,,0,70,,7708,2,,,0,30,,7709,2,,,0,70,,7710,2,,,0,30,,7711,2,,,0,77,,7712,2,,,0,85,,7713,2,,,0,45,,7714,2,,,0,85,,7715,2,,,0,85,,7716,2,,,0,85,,7717,2,,,0
10019,'996',811,,7718,2,,,0,40,,7719,2,,,0,80,,7720,2,,,0,80,,7721,2,,,0,43,,7722,2,,,0,85,,7723,2,,,0,85,,7724,2,,,0,85,,7725,2,,,0,45,,7726,2,,,0,85,,7727,2,,,0,85,,7728,2,,,0,85,,7729,2,,,0,45,,7730,2,,,0,85,,7731,2,,,0,85,,7732,2,,,0,85,,7733,2,,,0,45,,7734,2,,,0,85,,7735,2,,,0,85,,7736,2,,,0,85,,7737,2,,,0
12019,'994',621,,7945,2,,,0,25,,7946,2,,,0,70,,7947,2,,,0,30,,7948,2,,,0,70,,7949,2,,,0,30,,7950,2,,,0,70,,7951,2,,,0,30,,7952,2,,,0,70,,7929,2,,,0,30,,7930,2,,,0,70,,7931,2,,,0,30,,7932,2,,,0,70,,7933,2,,,0,30,,7934,2,,,0,70,,7935,2,,,0,30,,7936,2,,,0,70,,7937,2,,,0,30,,7938,2,,,0,70,,7939,2,,,0,30,,7940,2,,,0,70,,7941,2,,,0,30,,7942,2,,,0,70,,7943,2,,,0,30,,7944,2,,,0,70,,7928,2,,,0,30,,7953,2,,,0
12019,'995',633,,7954,2,,,0,70,,7955,2,,,0,40,,7956,2,,,0,80,,7957,2,,,0,80,,7958,2,,,0,40,,7959,2,,,0,73,,7960,2,,,0,30,,7961,2,,,0,70,,7962,2,,,0,30,,7963,2,,,0,70,,7964,2,,,0,30,,7965,2,,,0,70,,7966,2,,,0,30,,7967,2,,,0,70,,7968,2,,,0,30,,7969,2,,,0,70,,7970,2,,,0,30,,7971,2,,,0,70,,7972,2,,,0,30,,7973,2,,,0,70,,7974,2,,,0,30,,7975,2,,,0,70,,7976,2,,,0,30,,7977,2,,,0
18029,'993',811,,8900,2,,,0,40,,8901,2,,,0,80,,8902,2,,,0,80,,8903,2,,,0,43,,8904,2,,,0,87,,8905,2,,,0,85,,8906,2,,,0,85,,8907,2,,,0,45,,8908,2,,,0,85,,8909,2,,,0,85,,8910,2,,,0,85,,8911,2,,,0,45,,8912,2,,,0,85,,8913,2,,,0,85,,8914,2,,,0,85,,8915,2,,,0,45,,8916,2,,,0,85,,8917,2,,,0,85,,8918,2,,,0,85,,8919,2,,,0,43,,8920,2,,,0
18029,'994',631,,8921,2,,,0,85,,8922,2,,,0,85,,8923,2,,,0,45,,8924,2,,,0,85,,8925,2,,,0,85,,8926,2,,,0,85,,8927,2,,,0,45,,8928,2,,,0,85,,8929,2,,,0,85,,8930,2,,,0,85,,8931,2,,,0,45,,8932,2,,,0,85,,8933,2,,,0,85,,8934,2,,,0,85,,8935,2,,,0,45,,8936,2,,,0,85,,8937,2,,,0,92,,8938,2,,,0,85,,8939,2,,,0,45,,8941,2,,,0,85,,8940,2,,,0,85,,8943,2,,,0,85,,8942,2,,,0,43,,8944,2,,,0
18029,'995',621,,8945,2,,,0,80,,8946,2,,,0,40,,8947,2,,,0,80,,8948,2,,,0,80,,8949,2,,,0,40,,8950,2,,,0,80,,8951,2,,,0,80,,8952,2,,,0,45,,8953,2,,,0,85,,8954,2,,,0,85,,8955,2,,,0,85,,8956,2,,,0,45,,8957,2,,,0,85,,8958,2,,,0,85,,8960,2,,,0,85,,8961,2,,,0,45,,8959,2,,,0,85,,8962,2,,,0,92,,8964,2,,,0,85,,8963,2,,,0,45,,8965,2,,,0,85,,8967,2,,,0,85,,8966,2,,,0,85,,8968,2,,,0,43,,8969,2,,,0
18029,'996',811,,8970,2,,,0,40,,8971,2,,,0,80,,8972,2,,,0,80,,8973,2,,,0,43,,8974,2,,,0,87,,8975,2,,,0,85,,8976,2,,,0,85,,8977,2,,,0,45,,8978,2,,,0,85,,8979,2,,,0,85,,8980,2,,,0,85,,8981,2,,,0,45,,8982,2,,,0,85,,8983,2,,,0,85,,8984,2,,,0,85,,8985,2,,,0,45,,8986,2,,,0,85,,8987,2,,,0,85,,8988,2,,,0,85,,8989,2,,,0,43,,8990,2,,,0
