11019,'1039',625,,19455,17,,,0,30,,19456,17,,,0,70,,19457,17,,,0,30,,19458,17,,,0,70,,19459,17,,,0,30,,19460,17,,,0,70,,19461,17,,,0,30,,19462,17,,,0,70,,19439,17,,,0,30,,19440,17,,,0,70,,19441,17,,,0,30,,19442,17,,,0,70,,19443,17,,,0,30,,19444,17,,,0,70,,19445,17,,,0,30,,19446,17,,,0,70,,19447,17,,,0,30,,19448,17,,,0,70,,19449,17,,,0,30,,19450,17,,,0,70,,19451,17,,,0,30,,19452,17,,,0,70,,19453,17,,,0,30,,19454,17,,,0,70,,19464,17,,,0,30,,19463,17,,,0
11019,'1040',1025,,19465,17,,,0,30,,19466,17,,,0,70,,19467,17,,,0,30,,19468,17,,,0,70,,19469,17,,,0,30,,19470,17,,,0,70,,19471,17,,,0,30,,19472,17,,,0,70,,19473,17,,,0,30,,19474,17,,,0,70,,19475,17,,,0,30,,19476,17,,,0,70,,19477,17,,,0,30,,19478,17,,,0,70,,19479,17,,,0,30,,19480,17,,,0,70,,19481,17,,,0,30,,19482,17,,,0
13029,'1038',905,,19633,21,,,0,40,,19634,21,,,0,80,,19635,21,,,0,80,,19636,21,,,0,46,,19637,21,,,0,85,,19638,21,,,0,85,,19639,21,,,0,85,,19640,21,,,0,45,,19641,21,,,0,85,,19642,21,,,0,85,,19643,21,,,0,85,,19644,21,,,0,45,,19645,21,,,0,85,,19646,21,,,0,85,,19647,21,,,0,84,,19648,21,,,0,44,,19649,21,,,0,85,,19650,21,,,0,85,,19651,21,,,0
13029,'1039',1937,,19657,21,,,0,85,,19652,21,,,0,85,,19653,21,,,0,44,,19655,21,,,0,83,,19654,21,,,0,85,,19656,21,,,0
13029,'1040',633,,19658,21,,,0,80,,19659,21,,,0,40,,19660,21,,,0,80,,19661,21,,,0,81,,19662,21,,,0,40,,19663,21,,,0,982,,19664,21,,,0,85,,19665,21,,,0,85,,19666,21,,,0,45,,19667,21,,,0,85,,19668,21,,,0,85,,19669,21,,,0
13029,'996',905,,19670,21,,,0,40,,19671,21,,,0,80,,19672,21,,,0,80,,19673,21,,,0,46,,19674,21,,,0,85,,19675,21,,,0,85,,19676,21,,,0,85,,19677,21,,,0,45,,19678,21,,,0,85,,19679,21,,,0,85,,19680,21,,,0,85,,19681,21,,,0,45,,19682,21,,,0,85,,19683,21,,,0,85,,19684,21,,,0,84,,19685,21,,,0,44,,19686,21,,,0,85,,19687,21,,,0,85,,19688,21,,,0
130003029,'1035',846,,21085,25,0,9,0,80,,21091,25,0,9,0,80,,21088,25,0,9,0,42,,21089,25,0,9,0,83,,21087,25,0,9,0,87,,21090,25,0,9,0,85,,21086,25,0,9,0,45,,21079,25,0,9,0,85,,21080,25,0,9,0,85,,21081,25,0,9,0,85,,21082,25,0,9,0,45,,21083,25,0,9,0,85,,21084,25,0,9,0,86,,21092,25,0,9,0
130003029,'1038',826,,21093,25,,,0,80,,21094,25,,,0,40,,21095,25,,,0,80,,21096,25,,,0,83,,21097,25,,,0,47,,21098,25,,,0,85,,21099,25,,,0,85,,21100,25,,,0,85,,21101,25,,,0,45,,21102,25,,,0,85,,21103,25,,,0,85,,21104,25,,,0,85,,21105,25,,,0,46,,21106,25,,,0,85,,21112,25,,,0,85,,21107,25,,,0,85,,21108,25,,,0,45,,21109,25,,,0,85,,21110,25,,,0,85,,21111,25,,,0,83,,21113,25,0,9,0
130003029,'1039',626,,21155,25,,,0,15,,21156,25,0,10 11,0,67,,21157,26,0,10 11,0,15,,21158,26,,,0,15,,21159,26,0,10 11,0,15,,21160,26,,,0,55,,21161,26,0,10 11,0,15,,21162,26,,,0,15,,21163,26,0,10 11,0,15,,21164,26,,,0,55,,21165,26,0,10 11,0,15,,21166,26,,,0,15,,21167,26,0,10 11,0,15,,21168,26,,,0,55,,21169,26,0,10 11,0,15,,21114,26,,,0,15,,21115,26,0,10 11,0,15,,21116,26,,,0,55,,21117,26,0,10 11,0,15,,21118,26,,,0,15,,21119,26,0,10 11,0,15,,21120,26,,,0,55,,21121,26,0,10 11,0,15,,21122,26,,,0,15,,21123,26,0,10 11,0,15,,21124,26,,,0,55,,21125,26,0,10 11,0,15,,21126,26,,,0,15,,21127,26,0,10 11,0,15,,21128,26,,,0,55,,21129,26,0,10 11,0,15,,21130,26,,,0,15,,21131,26,0,10 11,0,15,,21132,26,,,0,55,,21133,26,0,10 11,0,15,,21134,26,,,0,15,,21135,26,0,10 11,0,15,,21136,26,,,0,55,,21137,26,0,10 11,0,15,,21138,26,,,0,15,,21139,26,0,10 11,0,15,,21140,26,,,0,55,,21141,26,0,10 11,0,15,,21142,26,,,0,15,,21143,26,0,10 11,0,15,,21144,26,,,0,58,,21152,26,0,10 11,0,15,,21151,26,,,0,15,,21153,26,0,10 11,0,15,,21145,26,,,0,48,,21154,25,0,9,0,15,,21149,25,0,9,0,22,,21170,25,,,0,63,,21148,25,0,9,0,22,,21171,25,,,0,23,,21147,25,0,9,0,62,,21172,25,,,0,23,,21146,25,0,9,0,22,,21174,25,,,0,63,,21176,25,0,9,0,22,,21150,25,,,0,82,,21173,25,0,9,0,80,,21175,25,0,9,0,39,,21177,25,0,9,0
130003029,'1040',616,,21178,25,0,9,0,20,,21179,25,,,0,20,,21180,25,0,9,0,60,,21181,25,,,0,20,,21182,25,0,9,0,20,,21183,25,,,0,60,,21184,25,0,9,0,20,,21185,25,,,0,20,,21186,25,0,9,0,60,,21187,25,,,0,20,,21188,25,0,9,0,20,,21189,25,,,0,70,,21190,26,,,0,15,,21191,26,0,10 11,0,15,,21192,26,,,0,55,,21193,26,0,10 11,0,15,,21194,26,,,0,15,,21195,26,0,10 11,0,15,,21196,26,,,0,55,,21197,26,0,10 11,0,15,,21198,26,,,0,15,,21199,26,0,10 11,0,15,,21200,26,,,0,55,,21201,26,0,10 11,0,15,,21202,26,,,0,15,,21203,26,0,10 11,0,15,,21204,26,,,0,55,,21205,26,0,10 11,0,15,,21206,26,,,0,15,,21207,26,0,10 11,0,15,,21208,26,,,0,55,,21209,26,0,10 11,0,15,,21210,26,,,0,15,,21211,26,0,10 11,0,15,,21212,26,,,0,55,,21213,26,0,10 11,0,15,,21214,26,,,0,15,,21215,26,0,10 11,0,15,,21216,26,,,0,55,,21217,26,0,10 11,0,15,,21218,26,,,0,15,,21219,26,0,10 11,0,15,,21236,26,,,0,55,,21237,26,0,10 11,0,15,,21231,26,,,0,15,,21232,26,0,10 11,0,15,,21234,26,,,0,48,,21235,25,0,9,0,15,,21233,25,0,9,0,22,,21238,25,,,0,63,,21225,25,0,9,0,22,,21220,25,,,0,23,,21226,25,0,9,0,62,,21221,25,,,0,23,,21227,25,0,9,0,22,,21222,25,,,0,63,,21228,25,0,9,0,22,,21223,25,,,0,82,,21224,25,0,9,0,81,,21229,25,0,9,0,39,,21230,25,0,9,0
130003029,'996',826,,21239,25,,,0,20,,21264,25,0,9,0,60,,21240,25,,,0,20,,21270,25,0,9,0,20,,21241,25,,,0,60,,21267,25,0,9,0,20,,21242,25,,,0,22,,21268,25,0,9,0,61,,21243,25,,,0,22,,21266,25,0,9,0,25,,21244,25,,,0,62,,21269,25,0,9,0,23,,21245,25,,,0,62,,21265,25,0,9,0,23,,21246,25,,,0,22,,21247,25,0,9,0,63,,21248,25,,,0,22,,21249,25,0,9,0,23,,21250,25,,,0,62,,21251,25,0,9,0,23,,21252,25,,,0,62,,21253,25,0,9,0,23,,21254,25,,,0,22,,21255,25,0,9,0,63,,21256,25,,,0,22,,21257,25,0,9,0,24,,21258,25,,,0,62,,21272,25,0,9,0,23,,21271,25,,,0,85,,21259,25,,,0,85,,21260,25,,,0,45,,21261,25,,,0,85,,21262,25,,,0,85,,21263,25,,,0,83,,21273,25,0,9,0
