1019,'1038',750,,17931,2,,,0,80,,17932,2,,,0,20,,17952,2,,,0,60,,17933,2,,,0,20,,17934,2,,,0,20,,17954,2,,,0,60,,17935,2,,,0,20,,17956,2,,,0,23,,17936,2,,,0,62,,17958,2,,,0,23,,17937,2,,,0,62,,17953,2,,,0,23,,17938,2,,,0,22,,17955,2,,,0,63,,17939,2,,,0,22,,17957,2,,,0,23,,17940,2,,,0,62,,17959,2,,,0,23,,17941,2,,,0,62,,17960,2,,,0,23,,17942,2,,,0,22,,17961,2,,,0,63,,17943,2,,,0,22,,17962,2,,,0,23,,17944,2,,,0,62,,17963,2,,,0,23,,17964,2,,,0,62,,17945,2,,,0,23,,17965,2,,,0,22,,17946,2,,,0,85,,17948,2,,,0,85,,17947,2,,,0,85,,17949,2,,,0,45,,17951,2,,,0,85,,17950,2,,,0,83,,17966,2,,,0
1019,'1039',601,,17967,2,,,0,30,,17968,2,,,0,70,,17969,2,,,0,30,,17970,2,,,0,70,,17971,2,,,0,30,,17972,2,,,0,70,,17973,2,,,0,30,,17974,2,,,0,70,,17975,2,,,0,30,,17976,2,,,0,70,,17977,2,,,0,30,,17978,2,,,0,70,,17979,2,,,0,30,,17980,2,,,0,70,,17981,2,,,0,30,,17982,2,,,0,70,,17983,2,,,0,30,,17984,2,,,0,70,,17985,2,,,0,30,,17986,2,,,0,70,,17987,2,,,0,30,,17988,2,,,0,70,,17989,2,,,0,30,,17990,2,,,0,70,,17991,2,,,0,30,,17993,2,,,0,69,,18000,2,,,0,45,,17995,2,,,0,85,,17994,2,,,0,85,,17996,2,,,0,85,,17997,2,,,0,45,,17998,2,,,0,85,,17992,2,,,0,80,,17999,2,,,0
1019,'1040',600,,18001,2,,,0,40,,18002,2,,,0,80,,18003,2,,,0,80,,18004,2,,,0,40,,18005,2,,,0,80,,18006,2,,,0,20,,18033,2,,,0,60,,18031,2,,,0,31,,18011,2,,,0,70,,18010,2,,,0,30,,18013,2,,,0,70,,18012,2,,,0,30,,18015,2,,,0,70,,18014,2,,,0,30,,18017,2,,,0,70,,18016,2,,,0,30,,18019,2,,,0,70,,18018,2,,,0,30,,18021,2,,,0,70,,18020,2,,,0,30,,18023,2,,,0,70,,18022,2,,,0,30,,18009,2,,,0,70,,18024,2,,,0,30,,18032,2,,,0,69,,18026,2,,,0,45,,18025,2,,,0,85,,18027,2,,,0,85,,18029,2,,,0,85,,18028,2,,,0,45,,18007,2,,,0,85,,18030,2,,,0,80,,18008,2,,,0
1019,'996',750,,18034,2,,,0,80,,18035,2,,,0,20,,18055,2,,,0,60,,18036,2,,,0,20,,18037,2,,,0,20,,18057,2,,,0,60,,18038,2,,,0,20,,18059,2,,,0,23,,18039,2,,,0,62,,18061,2,,,0,23,,18040,2,,,0,62,,18056,2,,,0,23,,18041,2,,,0,22,,18058,2,,,0,63,,18042,2,,,0,22,,18060,2,,,0,23,,18043,2,,,0,62,,18062,2,,,0,23,,18044,2,,,0,62,,18063,2,,,0,23,,18045,2,,,0,22,,18064,2,,,0,63,,18046,2,,,0,22,,18065,2,,,0,23,,18047,2,,,0,62,,18066,2,,,0,23,,18067,2,,,0,62,,18048,2,,,0,23,,18068,2,,,0,22,,18049,2,,,0,85,,18051,2,,,0,85,,18050,2,,,0,85,,18052,2,,,0,45,,18054,2,,,0,85,,18053,2,,,0,83,,18069,2,,,0
2019,'1038',830,,18204,2,0,12,0,80,,18205,2,0,12,0,40,,18206,2,0,12,0,80,,18207,2,0,12,0,85,,18208,2,0,12,0,85,,18209,2,0,12,0,45,,18210,2,0,12,0,85,,18211,2,0,12,0,85,,18212,2,0,12,0,85,,18213,2,0,12,0,45,,18214,2,0,12,0,85,,18215,2,0,12,0,85,,18216,2,0,12,0,85,,18217,2,0,12,0,45,,18218,2,0,12,0,85,,18219,2,0,12,0,85,,18220,2,0,12,0,85,,18221,2,0,12,0,45,,18222,2,0,12,0,85,,18243,2,0,12,0
2019,'1039',621,,18292,2,0,12,0,25,,18293,2,0,12,0,70,,18294,2,0,12,0,30,,18295,2,0,12,0,70,,18296,2,0,12,0,30,,18297,2,0,12,0,70,,18298,2,0,12,0,30,,18291,2,0,12,0,70,,18269,2,0,12,0,30,,18270,2,0,12,0,70,,18271,2,0,12,0,30,,18272,2,0,12,0,70,,18273,2,0,12,0,30,,18274,2,0,12,0,70,,18275,2,0,12,0,30,,18276,2,0,12,0,70,,18277,2,0,12,0,30,,18278,2,0,12,0,70,,18279,2,0,12,0,30,,18280,2,0,12,0,70,,18281,2,0,12,0,30,,18282,2,0,12,0,70,,18283,2,0,12,0,30,,18244,2,0,12,0,70,,18245,2,0,12,0,85,,18246,2,0,12,0,45,,18247,2,0,12,0,85,,18248,2,0,12,0,85,,18249,2,0,12,0,85,,18250,2,0,12,0,45,,18299,2,0,12,0,85,,18301,2,0,5,0
2019,'1040',600,,18338,2,0,12,0,40,,18339,2,0,12,0,80,,18340,2,0,12,0,80,,18341,2,0,12,0,40,,18342,2,0,12,0,80,,18343,2,0,12,0,25,,18369,2,0,12,0,70,,18344,2,0,12,0,30,,18345,2,0,12,0,70,,18346,2,0,12,0,30,,18347,2,0,12,0,70,,18348,2,0,12,0,30,,18349,2,0,12,0,70,,18350,2,0,12,0,30,,18351,2,0,12,0,70,,18352,2,0,12,0,30,,18353,2,0,12,0,70,,18354,2,0,12,0,30,,18355,2,0,12,0,70,,18356,2,0,12,0,30,,18357,2,0,12,0,70,,18358,2,0,12,0,30,,18359,2,0,12,0,70,,18370,2,0,12,0,85,,18360,2,0,12,0,45,,18361,2,0,12,0,85,,18362,2,0,12,0,85,,18363,2,0,12,0,85,,18364,2,0,12,0,45,,18365,2,0,12,0,85,,18366,2,0,5,0
2019,'996',830,,18372,2,0,12,0,80,,18373,2,0,12,0,40,,18374,2,0,12,0,80,,18375,2,0,12,0,85,,18376,2,0,12,0,85,,18377,2,0,12,0,45,,18378,2,0,12,0,85,,18379,2,0,12,0,85,,18380,2,0,12,0,85,,18381,2,0,12,0,45,,18382,2,0,12,0,85,,18383,2,0,12,0,85,,18384,2,0,12,0,85,,18385,2,0,12,0,45,,18386,2,0,12,0,85,,18387,2,0,12,0,85,,18388,2,0,12,0,85,,18389,2,0,12,0,45,,18390,2,0,12,0,85,,18411,2,0,12,0
11029,'1039',600,,19500,2,,,0,30,,19501,2,,,0,70,,19502,2,,,0,30,,19503,2,,,0,70,,19504,2,,,0,30,,19505,2,,,0,70,,19506,2,,,0,30,,19499,2,,,0,70,,19483,2,,,0,30,,19484,2,,,0,70,,19485,2,,,0,30,,19486,2,,,0,70,,19487,2,,,0,30,,19488,2,,,0,70,,19489,2,,,0,30,,19490,2,,,0,70,,19491,2,,,0,30,,19492,2,,,0,70,,19493,2,,,0,30,,19494,2,,,0,70,,19495,2,,,0,30,,19496,2,,,0,70,,19497,2,,,0,30,,19498,2,,,0,70,,19508,2,,,0,30,,19507,2,,,0
11029,'1040',1000,,19509,2,,,0,30,,19510,2,,,0,70,,19511,2,,,0,30,,19512,2,,,0,70,,19513,2,,,0,30,,19514,2,,,0,70,,19515,2,,,0,30,,19516,2,,,0,70,,19517,2,,,0,30,,19518,2,,,0,70,,19519,2,,,0,30,,19520,2,,,0,70,,19521,2,,,0,30,,19522,2,,,0,70,,19523,2,,,0,30,,19524,2,,,0,70,,19525,2,,,0,30,,19526,2,,,0
13019,'1038',830,,19577,2,,,0,80,,19578,2,,,0,40,,19579,2,,,0,80,,19580,2,,,0,85,,19581,2,,,0,85,,19582,2,,,0,45,,19583,2,,,0,85,,19584,2,,,0,85,,19585,2,,,0,85,,19586,2,,,0,45,,19587,2,,,0,85,,19588,2,,,0,85,,19589,2,,,0,85,,19590,2,,,0,45,,19591,2,,,0,85,,19592,2,,,0,85,,19593,2,,,0,85,,19594,2,,,0,45,,19595,2,,,0
13019,'1039',1901,,19601,2,,,0,45,,19596,2,,,0,85,,19597,2,,,0,85,,19599,2,,,0,84,,19598,2,,,0,45,,19600,2,,,0
13019,'1040',600,,19602,2,,,0,40,,19603,2,,,0,80,,19604,2,,,0,80,,19605,2,,,0,40,,19606,2,,,0,80,,19607,2,,,0,981,,19608,2,,,0,45,,19609,2,,,0,85,,19610,2,,,0,85,,19611,2,,,0,85,,19612,2,,,0,45,,19613,2,,,0
13019,'996',830,,19614,2,,,0,80,,19615,2,,,0,40,,19616,2,,,0,80,,19617,2,,,0,85,,19618,2,,,0,85,,19619,2,,,0,45,,19620,2,,,0,85,,19621,2,,,0,85,,19622,2,,,0,85,,19623,2,,,0,45,,19624,2,,,0,85,,19625,2,,,0,85,,19626,2,,,0,85,,19627,2,,,0,45,,19628,2,,,0,85,,19629,2,,,0,85,,19630,2,,,0,85,,19631,2,,,0,45,,19632,2,,,0
