11019,'1039',624,,19455,14,,,0,30,,19456,14,,,0,70,,19457,14,,,0,30,,19458,14,,,0,70,,19459,14,,,0,30,,19460,14,,,0,70,,19461,14,,,0,30,,19462,14,,,0,70,,19439,14,,,0,30,,19440,14,,,0,70,,19441,14,,,0,30,,19442,14,,,0,70,,19443,14,,,0,30,,19444,14,,,0,70,,19445,14,,,0,30,,19446,14,,,0,70,,19447,14,,,0,30,,19448,14,,,0,70,,19449,14,,,0,30,,19450,14,,,0,70,,19451,14,,,0,30,,19452,14,,,0,70,,19453,14,,,0,30,,19454,14,,,0,70,,19464,14,,,0,30,,19463,14,,,0
11019,'1040',1024,,19465,14,,,0,30,,19466,14,,,0,70,,19467,14,,,0,30,,19468,14,,,0,70,,19469,14,,,0,30,,19470,14,,,0,70,,19471,14,,,0,30,,19472,14,,,0,70,,19473,14,,,0,30,,19474,14,,,0,70,,19475,14,,,0,30,,19476,14,,,0,70,,19477,14,,,0,30,,19478,14,,,0,70,,19479,14,,,0,30,,19480,14,,,0,70,,19481,14,,,0,30,,19482,14,,,0
13029,'1038',904,,19633,18,,,0,40,,19634,18,,,0,80,,19635,18,,,0,80,,19636,18,,,0,46,,19637,18,,,0,85,,19638,18,,,0,85,,19639,18,,,0,85,,19640,18,,,0,45,,19641,18,,,0,85,,19642,18,,,0,85,,19643,18,,,0,85,,19644,18,,,0,45,,19645,18,,,0,85,,19646,18,,,0,85,,19647,18,,,0,84,,19648,18,,,0,44,,19649,18,,,0,85,,19650,18,,,0,85,,19651,18,,,0
13029,'1039',1936,,19657,18,,,0,85,,19652,18,,,0,85,,19653,18,,,0,44,,19655,18,,,0,83,,19654,18,,,0,85,,19656,18,,,0
13029,'1040',632,,19658,18,,,0,80,,19659,18,,,0,40,,19660,18,,,0,80,,19661,18,,,0,81,,19662,18,,,0,40,,19663,18,,,0,982,,19664,18,,,0,85,,19665,18,,,0,85,,19666,18,,,0,45,,19667,18,,,0,85,,19668,18,,,0,85,,19669,18,,,0
13029,'996',904,,19670,18,,,0,40,,19671,18,,,0,80,,19672,18,,,0,80,,19673,18,,,0,46,,19674,18,,,0,85,,19675,18,,,0,85,,19676,18,,,0,85,,19677,18,,,0,45,,19678,18,,,0,85,,19679,18,,,0,85,,19680,18,,,0,85,,19681,18,,,0,45,,19682,18,,,0,85,,19683,18,,,0,85,,19684,18,,,0,84,,19685,18,,,0,44,,19686,18,,,0,85,,19687,18,,,0,85,,19688,18,,,0
130003029,'1035',843,,21085,22,0,9,0,80,,21091,22,0,9,0,80,,21088,22,0,9,0,42,,21089,22,0,9,0,83,,21087,22,0,9,0,87,,21090,22,0,9,0,85,,21086,22,0,9,0,45,,21079,22,0,9,0,85,,21080,22,0,9,0,85,,21081,22,0,9,0,85,,21082,22,0,9,0,45,,21083,22,0,9,0,85,,21084,22,0,9,0,86,,21092,22,0,9,0
130003029,'1038',823,,21093,22,,,0,80,,21094,22,,,0,40,,21095,22,,,0,80,,21096,22,,,0,83,,21097,22,,,0,47,,21098,22,,,0,85,,21099,22,,,0,85,,21100,22,,,0,85,,21101,22,,,0,45,,21102,22,,,0,85,,21103,22,,,0,85,,21104,22,,,0,85,,21105,22,,,0,46,,21106,22,,,0,85,,21112,22,,,0,85,,21107,22,,,0,85,,21108,22,,,0,45,,21109,22,,,0,85,,21110,22,,,0,85,,21111,22,,,0,83,,21113,22,0,9,0
130003029,'1039',624,,21155,22,,,0,15,,21156,22,0,10 11,0,66,,21157,23,0,10 11,0,15,,21158,23,,,0,15,,21159,23,0,10 11,0,15,,21160,23,,,0,55,,21161,23,0,10 11,0,15,,21162,23,,,0,15,,21163,23,0,10 11,0,15,,21164,23,,,0,55,,21165,23,0,10 11,0,15,,21166,23,,,0,15,,21167,23,0,10 11,0,15,,21168,23,,,0,55,,21169,23,0,10 11,0,15,,21114,23,,,0,15,,21115,23,0,10 11,0,15,,21116,23,,,0,55,,21117,23,0,10 11,0,15,,21118,23,,,0,15,,21119,23,0,10 11,0,15,,21120,23,,,0,55,,21121,23,0,10 11,0,15,,21122,23,,,0,15,,21123,23,0,10 11,0,15,,21124,23,,,0,55,,21125,23,0,10 11,0,15,,21126,23,,,0,15,,21127,23,0,10 11,0,15,,21128,23,,,0,55,,21129,23,0,10 11,0,15,,21130,23,,,0,15,,21131,23,0,10 11,0,15,,21132,23,,,0,55,,21133,23,0,10 11,0,15,,21134,23,,,0,15,,21135,23,0,10 11,0,15,,21136,23,,,0,55,,21137,23,0,10 11,0,15,,21138,23,,,0,15,,21139,23,0,10 11,0,15,,21140,23,,,0,55,,21141,23,0,10 11,0,15,,21142,23,,,0,15,,21143,23,0,10 11,0,15,,21144,23,,,0,58,,21152,23,0,10 11,0,15,,21151,23,,,0,15,,21153,23,0,10 11,0,15,,21145,23,,,0,48,,21154,22,0,9,0,15,,21149,22,0,9,0,22,,21170,22,,,0,63,,21148,22,0,9,0,22,,21171,22,,,0,23,,21147,22,0,9,0,62,,21172,22,,,0,23,,21146,22,0,9,0,22,,21174,22,,,0,63,,21176,22,0,9,0,22,,21150,22,,,0,82,,21173,22,0,9,0,82,,21175,22,0,9,0,39,,21177,22,0,9,0
130003029,'1040',614,,21178,22,0,9,0,20,,21179,22,,,0,20,,21180,22,0,9,0,60,,21181,22,,,0,20,,21182,22,0,9,0,20,,21183,22,,,0,60,,21184,22,0,9,0,20,,21185,22,,,0,20,,21186,22,0,9,0,60,,21187,22,,,0,20,,21188,22,0,9,0,20,,21189,22,,,0,69,,21190,23,,,0,15,,21191,23,0,10 11,0,15,,21192,23,,,0,55,,21193,23,0,10 11,0,15,,21194,23,,,0,15,,21195,23,0,10 11,0,15,,21196,23,,,0,55,,21197,23,0,10 11,0,15,,21198,23,,,0,15,,21199,23,0,10 11,0,15,,21200,23,,,0,55,,21201,23,0,10 11,0,15,,21202,23,,,0,15,,21203,23,0,10 11,0,15,,21204,23,,,0,55,,21205,23,0,10 11,0,15,,21206,23,,,0,15,,21207,23,0,10 11,0,15,,21208,23,,,0,55,,21209,23,0,10 11,0,15,,21210,23,,,0,15,,21211,23,0,10 11,0,15,,21212,23,,,0,55,,21213,23,0,10 11,0,15,,21214,23,,,0,15,,21215,23,0,10 11,0,15,,21216,23,,,0,55,,21217,23,0,10 11,0,15,,21218,23,,,0,15,,21219,23,0,10 11,0,15,,21236,23,,,0,55,,21237,23,0,10 11,0,15,,21231,23,,,0,15,,21232,23,0,10 11,0,15,,21234,23,,,0,48,,21235,22,0,9,0,15,,21233,22,0,9,0,22,,21238,22,,,0,63,,21225,22,0,9,0,22,,21220,22,,,0,23,,21226,22,0,9,0,62,,21221,22,,,0,23,,21227,22,0,9,0,22,,21222,22,,,0,63,,21228,22,0,9,0,22,,21223,22,,,0,82,,21224,22,0,9,0,82,,21229,22,0,9,0,39,,21230,22,0,9,0
130003029,'996',823,,21239,22,,,0,20,,21264,22,0,9,0,60,,21240,22,,,0,20,,21270,22,0,9,0,20,,21241,22,,,0,60,,21267,22,0,9,0,20,,21242,22,,,0,22,,21268,22,0,9,0,61,,21243,22,,,0,22,,21266,22,0,9,0,25,,21244,22,,,0,62,,21269,22,0,9,0,23,,21245,22,,,0,62,,21265,22,0,9,0,23,,21246,22,,,0,22,,21247,22,0,9,0,63,,21248,22,,,0,22,,21249,22,0,9,0,23,,21250,22,,,0,62,,21251,22,0,9,0,23,,21252,22,,,0,62,,21253,22,0,9,0,23,,21254,22,,,0,22,,21255,22,0,9,0,63,,21256,22,,,0,22,,21257,22,0,9,0,24,,21258,22,,,0,62,,21272,22,0,9,0,23,,21271,22,,,0,85,,21259,22,,,0,85,,21260,22,,,0,45,,21261,22,,,0,85,,21262,22,,,0,85,,21263,22,,,0,83,,21273,22,0,9,0
