11029,'994',603,,7901,7,,,0,30,,7902,7,,,0,70,,7903,7,,,0,30,,7904,7,,,0,70,,7905,7,,,0,30,,7906,7,,,0,70,,7907,7,,,0,30,,7900,7,,,0,70,,7884,7,,,0,30,,7885,7,,,0,70,,7886,7,,,0,30,,7887,7,,,0,70,,7888,7,,,0,30,,7889,7,,,0,70,,7890,7,,,0,30,,7891,7,,,0,70,,7892,7,,,0,30,,7893,7,,,0,70,,7894,7,,,0,30,,7895,7,,,0,70,,7896,7,,,0,30,,7897,7,,,0,70,,7898,7,,,0,30,,7899,7,,,0,70,,7909,7,,,0,30,,7908,7,,,0
11029,'995',1003,,7910,7,,,0,30,,7911,7,,,0,70,,7912,7,,,0,30,,7913,7,,,0,70,,7914,7,,,0,30,,7915,7,,,0,70,,7916,7,,,0,30,,7917,7,,,0,70,,7918,7,,,0,30,,7919,7,,,0,70,,7920,7,,,0,30,,7921,7,,,0,70,,7922,7,,,0,30,,7923,7,,,0,70,,7924,7,,,0,30,,7925,7,,,0,70,,7926,7,,,0,30,,7927,7,,,0
13019,'993',832,,7978,7,,,0,80,,7979,7,,,0,40,,7980,7,,,0,80,,7981,7,,,0,85,,7982,7,,,0,85,,7983,7,,,0,45,,7984,7,,,0,85,,7985,7,,,0,85,,7986,7,,,0,85,,7987,7,,,0,45,,7988,7,,,0,85,,7989,7,,,0,85,,7990,7,,,0,85,,7991,7,,,0,45,,7992,7,,,0,85,,7993,7,,,0,85,,7994,7,,,0,85,,7995,7,,,0,45,,7996,7,,,0
13019,'994',1903,,8002,7,,,0,45,,7997,7,,,0,85,,7998,7,,,0,85,,8000,7,,,0,84,,7999,7,,,0,45,,8001,7,,,0
13019,'995',602,,8003,7,,,0,40,,8004,7,,,0,80,,8005,7,,,0,80,,8006,7,,,0,40,,8007,7,,,0,80,,8008,7,,,0,981,,8009,7,,,0,45,,8010,7,,,0,85,,8011,7,,,0,85,,8012,7,,,0,85,,8013,7,,,0,45,,8014,7,,,0
13019,'996',832,,8015,7,,,0,80,,8016,7,,,0,40,,8017,7,,,0,80,,8018,7,,,0,85,,8019,7,,,0,85,,8020,7,,,0,45,,8021,7,,,0,85,,8022,7,,,0,85,,8023,7,,,0,85,,8024,7,,,0,45,,8025,7,,,0,85,,8026,7,,,0,85,,8027,7,,,0,85,,8028,7,,,0,45,,8029,7,,,0,85,,8030,7,,,0,85,,8031,7,,,0,85,,8032,7,,,0,45,,8033,7,,,0
130003019,'993',755,,9285,6,0,14,0,60,,9317,6,0,7 8,0,20,,9286,6,0,14,0,20,,9311,6,0,7 8,0,60,,9287,6,0,14,0,20,,9314,6,0,7 8,0,20,,9288,6,0,14,0,60,,9312,6,0,7 8,0,20,,9289,6,0,14,0,23,,9315,6,0,7 8,0,62,,9290,6,0,14,0,23,,9313,6,0,7 8,0,62,,9291,6,0,14,0,23,,9316,6,0,7 8,0,22,,9292,6,0,14,0,63,,9293,6,0,7 8,0,22,,9294,6,0,14,0,23,,9295,6,0,7 8,0,62,,9296,6,0,14,0,23,,9297,6,0,7 8,0,62,,9298,6,0,14,0,23,,9299,6,0,7 8,0,22,,9300,6,0,14,0,63,,9301,6,0,7 8,0,22,,9302,6,0,14,0,23,,9303,6,0,7 8,0,62,,9304,6,0,14,0,23,,9305,6,0,7 8,0,62,,9306,6,0,14,0,23,,9319,6,0,7 8,0,22,,9318,6,0,14,0,85,,9307,6,0,14,0,85,,9308,6,0,14,0,85,,9309,6,0,14,0,45,,9320,6,0,14,0,85,,9310,6,0,7 8,0
130003019,'994',615,,9364,6,0,13,0,15,,9365,6,0,14,0,20,,9366,6,0,14,0,55,,9367,6,0,13,0,15,,9368,6,0,14,0,15,,9369,6,0,13,0,15,,9370,6,0,14,0,55,,9371,6,0,13,0,15,,9372,6,0,14,0,15,,9373,6,0,13,0,15,,9374,6,0,14,0,55,,9375,6,0,13,0,15,,9376,6,0,14,0,15,,9377,6,0,13,0,15,,9363,6,0,14,0,55,,9321,6,0,13,0,15,,9322,6,0,14,0,15,,9323,6,0,13,0,15,,9324,6,0,14,0,55,,9325,6,0,13,0,15,,9326,6,0,14,0,15,,9327,6,0,13,0,15,,9328,6,0,14,0,55,,9329,6,0,13,0,15,,9330,6,0,14,0,15,,9331,6,0,13,0,15,,9332,6,0,14,0,55,,9333,6,0,13,0,15,,9334,6,0,14,0,15,,9335,6,0,13,0,15,,9336,6,0,14,0,55,,9337,6,0,13,0,15,,9338,6,0,14,0,15,,9339,6,0,13,0,15,,9340,6,0,14,0,55,,9341,6,0,13,0,15,,9342,6,0,14,0,15,,9343,6,0,13,0,15,,9344,6,0,14,0,55,,9345,6,0,13,0,15,,9346,6,0,14,0,15,,9347,6,0,13,0,15,,9348,6,0,14,0,55,,9349,6,0,13,0,15,,9350,6,0,14,0,15,,9351,6,0,13,0,15,,9352,6,0,14,0,55,,9358,6,0,13,0,15,,9360,6,0,14,0,15,,9356,6,0,13,0,15,,9361,6,0,14,0,55,,9354,6,0,13,0,23,,9362,6,0,7 8,0,22,,9353,6,0,14,0,63,,9378,6,0,7 8,0,22,,9359,6,0,14,0,23,,9379,6,0,7 8,0,62,,9357,6,0,14,0,23,,9380,6,0,7 8,0,62,,9355,6,0,14,0,45,,9382,6,0,14,0,84,,9381,6,0,7 8,0,80,,9383,6,0,7 8,0
130003019,'995',605,,9384,6,0,14,0,20,,9385,6,0,7 8,0,20,,9386,6,0,14,0,60,,9387,6,0,7 8,0,20,,9388,6,0,14,0,20,,9389,6,0,7 8,0,60,,9390,6,0,14,0,20,,9391,6,0,7 8,0,20,,9392,6,0,14,0,60,,9393,6,0,7 8,0,20,,9394,6,0,14,0,20,,9395,6,0,13,0,60,,9396,6,0,13,0,15,,9397,6,0,14,0,15,,9398,6,0,13,0,15,,9399,6,0,14,0,55,,9400,6,0,13,0,15,,9401,6,0,14,0,15,,9402,6,0,13,0,15,,9403,6,0,14,0,55,,9404,6,0,13,0,15,,9405,6,0,14,0,15,,9406,6,0,13,0,15,,9407,6,0,14,0,55,,9408,6,0,13,0,15,,9409,6,0,14,0,15,,9410,6,0,13,0,15,,9411,6,0,14,0,55,,9412,6,0,13,0,15,,9413,6,0,14,0,15,,9414,6,0,13,0,15,,9415,6,0,14,0,55,,9416,6,0,13,0,15,,9417,6,0,14,0,15,,9418,6,0,13,0,15,,9419,6,0,14,0,55,,9420,6,0,13,0,15,,9421,6,0,14,0,15,,9422,6,0,13,0,15,,9423,6,0,14,0,55,,9424,6,0,13,0,15,,9425,6,0,14,0,15,,9426,6,0,13,0,15,,9427,6,0,14,0,55,,9428,6,0,13,0,15,,9443,6,0,14,0,15,,9435,6,0,13,0,15,,9429,6,0,14,0,55,,9436,6,0,13,0,22,,9430,6,0,7 8,0,23,,9437,6,0,14,0,63,,9431,6,0,7 8,0,22,,9440,6,0,14,0,23,,9432,6,0,7 8,0,62,,9439,6,0,14,0,23,,9433,6,0,7 8,0,62,,9438,6,0,14,0,45,,9434,6,0,14,0,84,,9442,6,0,7 8,0,80,,9441,6,0,7 8,0
130003019,'996',755,,9444,6,0,14,0,60,,9476,6,0,7 8,0,20,,9445,6,0,14,0,20,,9470,6,0,7 8,0,60,,9446,6,0,14,0,20,,9473,6,0,7 8,0,20,,9447,6,0,14,0,60,,9471,6,0,7 8,0,20,,9448,6,0,14,0,23,,9474,6,0,7 8,0,62,,9449,6,0,14,0,23,,9472,6,0,7 8,0,62,,9450,6,0,14,0,23,,9475,6,0,7 8,0,22,,9451,6,0,14,0,63,,9452,6,0,7 8,0,22,,9453,6,0,14,0,23,,9454,6,0,7 8,0,62,,9455,6,0,14,0,23,,9456,6,0,7 8,0,62,,9457,6,0,14,0,23,,9458,6,0,7 8,0,22,,9459,6,0,14,0,63,,9460,6,0,7 8,0,22,,9461,6,0,14,0,23,,9462,6,0,7 8,0,62,,9463,6,0,14,0,23,,9464,6,0,7 8,0,62,,9465,6,0,14,0,23,,9478,6,0,7 8,0,22,,9477,6,0,14,0,85,,9466,6,0,14,0,85,,9467,6,0,14,0,85,,9468,6,0,14,0,45,,9479,6,0,14,0,85,,9469,6,0,7 8,0
