1019,'993',750,,6332,3,,,0,80,,6333,3,,,0,20,,6353,3,,,0,60,,6334,3,,,0,20,,6335,3,,,0,20,,6355,3,,,0,60,,6336,3,,,0,20,,6357,3,,,0,23,,6337,3,,,0,62,,6359,3,,,0,23,,6338,3,,,0,62,,6354,3,,,0,23,,6339,3,,,0,22,,6356,3,,,0,63,,6340,3,,,0,22,,6358,3,,,0,23,,6341,3,,,0,62,,6360,3,,,0,23,,6342,3,,,0,62,,6361,3,,,0,23,,6343,3,,,0,22,,6362,3,,,0,63,,6344,3,,,0,22,,6363,3,,,0,23,,6345,3,,,0,62,,6364,3,,,0,23,,6365,3,,,0,62,,6346,3,,,0,23,,6366,3,,,0,22,,6347,3,,,0,85,,6349,3,,,0,85,,6348,3,,,0,85,,6350,3,,,0,45,,6352,3,,,0,85,,6351,3,,,0,83,,6367,3,,,0
1019,'994',601,,6368,3,,,0,30,,6369,3,,,0,70,,6370,3,,,0,30,,6371,3,,,0,70,,6372,3,,,0,30,,6373,3,,,0,70,,6374,3,,,0,30,,6375,3,,,0,70,,6376,3,,,0,30,,6377,3,,,0,70,,6378,3,,,0,30,,6379,3,,,0,70,,6380,3,,,0,30,,6381,3,,,0,70,,6382,3,,,0,30,,6383,3,,,0,70,,6384,3,,,0,30,,6385,3,,,0,70,,6386,3,,,0,30,,6387,3,,,0,70,,6388,3,,,0,30,,6389,3,,,0,70,,6390,3,,,0,30,,6391,3,,,0,70,,6392,3,,,0,30,,6394,3,,,0,69,,6401,3,,,0,45,,6396,3,,,0,85,,6395,3,,,0,85,,6397,3,,,0,85,,6398,3,,,0,45,,6399,3,,,0,85,,6393,3,,,0,80,,6400,3,,,0
1019,'995',600,,6402,3,,,0,40,,6403,3,,,0,80,,6404,3,,,0,80,,6405,3,,,0,40,,6406,3,,,0,80,,6407,3,,,0,20,,6434,3,,,0,60,,6432,3,,,0,31,,6412,3,,,0,70,,6411,3,,,0,30,,6414,3,,,0,70,,6413,3,,,0,30,,6416,3,,,0,70,,6415,3,,,0,30,,6418,3,,,0,70,,6417,3,,,0,30,,6420,3,,,0,70,,6419,3,,,0,30,,6422,3,,,0,70,,6421,3,,,0,30,,6424,3,,,0,70,,6423,3,,,0,30,,6410,3,,,0,70,,6425,3,,,0,30,,6433,3,,,0,69,,6427,3,,,0,45,,6426,3,,,0,85,,6428,3,,,0,85,,6430,3,,,0,85,,6429,3,,,0,45,,6408,3,,,0,85,,6431,3,,,0,80,,6409,3,,,0
1019,'996',750,,6435,3,,,0,80,,6436,3,,,0,20,,6456,3,,,0,60,,6437,3,,,0,20,,6438,3,,,0,20,,6458,3,,,0,60,,6439,3,,,0,20,,6460,3,,,0,23,,6440,3,,,0,62,,6462,3,,,0,23,,6441,3,,,0,62,,6457,3,,,0,23,,6442,3,,,0,22,,6459,3,,,0,63,,6443,3,,,0,22,,6461,3,,,0,23,,6444,3,,,0,62,,6463,3,,,0,23,,6445,3,,,0,62,,6464,3,,,0,23,,6446,3,,,0,22,,6465,3,,,0,63,,6447,3,,,0,22,,6466,3,,,0,23,,6448,3,,,0,62,,6467,3,,,0,23,,6468,3,,,0,62,,6449,3,,,0,23,,6469,3,,,0,22,,6450,3,,,0,85,,6452,3,,,0,85,,6451,3,,,0,85,,6453,3,,,0,45,,6455,3,,,0,85,,6454,3,,,0,83,,6470,3,,,0
2019,'993',831,,6605,3,0,12,0,80,,6606,3,0,12,0,40,,6607,3,0,12,0,80,,6608,3,0,12,0,85,,6609,3,0,12,0,85,,6610,3,0,12,0,45,,6611,3,0,12,0,85,,6612,3,0,12,0,85,,6613,3,0,12,0,85,,6614,3,0,12,0,45,,6615,3,0,12,0,85,,6616,3,0,12,0,85,,6617,3,0,12,0,85,,6618,3,0,12,0,45,,6619,3,0,12,0,85,,6620,3,0,12,0,85,,6621,3,0,12,0,85,,6622,3,0,12,0,45,,6623,3,0,12,0,85,,6644,3,0,12,0
2019,'994',621,,6693,3,0,12,0,25,,6694,3,0,12,0,70,,6695,3,0,12,0,30,,6696,3,0,12,0,70,,6697,3,0,12,0,30,,6698,3,0,12,0,70,,6699,3,0,12,0,30,,6692,3,0,12,0,70,,6670,3,0,12,0,30,,6671,3,0,12,0,70,,6672,3,0,12,0,30,,6673,3,0,12,0,70,,6674,3,0,12,0,30,,6675,3,0,12,0,70,,6676,3,0,12,0,30,,6677,3,0,12,0,70,,6678,3,0,12,0,30,,6679,3,0,12,0,70,,6680,3,0,12,0,30,,6681,3,0,12,0,70,,6682,3,0,12,0,30,,6683,3,0,12,0,70,,6684,3,0,12,0,30,,6645,3,0,12,0,70,,6646,3,0,12,0,85,,6647,3,0,12,0,45,,6648,3,0,12,0,85,,6649,3,0,12,0,85,,6650,3,0,12,0,85,,6651,3,0,12,0,45,,6700,3,0,12,0,85,,6702,3,0,5,0
2019,'995',601,,6739,3,0,12,0,40,,6740,3,0,12,0,80,,6741,3,0,12,0,80,,6742,3,0,12,0,40,,6743,3,0,12,0,80,,6744,3,0,12,0,25,,6770,3,0,12,0,70,,6745,3,0,12,0,30,,6746,3,0,12,0,70,,6747,3,0,12,0,30,,6748,3,0,12,0,70,,6749,3,0,12,0,30,,6750,3,0,12,0,70,,6751,3,0,12,0,30,,6752,3,0,12,0,70,,6753,3,0,12,0,30,,6754,3,0,12,0,70,,6755,3,0,12,0,30,,6756,3,0,12,0,70,,6757,3,0,12,0,30,,6758,3,0,12,0,70,,6759,3,0,12,0,30,,6760,3,0,12,0,70,,6771,3,0,12,0,85,,6761,3,0,12,0,45,,6762,3,0,12,0,85,,6763,3,0,12,0,85,,6764,3,0,12,0,85,,6765,3,0,12,0,45,,6766,3,0,12,0,85,,6767,3,0,5,0
2019,'996',831,,6773,3,0,12,0,80,,6774,3,0,12,0,40,,6775,3,0,12,0,80,,6776,3,0,12,0,85,,6777,3,0,12,0,85,,6778,3,0,12,0,45,,6779,3,0,12,0,85,,6780,3,0,12,0,85,,6781,3,0,12,0,85,,6782,3,0,12,0,45,,6783,3,0,12,0,85,,6784,3,0,12,0,85,,6785,3,0,12,0,85,,6786,3,0,12,0,45,,6787,3,0,12,0,85,,6788,3,0,12,0,85,,6789,3,0,12,0,85,,6790,3,0,12,0,45,,6791,3,0,12,0,85,,6812,3,0,12,0
11029,'994',600,,7901,3,,,0,30,,7902,3,,,0,70,,7903,3,,,0,30,,7904,3,,,0,70,,7905,3,,,0,30,,7906,3,,,0,70,,7907,3,,,0,30,,7900,3,,,0,70,,7884,3,,,0,30,,7885,3,,,0,70,,7886,3,,,0,30,,7887,3,,,0,70,,7888,3,,,0,30,,7889,3,,,0,70,,7890,3,,,0,30,,7891,3,,,0,70,,7892,3,,,0,30,,7893,3,,,0,70,,7894,3,,,0,30,,7895,3,,,0,70,,7896,3,,,0,30,,7897,3,,,0,70,,7898,3,,,0,30,,7899,3,,,0,70,,7909,3,,,0,30,,7908,3,,,0
11029,'995',1000,,7910,3,,,0,30,,7911,3,,,0,70,,7912,3,,,0,30,,7913,3,,,0,70,,7914,3,,,0,30,,7915,3,,,0,70,,7916,3,,,0,30,,7917,3,,,0,70,,7918,3,,,0,30,,7919,3,,,0,70,,7920,3,,,0,30,,7921,3,,,0,70,,7922,3,,,0,30,,7923,3,,,0,70,,7924,3,,,0,30,,7925,3,,,0,70,,7926,3,,,0,30,,7927,3,,,0
13019,'993',830,,7978,3,,,0,80,,7979,3,,,0,40,,7980,3,,,0,80,,7981,3,,,0,85,,7982,3,,,0,85,,7983,3,,,0,45,,7984,3,,,0,85,,7985,3,,,0,85,,7986,3,,,0,85,,7987,3,,,0,45,,7988,3,,,0,85,,7989,3,,,0,85,,7990,3,,,0,85,,7991,3,,,0,45,,7992,3,,,0,85,,7993,3,,,0,85,,7994,3,,,0,85,,7995,3,,,0,45,,7996,3,,,0
13019,'994',1901,,8002,3,,,0,45,,7997,3,,,0,85,,7998,3,,,0,85,,8000,3,,,0,84,,7999,3,,,0,45,,8001,3,,,0
13019,'995',600,,8003,3,,,0,40,,8004,3,,,0,80,,8005,3,,,0,80,,8006,3,,,0,40,,8007,3,,,0,80,,8008,3,,,0,981,,8009,3,,,0,45,,8010,3,,,0,85,,8011,3,,,0,85,,8012,3,,,0,85,,8013,3,,,0,45,,8014,3,,,0
13019,'996',830,,8015,3,,,0,80,,8016,3,,,0,40,,8017,3,,,0,80,,8018,3,,,0,85,,8019,3,,,0,85,,8020,3,,,0,45,,8021,3,,,0,85,,8022,3,,,0,85,,8023,3,,,0,85,,8024,3,,,0,45,,8025,3,,,0,85,,8026,3,,,0,85,,8027,3,,,0,85,,8028,3,,,0,45,,8029,3,,,0,85,,8030,3,,,0,85,,8031,3,,,0,85,,8032,3,,,0,45,,8033,3,,,0
