8019,'993',1014,,7255,3,,,0,40,,7239,3,,,0,83,,7256,3,,,0,85,,7240,3,,,0,85,,7257,3,,,0,46,,7241,3,,,0,85,,7258,3,,,0,85,,7231,3,,,0,85,,7242,3,,,0,45,,7243,3,,,0,85,,7244,3,,,0
8019,'994',641,,7323,3,,,0,18,,7324,3,,,0,74,,7325,3,,,0,25,,7326,3,,,0,70,,7327,3,,,0,30,,7328,3,,,0,70,,7329,3,,,0,30,,7287,3,,,0,70,,7288,3,,,0,30,,7289,3,,,0,70,,7290,3,,,0,30,,7291,3,,,0,70,,7292,3,,,0,74,,7293,3,,,0,30,,7294,3,,,0,70,,7295,3,,,0,30,,7296,3,,,0,70,,7297,3,,,0,30,,7298,3,,,0,70,,7299,3,,,0,30,,7300,3,,,0,70,,7301,3,,,0,30,,7302,3,,,0,70,,7330,3,,,0,30,,7311,3,,,0,27,,7312,3,,,0
8019,'995',941,,7370,3,,,0,65,,7371,3,,,0,17,,7372,3,,,0,36,,7373,3,,,0,70,,7374,3,,,0,30,,7375,3,,,0,70,,7376,3,,,0,30,,7377,3,,,0,73,,7378,3,,,0,70,,7379,3,,,0,30,,7380,3,,,0,70,,7381,3,,,0,30,,7382,3,,,0,70,,7383,3,,,0,30,,7384,3,,,0,70,,7385,3,,,0,30,,7386,3,,,0,70,,7387,3,,,0,30,,7390,3,,,0,27,,7389,3,,,0
8019,'996',1014,,7416,3,,,0,40,,7400,3,,,0,83,,7417,3,,,0,85,,7401,3,,,0,85,,7418,3,,,0,46,,7402,3,,,0,85,,7419,3,,,0,85,,7392,3,,,0,85,,7403,3,,,0,45,,7404,3,,,0,85,,7405,3,,,0
15029,'993',830,,8399,3,,,0,80,,8400,3,,,0,40,,8401,3,,,0,82,,8402,3,,,0,83,,8403,3,,,0,85,,8404,3,,,0,45,,8405,3,,,0,85,,8406,3,,,0,85,,8407,3,,,0,85,,8408,3,,,0,45,,8409,3,,,0,85,,8410,3,,,0,85,,8411,3,,,0,85,,8412,3,,,0,42,,8413,3,,,0,85,,8414,3,,,0,85,,8415,3,,,0,45,,8416,3,,,0,85,,8417,3,,,0,85,,8418,3,,,0
15029,'994',639,,8419,3,,,0,67,,8420,3,,,0,30,,8421,3,,,0,70,,8422,3,,,0,30,,8423,3,,,0,70,,8424,3,,,0,30,,8425,3,,,0,70,,8426,3,,,0,30,,8427,3,,,0,70,,8428,3,,,0,30,,8429,3,,,0,70,,8430,3,,,0,30,,8431,3,,,0,70,,8432,3,,,0,30,,8433,3,,,0,70,,8434,3,,,0,30,,8435,3,,,0,70,,8436,3,,,0,30,,8437,3,,,0,70,,8438,3,,,0,30,,8439,3,,,0,70,,8440,3,,,0,30,,8441,3,,,0,70,,8442,3,,,0,30,,8443,3,,,0,70,,8444,3,,,0,40,,8445,3,,,0,85,,8446,3,,,0,81,,8447,3,,,0,45,,8449,3,,,0,85,,8450,3,,,0,85,,8448,3,,,0
15029,'995',640,,8451,3,,,0,80,,8453,3,,,0,80,,8454,3,,,0,40,,8452,3,,,0,83,,8455,3,,,0,80,,8456,3,,,0,35,,8458,3,,,0,70,,8459,3,,,0,30,,8460,3,,,0,70,,8461,3,,,0,30,,8462,3,,,0,70,,8463,3,,,0,30,,8464,3,,,0,70,,8465,3,,,0,30,,8466,3,,,0,70,,8467,3,,,0,30,,8468,3,,,0,70,,8469,3,,,0,30,,8470,3,,,0,70,,8471,3,,,0,30,,8472,3,,,0,70,,8473,3,,,0,30,,8474,3,,,0,70,,8475,3,,,0,37,,8476,3,,,0,85,,8477,3,,,0,82,,8478,3,,,0,45,,8479,3,,,0,85,,8480,3,,,0,85,,8457,3,,,0
15029,'996',830,,8481,3,,,0,80,,8482,3,,,0,40,,8483,3,,,0,82,,8484,3,,,0,83,,8485,3,,,0,85,,8486,3,,,0,45,,8487,3,,,0,85,,8488,3,,,0,85,,8489,3,,,0,85,,8490,3,,,0,45,,8491,3,,,0,85,,8492,3,,,0,85,,8493,3,,,0,85,,8494,3,,,0,42,,8495,3,,,0,85,,8496,3,,,0,85,,8497,3,,,0,45,,8498,3,,,0,85,,8499,3,,,0,85,,8500,3,,,0
130003029,'993',816,,9480,11,,,0,20,,9505,11,0,9,0,20,,9481,11,,,0,60,,9511,11,0,9,0,20,,9482,11,,,0,20,,9508,11,0,9,0,60,,9483,11,,,0,22,,9509,11,0,9,0,21,,9484,11,,,0,62,,9507,11,0,9,0,23,,9485,11,,,0,62,,9510,11,0,9,0,23,,9486,11,,,0,22,,9506,11,0,9,0,63,,9487,11,,,0,22,,9488,11,0,9,0,23,,9489,11,,,0,62,,9490,11,0,9,0,23,,9491,11,,,0,62,,9492,11,0,9,0,23,,9493,11,,,0,22,,9494,11,0,9,0,63,,9495,11,,,0,22,,9496,11,0,9,0,23,,9497,11,,,0,62,,9498,11,0,9,0,23,,9499,11,,,0,62,,9513,11,0,9,0,23,,9512,11,,,0,85,,9500,11,,,0,45,,9501,11,,,0,85,,9502,11,,,0,85,,9503,11,,,0,85,,9504,11,,,0,44,,9514,11,0,9,0
130003029,'994',615,,9556,11,,,0,15,,9557,11,0,10 11,0,27,,9558,12,0,10 11,0,55,,9559,12,,,0,15,,9560,12,0,10 11,0,15,,9561,12,,,0,15,,9562,12,0,10 11,0,55,,9563,12,,,0,15,,9564,12,0,10 11,0,15,,9565,12,,,0,15,,9566,12,0,10 11,0,55,,9567,12,,,0,15,,9568,12,0,10 11,0,15,,9569,12,,,0,15,,9570,12,0,10 11,0,55,,9515,12,,,0,15,,9516,12,0,10 11,0,15,,9517,12,,,0,15,,9518,12,0,10 11,0,55,,9519,12,,,0,15,,9520,12,0,10 11,0,15,,9521,12,,,0,15,,9522,12,0,10 11,0,55,,9523,12,,,0,15,,9524,12,0,10 11,0,15,,9525,12,,,0,15,,9526,12,0,10 11,0,55,,9527,12,,,0,15,,9528,12,0,10 11,0,15,,9529,12,,,0,15,,9530,12,0,10 11,0,55,,9531,12,,,0,15,,9532,12,0,10 11,0,15,,9533,12,,,0,15,,9534,12,0,10 11,0,55,,9535,12,,,0,15,,9536,12,0,10 11,0,15,,9537,12,,,0,15,,9538,12,0,10 11,0,55,,9539,12,,,0,15,,9540,12,0,10 11,0,15,,9541,12,,,0,15,,9542,12,0,10 11,0,55,,9543,12,,,0,15,,9544,12,0,10 11,0,15,,9545,12,,,0,16,,9553,12,0,10 11,0,55,,9552,12,,,0,15,,9554,12,0,10 11,0,15,,9546,12,,,0,8,,9555,11,0,9,0,55,,9550,11,0,9,0,22,,9571,11,,,0,23,,9549,11,0,9,0,62,,9572,11,,,0,23,,9548,11,0,9,0,22,,9573,11,,,0,63,,9547,11,0,9,0,22,,9575,11,,,0,63,,9577,11,0,9,0,22,,9551,11,,,0,85,,9574,11,0,9,0,43,,9576,11,0,9,0,79,,9578,11,0,9,0
130003029,'995',605,,9579,11,0,9,0,20,,9580,11,,,0,20,,9581,11,0,9,0,60,,9582,11,,,0,20,,9583,11,0,9,0,20,,9584,11,,,0,60,,9585,11,0,9,0,20,,9586,11,,,0,20,,9587,11,0,9,0,60,,9588,11,,,0,20,,9589,11,0,9,0,20,,9590,11,,,0,68,,9591,12,,,0,15,,9592,12,0,10 11,0,15,,9593,12,,,0,15,,9594,12,0,10 11,0,55,,9595,12,,,0,15,,9596,12,0,10 11,0,15,,9597,12,,,0,15,,9598,12,0,10 11,0,55,,9599,12,,,0,15,,9600,12,0,10 11,0,15,,9601,12,,,0,15,,9602,12,0,10 11,0,55,,9603,12,,,0,15,,9604,12,0,10 11,0,15,,9605,12,,,0,15,,9606,12,0,10 11,0,55,,9607,12,,,0,15,,9608,12,0,10 11,0,15,,9609,12,,,0,15,,9610,12,0,10 11,0,55,,9611,12,,,0,15,,9612,12,0,10 11,0,15,,9613,12,,,0,15,,9614,12,0,10 11,0,55,,9615,12,,,0,15,,9616,12,0,10 11,0,15,,9617,12,,,0,15,,9618,12,0,10 11,0,55,,9619,12,,,0,15,,9620,12,0,10 11,0,15,,9637,12,,,0,15,,9638,12,0,10 11,0,55,,9632,12,,,0,15,,9633,12,0,10 11,0,15,,9635,12,,,0,8,,9636,11,0,9,0,55,,9634,11,0,9,0,22,,9639,11,,,0,23,,9626,11,0,9,0,62,,9621,11,,,0,23,,9627,11,0,9,0,22,,9622,11,,,0,63,,9628,11,0,9,0,22,,9623,11,,,0,63,,9629,11,0,9,0,22,,9624,11,,,0,85,,9625,11,0,9,0,43,,9630,11,0,9,0,79,,9631,11,0,9,0
130003029,'996',816,,9640,11,,,0,20,,9665,11,0,9,0,20,,9641,11,,,0,60,,9671,11,0,9,0,20,,9642,11,,,0,20,,9668,11,0,9,0,60,,9643,11,,,0,22,,9669,11,0,9,0,21,,9644,11,,,0,62,,9667,11,0,9,0,23,,9645,11,,,0,62,,9670,11,0,9,0,23,,9646,11,,,0,22,,9666,11,0,9,0,63,,9647,11,,,0,22,,9648,11,0,9,0,23,,9649,11,,,0,62,,9650,11,0,9,0,23,,9651,11,,,0,62,,9652,11,0,9,0,23,,9653,11,,,0,22,,9654,11,0,9,0,63,,9655,11,,,0,22,,9656,11,0,9,0,23,,9657,11,,,0,62,,9658,11,0,9,0,23,,9659,11,,,0,62,,9673,11,0,9,0,23,,9672,11,,,0,85,,9660,11,,,0,45,,9661,11,,,0,85,,9662,11,,,0,85,,9663,11,,,0,85,,9664,11,,,0,44,,9674,11,0,9,0
