'840',1019,80000,,'',0,4000,,'',0,8000,,'',0,2000,,'',0,6000,,'',0,2000,,'',0,2000,,'',0,6000,,'',0,2000,,'',0,2300,,'',0,6200,,'',0,2300,,'',0,2200,,'',0,6300,,'',0,2200,,'',0,2300,,'',0,6200,,'',0,2300,,'',0,6200,,'',0,2300,,'',0,2200,,'',0,6300,,'',0,2200,,'',0,2300,,'',0,6200,,'',0,2200,,'',0,6100,,'',0,2400,,'',0,2100,,'',0,8500,,'',0,8500,,'',0,8500,,'',0,4500,,'',0,8500,,'',0,8200,,'',0
'840',1029,84000,4,'',0,8000,4,'',0,2000,4,'',0,6000,4,'',0,2000,4,'',0,2000,4,'',0,6000,4,'',0,2000,4,'',0,2000,4,'',0,6300,4,'',0,2400,4,'',0,2300,4,'',0,6200,4,'',0,2300,4,'',0,2300,4,'',0,6200,4,'',0,2300,4,'',0,6200,4,'',0,2300,4,'',0,2200,4,'',0,6300,4,'',0,2200,4,'',0,2300,4,'',0,6200,4,'',0,2200,4,'',0,6100,4,'',0,2200,4,'',0,2000,4,'',0,8500,4,'',0,8500,4,'',0,8500,4,'',0,4500,4,'',0,8500,4,'',0,8500,4,'',0
'841',1019,60000,,'',0,3000,,'',0,7000,,'',0,3000,,'',0,7000,,'',0,3000,,'',0,7000,,'',0,3000,,'',0,7000,,'',0,3000,,'',0,7000,,'',0,3000,,'',0,7000,,'',0,3000,,'',0,7000,,'',0,3000,,'',0,7000,,'',0,3000,,'',0,7000,,'',0,3000,,'',0,7000,,'',0,3000,,'',0,7000,,'',0,3000,,'',0,7300,,'',0,4500,,'',0,8500,,'',0,8500,,'',0,8500,,'',0,4500,,'',0,8500,,'',0,8200,,'',0,8500,,'',0
'841',1029,62700,4,'',0,3000,4,'',0,7000,4,'',0,3000,4,'',0,7000,4,'',0,3000,4,'',0,7000,4,'',0,3000,4,'',0,7000,4,'',0,3000,4,'',0,7000,4,'',0,3000,4,'',0,7000,4,'',0,3000,4,'',0,7000,4,'',0,3000,4,'',0,7000,4,'',0,3000,4,'',0,7000,4,'',0,3000,4,'',0,7000,4,'',0,3000,4,'',0,7000,4,'',0,3000,4,'',0,6300,4,'',0,2500,4,'',0,8500,4,'',0,8500,4,'',0,8500,4,'',0,4500,4,'',0,8300,4,'',0,8500,4,'',0,4500,4,'',0
'842',1019,60000,,'',0,4000,,'',0,8000,,'',0,8000,,'',0,4000,,'',0,8000,,'',0,8000,,'',0,3000,,'',0,7000,,'',0,3000,,'',0,7000,,'',0,3000,,'',0,7000,,'',0,3000,,'',0,7000,,'',0,3000,,'',0,7000,,'',0,3000,,'',0,7000,,'',0,3000,,'',0,7000,,'',0,3000,,'',0,7300,,'',0,4500,,'',0,8500,,'',0,8500,,'',0,8500,,'',0,4500,,'',0,8500,,'',0,8200,,'',0,8500,,'',0
'842',1029,64000,4,'',0,8000,4,'',0,8000,4,'',0,4000,4,'',0,8000,4,'',0,8000,4,'',0,2000,4,'',0,3000,4,'',0,7200,4,'',0,3000,4,'',0,7000,4,'',0,3000,4,'',0,7000,4,'',0,3000,4,'',0,7000,4,'',0,3000,4,'',0,7000,4,'',0,3000,4,'',0,7000,4,'',0,3000,4,'',0,7000,4,'',0,3000,4,'',0,9300,4,'',0,8500,4,'',0,8500,4,'',0,8500,4,'',0,4500,4,'',0,8300,4,'',0,8500,4,'',0,4500,4,'',0
'843',1019,80000,,'',0,4000,,'',0,8000,,'',0,2000,,'',0,6000,,'',0,2000,,'',0,2000,,'',0,6000,,'',0,2000,,'',0,2300,,'',0,6200,,'',0,2300,,'',0,2200,,'',0,6300,,'',0,2200,,'',0,2300,,'',0,6200,,'',0,2300,,'',0,6200,,'',0,2300,,'',0,2200,,'',0,6300,,'',0,2200,,'',0,2300,,'',0,6200,,'',0,2200,,'',0,6100,,'',0,2400,,'',0,2100,,'',0,8500,,'',0,8500,,'',0,8500,,'',0,4500,,'',0,8500,,'',0,8200,,'',0
'843',1029,84000,4,'',0,8000,4,'',0,2000,4,'',0,6000,4,'',0,2000,4,'',0,2000,4,'',0,6000,4,'',0,2000,4,'',0,2000,4,'',0,6300,4,'',0,2400,4,'',0,2300,4,'',0,6200,4,'',0,2300,4,'',0,2300,4,'',0,6200,4,'',0,2300,4,'',0,6200,4,'',0,2300,4,'',0,2200,4,'',0,6300,4,'',0,2200,4,'',0,2300,4,'',0,6200,4,'',0,2200,4,'',0,6100,4,'',0,2200,4,'',0,2000,4,'',0,8500,4,'',0,8500,4,'',0,8500,4,'',0,4500,4,'',0,8500,4,'',0,8500,4,'',0
'840',2019,84000,,'',0,8000,,'',0,8000,,'',0,4000,,'',0,8000,,'',0,8500,,'',0,4500,,'',0,8500,,'',0,8500,,'',0,8500,,'',0,4500,,'',0,8500,,'',0,8500,,'',0,8300,,'',0,4500,,'',0,8500,,'',0,8500,,'',0,8500,,'',0,4500,,'',0,8500,,'',0
'840',2029,91900,4,'',0,4000,4,'',0,8000,4,'',0,8000,4,'',0,8500,4,'',0,4500,4,'',0,8500,4,'',0,8500,4,'',0,8500,4,'',0,4500,4,'',0,8500,4,'',0,8500,4,'',0,4000,4,'',0,8000,4,'',0,8300,4,'',0,8500,4,'',0,4500,4,'',0,8500,4,'',0,8500,4,'',0,8300,4,'',0
'841',2019,62000,,'',0,2500,,'',0,5500,0,'College',0,1500,,'',0,1500,0,'College',0,1500,,'',0,5500,0,'College',0,1500,,'',0,1500,0,'College',0,1500,,'',0,5500,0,'College',0,1500,,'',0,1500,0,'College',0,1500,,'',0,5500,0,'College',0,1500,,'',0,1500,0,'College',0,1500,,'',0,5500,0,'College',0,1500,,'',0,1500,0,'College',0,1500,,'',0,5500,0,'College',0,1500,,'',0,1500,0,'College',0,1500,,'',0,5500,0,'College',0,1500,,'',0,1500,0,'College',0,1500,,'',0,5500,0,'College',0,1500,,'',0,1500,0,'College',0,1500,,'',0,5500,0,'College',0,1500,,'',0,1500,0,'College',0,1500,,'',0,5500,0,'College',0,1500,,'',0,1500,0,'College',0,1500,,'',0,5500,0,'College',0,1500,,'',0,1500,0,'College',0,7300,,'',0,2200,0,'College',0,2300,,'',0,6200,0,'College',0,2300,,'',0,2200,0,'College',0,6300,,'',0,2200,0,'College',0,6300,,'',0,2200,0,'College',0,2300,,'',0,8500,,'',0,8200,0,'College',0
'841',2029,71400,4,'',0,3000,4,'',0,1500,4,'',0,5500,4,'',0,1500,4,'',0,1500,4,'',0,1500,4,'',0,5500,4,'',0,1500,4,'',0,1500,4,'',0,1500,4,'',0,5500,4,'',0,1500,4,'',0,1500,4,'',0,1500,4,'',0,5500,4,'',0,1500,4,'',0,1500,4,'',0,1500,4,'',0,5500,4,'',0,1500,4,'',0,1500,4,'',0,1500,4,'',0,5500,4,'',0,1500,4,'',0,1500,4,'',0,1500,4,'',0,5500,4,'',0,1500,4,'',0,1500,4,'',0,1500,4,'',0,5500,4,'',0,1500,4,'',0,1500,4,'',0,1500,4,'',0,5500,4,'',0,1500,4,'',0,1100,4,'',0,1500,4,'',0,5500,4,'',0,1500,4,'',0,1500,4,'',0,1500,4,'',0,5500,4,'',0,1500,4,'',0,1500,4,'',0,6400,4,'',0,2200,4,'',0,2300,4,'',0,6200,4,'',0,2100,4,'',0,7100,4,'',0,1400,4,'',0,3100,4,'',0,5400,4,'',0,3000,4,'',0,8000,4,'',0,4000,4,'',0,6200,4,'',0
'842',2019,60000,,'',0,4000,,'',0,8000,,'',0,8000,,'',0,4000,,'',0,8000,,'',0,9500,,'',0,3000,,'',0,7000,,'',0,3000,,'',0,7000,,'',0,3000,,'',0,7000,,'',0,3000,,'',0,7000,,'',0,3000,,'',0,7000,,'',0,3000,,'',0,7000,,'',0,3000,,'',0,7000,,'',0,8800,,'',0,4500,,'',0,8500,,'',0,8500,,'',0,8500,,'',0,4500,,'',0,8500,,'',0,8200,0,'College',0
'842',2029,63900,4,'',0,8000,4,'',0,4000,4,'',0,8000,4,'',0,8000,4,'',0,4000,4,'',0,8500,4,'',0,7000,4,'',0,3000,4,'',0,7000,4,'',0,3000,4,'',0,7000,4,'',0,3000,4,'',0,7000,4,'',0,3000,4,'',0,7000,4,'',0,3000,4,'',0,7000,4,'',0,3000,4,'',0,7000,4,'',0,3500,4,'',0,7000,4,'',0,2500,4,'',0,8300,4,'',0,8500,4,'',0,4500,4,'',0,8500,4,'',0,8500,4,'',0,8500,4,'',0,4000,4,'',0,6200,4,'',0
'843',2019,84000,,'',0,8000,,'',0,8000,,'',0,4000,,'',0,8000,,'',0,8500,,'',0,4500,,'',0,8500,,'',0,8500,,'',0,8500,,'',0,4500,,'',0,8500,,'',0,8500,,'',0,8300,,'',0,4500,,'',0,8500,,'',0,8500,,'',0,8500,,'',0,4500,,'',0,8500,,'',0
'843',2029,91900,4,'',0,4000,4,'',0,8000,4,'',0,8000,4,'',0,8500,4,'',0,4500,4,'',0,8500,4,'',0,8500,4,'',0,8500,4,'',0,4500,4,'',0,8500,4,'',0,8500,4,'',0,4000,4,'',0,8000,4,'',0,8300,4,'',0,8500,4,'',0,4500,4,'',0,8500,4,'',0,8500,4,'',0,8300,4,'',0
'840',7019,84500,,'',0,8000,,'',0,8000,,'',0,4000,,'',0,8000,,'',0,8500,,'',0,4500,,'',0,8500,,'',0,8500,,'',0,8500,,'',0,4500,,'',0,8500,,'',0,8500,,'',0,8300,,'',0,4700,,'',0,8300,,'',0,8500,,'',0,8500,,'',0,4000,,'',0
'840',7029,91300,4,'',0,4000,4,'',0,8000,4,'',0,8000,4,'',0,4000,4,'',0,8500,4,'',0,8500,4,'',0,8500,4,'',0,4500,4,'',0,8500,4,'',0,8500,4,'',0,8500,4,'',0,4500,4,'',0,8300,4,'',0,8700,4,'',0,8300,4,'',0,4500,4,'',0,8500,4,'',0,8000,4,'',0
'841',7019,60000,,'',0,3000,,'',0,7000,,'',0,3000,,'',0,7000,,'',0,3000,,'',0,7000,,'',0,3000,,'',0,7000,,'',0,3000,,'',0,7000,,'',0,3000,,'',0,7000,,'',0,3000,,'',0,7000,,'',0,3000,,'',0,7000,,'',0,3000,,'',0,7000,,'',0,3000,,'',0,7000,,'',0,3000,,'',0,7000,,'',0,3000,,'',0,7800,,'',0,4600,,'',0,8400,,'',0,8500,,'',0,8500,,'',0,4500,,'',0,8000,,'',0
'841',7029,62800,4,'',0,3000,4,'',0,7000,4,'',0,3000,4,'',0,7000,4,'',0,3000,4,'',0,7000,4,'',0,3000,4,'',0,7000,4,'',0,3000,4,'',0,7000,4,'',0,3000,4,'',0,7000,4,'',0,3000,4,'',0,7000,4,'',0,3000,4,'',0,7000,4,'',0,3000,4,'',0,7000,4,'',0,3000,4,'',0,7000,4,'',0,3000,4,'',0,7000,4,'',0,3000,4,'',0,7800,4,'',0,8600,4,'',0,8400,4,'',0,4500,4,'',0,8500,4,'',0,8500,4,'',0,8000,4,'',0
'842',7019,60500,,'',0,4000,,'',0,8000,,'',0,8000,,'',0,4000,,'',0,8000,,'',0,7500,,'',0,3000,,'',0,7000,,'',0,3000,,'',0,7000,,'',0,3000,,'',0,7000,,'',0,3000,,'',0,7000,,'',0,3000,,'',0,7000,,'',0,3000,,'',0,7000,,'',0,3000,,'',0,7000,,'',0,3000,,'',0,7800,,'',0,4700,,'',0,8300,,'',0,8500,,'',0,8500,,'',0,4500,,'',0,8000,,'',0
'842',7029,63300,4,'',0,8000,4,'',0,4000,4,'',0,8000,4,'',0,8000,4,'',0,4000,4,'',0,7500,4,'',0,3000,4,'',0,7000,4,'',0,3000,4,'',0,7000,4,'',0,3000,4,'',0,7000,4,'',0,3000,4,'',0,7000,4,'',0,3000,4,'',0,7000,4,'',0,3000,4,'',0,7000,4,'',0,3000,4,'',0,7000,4,'',0,3000,4,'',0,7800,4,'',0,8700,4,'',0,8300,4,'',0,4500,4,'',0,8500,4,'',0,8500,4,'',0,8000,4,'',0
'843',7019,84500,,'',0,8000,,'',0,8000,,'',0,4000,,'',0,8000,,'',0,8500,,'',0,4500,,'',0,8500,,'',0,8500,,'',0,8500,,'',0,4500,,'',0,8500,,'',0,8500,,'',0,8300,,'',0,4700,,'',0,8300,,'',0,8500,,'',0,8500,,'',0,4000,,'',0
'843',7029,91300,4,'',0,4000,4,'',0,8000,4,'',0,8000,4,'',0,4000,4,'',0,8500,4,'',0,8500,4,'',0,8500,4,'',0,4500,4,'',0,8500,4,'',0,8500,4,'',0,8500,4,'',0,4500,4,'',0,8300,4,'',0,8700,4,'',0,8300,4,'',0,4500,4,'',0,8500,4,'',0,8000,4,'',0
'840',9019,84000,0,'University',0,8000,,'',0,8000,,'',0,4000,,'',0,8000,,'',0,8500,,'',0,4500,,'',0,8500,,'',0,8500,,'',0,8500,,'',0,4500,,'',0,8500,,'',0,8500,,'',0,8300,0,'University',0,4500,0,'University',0,8500,0,'University',0,8500,0,'University',0,8500,0,'University',0,4500,0,'University',0
'840',9029,92000,4,'',0,8000,4,'',0,4000,4,'',0,8000,4,'',0,8500,4,'',0,4500,4,'',0,8500,4,'',0,8500,4,'',0,8500,4,'',0,4500,4,'',0,8500,4,'',0,8500,4,'',0,8000,4,'',0,4300,4,'',0,8500,4,'',0,8500,4,'',0,4500,4,'',0,8500,4,'',0,8500,4,'',0
'841',9019,61000,,'',0,2000,,'',0,7000,,'',0,3000,,'',0,7000,,'',0,3000,,'',0,7000,,'',0,3000,,'',0,7000,,'',0,3000,,'',0,7000,,'',0,3000,,'',0,7000,,'',0,3000,,'',0,7000,,'',0,3000,,'',0,7000,,'',0,3000,,'',0,7000,,'',0,3000,,'',0,7000,,'',0,3000,,'',0,7000,,'',0,3000,,'',0,7300,,'',0,4500,,'',0,8500,,'',0,8500,0,'University',0,8500,0,'University',0,4500,0,'University',0,8500,0,'University',0
'841',9029,73000,4,'',0,2900,4,'',0,7000,4,'',0,3000,4,'',0,7000,4,'',0,3000,4,'',0,7000,4,'',0,3000,4,'',0,7000,4,'',0,3000,4,'',0,7000,4,'',0,3000,4,'',0,7000,4,'',0,3000,4,'',0,7000,4,'',0,3000,4,'',0,7000,4,'',0,3000,4,'',0,7000,4,'',0,3000,4,'',0,7000,4,'',0,3000,4,'',0,7000,4,'',0,1100,4,'',0,8800,4,'',0,8500,4,'',0,4500,4,'',0,8500,4,'',0,8500,4,'',0,8500,4,'',0
'842',9019,60000,0,'University',0,4000,0,'University',0,8000,0,'University',0,8000,0,'University',0,4000,,'',0,8000,,'',0,8000,,'',0,3000,,'',0,7000,,'',0,3000,,'',0,7000,,'',0,3000,,'',0,7000,,'',0,3000,,'',0,7000,,'',0,3000,,'',0,7000,,'',0,3000,,'',0,7000,,'',0,3000,,'',0,7000,,'',0,3000,,'',0,7300,,'',0,4500,,'',0,8500,,'',0,8500,0,'University',0,8500,0,'University',0,4500,0,'University',0,8500,0,'University',0
'842',9029,64000,4,'',0,8000,4,'',0,8000,4,'',0,4000,4,'',0,8000,4,'',0,3900,4,'',0,7100,4,'',0,2900,4,'',0,7000,4,'',0,3000,4,'',0,7000,4,'',0,3000,4,'',0,7000,4,'',0,3000,4,'',0,7000,4,'',0,3000,4,'',0,7000,4,'',0,3000,4,'',0,7000,4,'',0,3000,4,'',0,7000,4,'',0,3000,4,'',0,7000,4,'',0,1100,4,'',0,8800,4,'',0,8500,4,'',0,4500,4,'',0,8500,4,'',0,8500,4,'',0,8500,4,'',0
'843',9019,84000,0,'University',0,8000,,'',0,8000,,'',0,4000,,'',0,8000,,'',0,8500,,'',0,4500,,'',0,8500,,'',0,8500,,'',0,8500,,'',0,4500,,'',0,8500,,'',0,8500,,'',0,8300,0,'University',0,4500,0,'University',0,8500,0,'University',0,8500,0,'University',0,8500,0,'University',0,4500,0,'University',0
'843',9029,92000,4,'',0,8000,4,'',0,4000,4,'',0,8000,4,'',0,8500,4,'',0,4500,4,'',0,8500,4,'',0,8500,4,'',0,8500,4,'',0,4500,4,'',0,8500,4,'',0,8500,4,'',0,8000,4,'',0,4300,4,'',0,8500,4,'',0,8500,4,'',0,4500,4,'',0,8500,4,'',0,8500,4,'',0
'841',11019,63000,4,'',0,7000,4,'',0,2900,4,'',0,3000,4,'',0,7000,4,'',0,3000,4,'',0,7000,4,'',0,3000,4,'',0,7000,4,'',0,3000,4,'',0,7000,4,'',0,3000,4,'',0,7000,4,'',0,3000,4,'',0,7000,4,'',0,3000,4,'',0,7000,4,'',0,3000,4,'',0,7000,4,'',0,3000,4,'',0,7000,4,'',0,3000,4,'',0,7000,4,'',0,3000,4,'',0
'841',11029,60500,,'',0,3000,,'',0,6500,,'',0,3000,,'',0,7000,,'',0,3000,,'',0,7000,,'',0,3000,,'',0,7000,,'',0,3000,,'',0,7000,,'',0,3000,,'',0,7000,,'',0,3000,,'',0,7000,,'',0,3000,,'',0,7000,,'',0,3000,,'',0,7000,,'',0,3000,,'',0,7000,,'',0,3000,,'',0,7000,,'',0,3000,,'',0
'842',11019,102900,4,'',0,3000,4,'',0,7000,4,'',0,3000,4,'',0,7000,4,'',0,3000,4,'',0,7000,4,'',0,3000,4,'',0,7000,4,'',0,3000,4,'',0,7000,4,'',0,3000,4,'',0,7000,4,'',0,3000,4,'',0,7000,4,'',0,3000,4,'',0
'842',11029,100000,,'',0,3000,,'',0,7000,,'',0,3000,,'',0,7000,,'',0,3000,,'',0,7000,,'',0,3000,,'',0,7000,,'',0,3000,,'',0,7000,,'',0,3000,,'',0,7000,,'',0,3000,,'',0,7000,,'',0,3000,,'',0
'840',13019,84000,,'',0,8000,,'',0,8000,,'',0,4000,,'',0,8000,,'',0,8500,,'',0,4500,,'',0,8500,,'',0,8500,,'',0,8500,,'',0,4500,,'',0,8500,,'',0,8500,,'',0,8300,,'',0,4500,,'',0,8500,,'',0,8500,,'',0,8500,,'',0,4500,,'',0
'840',13029,91500,4,'',0,4000,4,'',0,8000,4,'',0,8000,4,'',0,4100,4,'',0,8700,4,'',0,8500,4,'',0,8500,4,'',0,4500,4,'',0,8500,4,'',0,8500,4,'',0,8500,4,'',0,4200,4,'',0,8300,4,'',0,8500,4,'',0,8500,4,'',0,4500,4,'',0,8400,4,'',0,8500,4,'',0
'841',13019,180300,,'',0,4500,,'',0,8500,,'',0,8500,,'',0,8500,,'',0,4500,,'',0,8500,,'',0
'841',13029,183800,4,'',0,8500,4,'',0,8500,4,'',0,4500,4,'',0,8400,4,'',0,8500,4,'',0,8500,4,'',0
'842',13019,60000,,'',0,4000,,'',0,8000,,'',0,8000,,'',0,4000,,'',0,8000,,'',0,88300,,'',0,4500,,'',0,8500,,'',0,8500,,'',0,8500,,'',0,4500,,'',0,8500,,'',0
'842',13029,63300,4,'',0,8000,4,'',0,4000,4,'',0,8200,4,'',0,8000,4,'',0,4000,4,'',0,88300,4,'',0,8500,4,'',0,8500,4,'',0,4500,4,'',0,8400,4,'',0,8500,4,'',0,8500,4,'',0
'843',13019,84000,,'',0,8000,,'',0,8000,,'',0,4000,,'',0,8000,,'',0,8500,,'',0,4500,,'',0,8500,,'',0,8500,,'',0,8500,,'',0,4500,,'',0,8500,,'',0,8500,,'',0,8300,,'',0,4500,,'',0,8500,,'',0,8500,,'',0,8500,,'',0,4500,,'',0
'843',13029,91500,4,'',0,4000,4,'',0,8000,4,'',0,8000,4,'',0,4100,4,'',0,8700,4,'',0,8500,4,'',0,8500,4,'',0,4500,4,'',0,8500,4,'',0,8500,4,'',0,8500,4,'',0,4200,4,'',0,8300,4,'',0,8500,4,'',0,8500,4,'',0,4500,4,'',0,8400,4,'',0,8500,4,'',0
'840',17019,84000,,'',0,8000,,'',0,8000,,'',0,4000,,'',0,8000,,'',0,8500,,'',0,4500,,'',0,8500,,'',0,8500,,'',0,8500,,'',0,4500,,'',0,8500,,'',0,8500,,'',0,8300,,'',0,4500,,'',0,8500,,'',0,8500,,'',0,8500,,'',0,4500,,'',0,8500,,'',0
'840',17029,91700,4,'',0,4000,4,'',0,8000,4,'',0,8000,4,'',0,4000,4,'',0,8500,4,'',0,8500,4,'',0,8500,4,'',0,4500,4,'',0,8500,4,'',0,8500,4,'',0,8500,4,'',0,4500,4,'',0,8300,4,'',0,8500,4,'',0,8500,4,'',0,4500,4,'',0,8500,4,'',0,8500,4,'',0,8500,4,'',0
'841',17019,60300,,'',0,4500,,'',0,8500,,'',0,8500,,'',0,8500,,'',0,4500,,'',0,8500,,'',0,8500,,'',0,8500,,'',0,4500,,'',0,8500,,'',0,8500,,'',0,8500,,'',0,4500,,'',0,8500,,'',0,8500,,'',0,8800,,'',0,4200,,'',0,8500,,'',0,8500,,'',0,8500,,'',0,4500,,'',0,8500,,'',0
'841',17029,64000,4,'',0,8500,4,'',0,8500,4,'',0,4500,4,'',0,8500,4,'',0,8500,4,'',0,8500,4,'',0,4500,4,'',0,8500,4,'',0,8500,4,'',0,8500,4,'',0,4500,4,'',0,8500,4,'',0,8500,4,'',0,8500,4,'',0,4500,4,'',0,8800,4,'',0,8200,4,'',0,8500,4,'',0,4500,4,'',0,8500,4,'',0,8500,4,'',0,8500,4,'',0
'842',17019,60000,,'',0,4000,,'',0,8000,,'',0,8000,,'',0,4000,,'',0,8000,,'',0,8300,,'',0,4500,,'',0,8500,,'',0,8500,,'',0,8500,,'',0,4500,,'',0,8500,,'',0,8500,,'',0,8500,,'',0,4300,,'',0,8500,,'',0,8000,,'',0,3700,,'',0,8500,,'',0,8500,,'',0,8500,,'',0,4500,,'',0,8500,,'',0
'842',17029,63700,4,'',0,8000,4,'',0,4000,4,'',0,8000,4,'',0,8000,4,'',0,4000,4,'',0,8300,4,'',0,8500,4,'',0,8500,4,'',0,4500,4,'',0,8500,4,'',0,8500,4,'',0,8500,4,'',0,4500,4,'',0,8500,4,'',0,8300,4,'',0,8500,4,'',0,4000,4,'',0,7700,4,'',0,8500,4,'',0,4500,4,'',0,8500,4,'',0,8500,4,'',0,8500,4,'',0
'843',17019,84000,,'',0,8000,,'',0,8000,,'',0,4000,,'',0,8000,,'',0,8500,,'',0,4500,,'',0,8500,,'',0,8500,,'',0,8500,,'',0,4500,,'',0,8500,,'',0,8500,,'',0,8300,,'',0,4500,,'',0,8500,,'',0,8500,,'',0,8500,,'',0,4500,,'',0,8500,,'',0
'843',17029,91700,4,'',0,4000,4,'',0,8000,4,'',0,8000,4,'',0,4000,4,'',0,8500,4,'',0,8500,4,'',0,8500,4,'',0,4500,4,'',0,8500,4,'',0,8500,4,'',0,8500,4,'',0,4500,4,'',0,8300,4,'',0,8500,4,'',0,8500,4,'',0,4500,4,'',0,8500,4,'',0,8500,4,'',0,8500,4,'',0
'840',30003019,91500,4,'',0,4000,4,'',0,8000,4,'',0,8000,4,'',0,8500,4,'',0,4500,4,'',0,8500,4,'',0,8500,4,'',0,8500,4,'',0,4500,4,'',0,8500,4,'',0,8500,4,'',0,4400,4,'',0,8000,4,'',0,8400,4,'',0,8500,4,'',0,4500,4,'',0,8500,4,'',0,8500,4,'',0,8300,4,'',0
'840',30003029,84000,,'',0,8000,,'',0,8000,,'',0,4000,,'',0,8000,,'',0,8500,,'',0,4500,,'',0,8500,,'',0,8500,,'',0,8500,,'',0,4500,,'',0,8500,,'',0,8500,,'',0,8300,,'',0,4500,,'',0,8500,,'',0,8500,,'',0,8500,,'',0,4500,,'',0,8500,,'',0
'841',30003019,64000,4,'',0,6900,4,'',0,3000,4,'',0,7100,4,'',0,3000,4,'',0,7000,4,'',0,3000,4,'',0,7000,4,'',0,2700,4,'',0,7300,4,'',0,3000,4,'',0,7000,4,'',0,3000,4,'',0,7000,4,'',0,3000,4,'',0,7000,4,'',0,3000,4,'',0,7000,4,'',0,3000,4,'',0,7000,4,'',0,3000,4,'',0,7000,4,'',0,3000,4,'',0,7000,4,'',0,3300,4,'',0,8200,4,'',0,8500,4,'',0,4500,4,'',0,8800,4,'',0,8500,4,'',0,8200,4,'',0
'841',30003029,60500,,'',0,2500,,'',0,7000,,'',0,3000,,'',0,7000,,'',0,3000,,'',0,7000,,'',0,3000,,'',0,7000,,'',0,3000,,'',0,7000,,'',0,3000,,'',0,7000,,'',0,3000,,'',0,7000,,'',0,3000,,'',0,7000,,'',0,3000,,'',0,7000,,'',0,3000,,'',0,7000,,'',0,3000,,'',0,7000,,'',0,3000,,'',0,7300,,'',0,4500,,'',0,8500,,'',0,8500,,'',0,8500,,'',0,4500,,'',0,8500,,'',0
'842',30003019,64000,4,'',0,7500,4,'',0,4000,4,'',0,8000,4,'',0,8000,4,'',0,4000,4,'',0,8200,4,'',0,7300,4,'',0,3000,4,'',0,7000,4,'',0,3000,4,'',0,7000,4,'',0,3000,4,'',0,7000,4,'',0,3000,4,'',0,7000,4,'',0,3000,4,'',0,7000,4,'',0,3000,4,'',0,7000,4,'',0,3000,4,'',0,7000,4,'',0,3300,4,'',0,8200,4,'',0,8500,4,'',0,4500,4,'',0,8800,4,'',0,8500,4,'',0,8200,4,'',0
'842',30003029,60500,,'',0,3500,,'',0,8000,,'',0,8000,,'',0,4000,,'',0,8000,,'',0,8000,,'',0,3000,,'',0,7000,,'',0,3000,,'',0,7000,,'',0,3000,,'',0,7000,,'',0,3000,,'',0,7000,,'',0,3000,,'',0,7000,,'',0,3000,,'',0,7000,,'',0,3000,,'',0,7000,,'',0,3000,,'',0,7300,,'',0,4500,,'',0,8500,,'',0,8500,,'',0,8500,,'',0,4500,,'',0,8500,,'',0
'843',30003019,91500,4,'',0,4000,4,'',0,8000,4,'',0,8000,4,'',0,8500,4,'',0,4500,4,'',0,8500,4,'',0,8500,4,'',0,8500,4,'',0,4500,4,'',0,8500,4,'',0,8500,4,'',0,4400,4,'',0,8000,4,'',0,8400,4,'',0,8500,4,'',0,4500,4,'',0,8500,4,'',0,8500,4,'',0,8300,4,'',0
'843',30003029,84000,,'',0,8000,,'',0,8000,,'',0,4000,,'',0,8000,,'',0,8500,,'',0,4500,,'',0,8500,,'',0,8500,,'',0,8500,,'',0,4500,,'',0,8500,,'',0,8500,,'',0,8300,,'',0,4500,,'',0,8500,,'',0,8500,,'',0,8500,,'',0,4500,,'',0,8500,,'',0
'841',100003019,65500,4,'',0,7000,4,'',0,3000,4,'',0,7000,4,'',0,3000,4,'',0,7000,4,'',0,3000,4,'',0,7000,4,'',0,3000,4,'',0,7000,4,'',0,3000,4,'',0,7000,4,'',0,3000,4,'',0,7000,4,'',0,3000,4,'',0,7000,4,'',0,3000,4,'',0,7000,4,'',0,3000,4,'',0,7000,4,'',0,3000,4,'',0,7000,4,'',0,3300,4,'',0,6600,4,'',0
'841',100003029,62000,,'',0,2500,,'',0,7000,,'',0,3000,,'',0,7000,,'',0,3000,,'',0,7000,,'',0,3000,,'',0,7000,,'',0,3000,,'',0,7000,,'',0,3000,,'',0,7000,,'',0,3000,,'',0,7000,,'',0,3000,,'',0,7000,,'',0,3000,,'',0,7000,,'',0,3000,,'',0,7000,,'',0,3000,,'',0,7000,,'',0,3000,,'',0
'842',100003019,102500,4,'',0,3000,4,'',0,7000,4,'',0,3000,4,'',0,7000,4,'',0,3000,4,'',0,7000,4,'',0,3000,4,'',0,7000,4,'',0,3000,4,'',0,7000,4,'',0,3000,4,'',0,7000,4,'',0,3000,4,'',0,7000,4,'',0,3300,4,'',0,6600,4,'',0
'842',100003029,101500,,'',0,3000,,'',0,7000,,'',0,3000,,'',0,7000,,'',0,3000,,'',0,7000,,'',0,3000,,'',0,7000,,'',0,3000,,'',0,7000,,'',0,3000,,'',0,7000,,'',0,3000,,'',0,7000,,'',0,3000,,'',0
'840',130003019,80000,,'',0,2000,0,'City Hall',0,2000,,'',0,6000,0,'City Hall',0,2000,,'',0,2000,0,'City Hall',0,6000,,'',0,2000,0,'City Hall',0,2000,,'',0,6000,0,'City Hall',0,2000,,'',0,2300,0,'City Hall',0,6200,,'',0,2300,0,'City Hall',0,2200,,'',0,6300,0,'City Hall',0,2200,,'',0,2300,0,'City Hall',0,6200,,'',0,2300,0,'City Hall',0,6200,,'',0,2300,0,'City Hall',0,2200,,'',0,6300,0,'City Hall',0,2200,,'',0,2300,0,'City Hall',0,6200,,'',0,2200,0,'City Hall',0,6100,,'',0,2400,0,'City Hall',0,2100,,'',0,8500,,'',0,8500,,'',0,8500,,'',0,4500,,'',0,8500,0,'City Hall',0
'840',130003029,83900,4,'',0,2000,4,'',0,6000,4,'',0,2000,4,'',0,2000,4,'',0,6000,4,'',0,2000,4,'',0,2000,4,'',0,6000,4,'',0,2000,4,'',0,6500,4,'',0,2200,4,'',0,2300,4,'',0,6200,4,'',0,2300,4,'',0,2300,4,'',0,6200,4,'',0,2300,4,'',0,6200,4,'',0,2300,4,'',0,2200,4,'',0,6300,4,'',0,2200,4,'',0,2300,4,'',0,6200,4,'',0,2300,4,'',0,6100,4,'',0,2400,4,'',0,2000,4,'',0,8500,4,'',0,8500,4,'',0,8500,4,'',0,4500,4,'',0,8500,4,'',0,7800,4,'',0
'841',130003019,61000,0,'Airport',0,1500,,'',0,2000,,'',0,5500,0,'Airport',0,1500,,'',0,1500,0,'Airport',0,1500,,'',0,5500,0,'Airport',0,1500,,'',0,1500,0,'Airport',0,1500,,'',0,5500,0,'Airport',0,1500,,'',0,1500,0,'Airport',0,1500,,'',0,5500,0,'Airport',0,1500,,'',0,1500,0,'Airport',0,1500,,'',0,5500,0,'Airport',0,1500,,'',0,1500,0,'Airport',0,1500,,'',0,5500,0,'Airport',0,1500,,'',0,1500,0,'Airport',0,1500,,'',0,5500,0,'Airport',0,1500,,'',0,1500,0,'Airport',0,1500,,'',0,5500,0,'Airport',0,1500,,'',0,1500,0,'Airport',0,1500,,'',0,5500,0,'Airport',0,1500,,'',0,1500,0,'Airport',0,1500,,'',0,5500,0,'Airport',0,1500,,'',0,1500,0,'Airport',0,1500,,'',0,5500,0,'Airport',0,1500,,'',0,1500,0,'Airport',0,1500,,'',0,5800,0,'Airport',0,2200,0,'City Hall',0,2300,,'',0,6200,0,'City Hall',0,2300,,'',0,2200,0,'City Hall',0,6300,,'',0,2200,0,'City Hall',0,6300,,'',0,2200,0,'City Hall',0,2300,,'',0,6200,0,'City Hall',0,2300,0,'City Hall',0,8200,0,'City Hall',0,8500,0,'City Hall',0
'841',130003029,62900,4,'',0,1500,4,'',0,7000,4,'',0,1500,4,'',0,1500,4,'',0,1500,4,'',0,5500,4,'',0,1500,4,'',0,1500,4,'',0,1500,4,'',0,5500,4,'',0,1500,4,'',0,1500,4,'',0,1500,4,'',0,5500,4,'',0,1500,4,'',0,1500,4,'',0,1500,4,'',0,5500,4,'',0,1500,4,'',0,1500,4,'',0,1500,4,'',0,5500,4,'',0,1500,4,'',0,1500,4,'',0,1500,4,'',0,5500,4,'',0,1500,4,'',0,1500,4,'',0,1500,4,'',0,5500,4,'',0,1500,4,'',0,1500,4,'',0,1500,4,'',0,5500,4,'',0,1500,4,'',0,1500,4,'',0,1500,4,'',0,5500,4,'',0,1500,4,'',0,1500,4,'',0,1500,4,'',0,5500,4,'',0,1500,4,'',0,1500,4,'',0,5800,4,'',0,1900,4,'',0,2200,4,'',0,6500,4,'',0,2400,4,'',0,2300,4,'',0,6200,4,'',0,2300,4,'',0,6200,4,'',0,2300,4,'',0,2200,4,'',0,6300,4,'',0,2200,4,'',0,8200,4,'',0,4500,4,'',0,7600,4,'',0
'842',130003019,60000,,'',0,2000,0,'City Hall',0,2000,,'',0,6000,0,'City Hall',0,2000,,'',0,2000,0,'City Hall',0,6000,,'',0,2000,0,'City Hall',0,2000,,'',0,6000,0,'City Hall',0,2000,,'',0,2000,0,'Airport',0,6000,0,'Airport',0,1500,,'',0,1500,0,'Airport',0,1500,,'',0,5500,0,'Airport',0,1500,,'',0,1500,0,'Airport',0,1500,,'',0,5500,0,'Airport',0,1500,,'',0,1500,0,'Airport',0,1500,,'',0,5500,0,'Airport',0,1500,,'',0,1500,0,'Airport',0,1500,,'',0,5500,0,'Airport',0,1500,,'',0,1500,0,'Airport',0,1500,,'',0,5500,0,'Airport',0,1500,,'',0,1500,0,'Airport',0,1500,,'',0,5500,0,'Airport',0,1500,,'',0,1500,0,'Airport',0,1500,,'',0,5500,0,'Airport',0,1500,,'',0,1500,0,'Airport',0,1500,,'',0,5800,0,'Airport',0,2200,0,'City Hall',0,2300,,'',0,6200,0,'City Hall',0,2300,,'',0,2200,0,'City Hall',0,6300,,'',0,2200,0,'City Hall',0,6300,,'',0,2200,0,'City Hall',0,2300,,'',0,6200,0,'City Hall',0,2300,0,'City Hall',0,8200,0,'City Hall',0,8500,0,'City Hall',0
'842',130003029,61900,4,'',0,2000,4,'',0,2000,4,'',0,6000,4,'',0,2000,4,'',0,2000,4,'',0,6000,4,'',0,2000,4,'',0,2000,4,'',0,6000,4,'',0,2000,4,'',0,2000,4,'',0,7000,4,'',0,1500,4,'',0,1500,4,'',0,5500,4,'',0,1500,4,'',0,1500,4,'',0,1500,4,'',0,5500,4,'',0,1500,4,'',0,1500,4,'',0,1500,4,'',0,5500,4,'',0,1500,4,'',0,1500,4,'',0,1500,4,'',0,5500,4,'',0,1500,4,'',0,1500,4,'',0,1500,4,'',0,5500,4,'',0,1500,4,'',0,1500,4,'',0,1500,4,'',0,5500,4,'',0,1500,4,'',0,1500,4,'',0,1500,4,'',0,5500,4,'',0,1500,4,'',0,1500,4,'',0,5800,4,'',0,1900,4,'',0,2200,4,'',0,6500,4,'',0,2400,4,'',0,2300,4,'',0,6200,4,'',0,2300,4,'',0,6200,4,'',0,2300,4,'',0,2200,4,'',0,6300,4,'',0,2200,4,'',0,8200,4,'',0,4500,4,'',0,7600,4,'',0
'843',130003019,80000,,'',0,2000,0,'City Hall',0,2000,,'',0,6000,0,'City Hall',0,2000,,'',0,2000,0,'City Hall',0,6000,,'',0,2000,0,'City Hall',0,2000,,'',0,6000,0,'City Hall',0,2000,,'',0,2300,0,'City Hall',0,6200,,'',0,2300,0,'City Hall',0,2200,,'',0,6300,0,'City Hall',0,2200,,'',0,2300,0,'City Hall',0,6200,,'',0,2300,0,'City Hall',0,6200,,'',0,2300,0,'City Hall',0,2200,,'',0,6300,0,'City Hall',0,2200,,'',0,2300,0,'City Hall',0,6200,,'',0,2200,0,'City Hall',0,6100,,'',0,2400,0,'City Hall',0,2100,,'',0,8500,,'',0,8500,,'',0,8500,,'',0,4500,,'',0,8500,0,'City Hall',0
'843',130003029,83900,4,'',0,2000,4,'',0,6000,4,'',0,2000,4,'',0,2000,4,'',0,6000,4,'',0,2000,4,'',0,2000,4,'',0,6000,4,'',0,2000,4,'',0,6500,4,'',0,2200,4,'',0,2300,4,'',0,6200,4,'',0,2300,4,'',0,2300,4,'',0,6200,4,'',0,2300,4,'',0,6200,4,'',0,2300,4,'',0,2200,4,'',0,6300,4,'',0,2200,4,'',0,2300,4,'',0,6200,4,'',0,2300,4,'',0,6100,4,'',0,2400,4,'',0,2000,4,'',0,8500,4,'',0,8500,4,'',0,8500,4,'',0,4500,4,'',0,8500,4,'',0,7800,4,'',0
