30003029,'1038',833,,20692,3,,,0,80,,20693,3,,,0,40,,20694,3,,,0,80,,20695,3,,,0,86,,20696,3,,,0,85,,20697,3,,,0,45,,20698,3,,,0,85,,20699,3,,,0,85,,20700,3,,,0,85,,20701,3,,,0,45,,20702,3,,,0,85,,20703,3,,,0,85,,20704,3,,,0,85,,20705,3,,,0,45,,20706,3,,,0,85,,20707,3,,,0,85,,20708,3,,,0,85,,20709,3,,,0,45,,20710,3,,,0,82,,20711,3,,,0
30003029,'1039',611,,20735,3,,,0,20,,20736,3,,,0,70,,20737,3,,,0,30,,20738,3,,,0,70,,20739,3,,,0,30,,20740,3,,,0,70,,20741,3,,,0,30,,20742,3,,,0,70,,20712,3,,,0,30,,20713,3,,,0,70,,20714,3,,,0,30,,20715,3,,,0,70,,20716,3,,,0,30,,20717,3,,,0,70,,20718,3,,,0,30,,20719,3,,,0,70,,20720,3,,,0,30,,20721,3,,,0,70,,20722,3,,,0,30,,20723,3,,,0,70,,20724,3,,,0,30,,20725,3,,,0,70,,20726,3,,,0,30,,20727,3,,,0,70,,20728,3,,,0,30,,20729,3,,,0,70,,20730,3,,,0,45,,20732,3,,,0,85,,20733,3,,,0,85,,20734,3,,,0,85,,20731,3,,,0,45,,20743,3,,,0
30003029,'1040',606,,20744,3,,,0,35,,20745,3,,,0,80,,20746,3,,,0,80,,20747,3,,,0,40,,20748,3,,,0,80,,20749,3,,,0,80,,20750,3,,,0,30,,20751,3,,,0,70,,20752,3,,,0,30,,20753,3,,,0,70,,20754,3,,,0,30,,20755,3,,,0,70,,20756,3,,,0,30,,20757,3,,,0,70,,20758,3,,,0,30,,20759,3,,,0,70,,20760,3,,,0,30,,20761,3,,,0,70,,20762,3,,,0,30,,20763,3,,,0,70,,20764,3,,,0,30,,20765,3,,,0,70,,20766,3,,,0,30,,20773,3,,,0,70,,20767,3,,,0,45,,20768,3,,,0,85,,20769,3,,,0,85,,20770,3,,,0,85,,20771,3,,,0,45,,20772,3,,,0
30003029,'996',833,,20774,3,,,0,80,,20775,3,,,0,40,,20776,3,,,0,80,,20777,3,,,0,86,,20778,3,,,0,85,,20779,3,,,0,45,,20780,3,,,0,85,,20781,3,,,0,85,,20782,3,,,0,85,,20783,3,,,0,45,,20784,3,,,0,85,,20785,3,,,0,85,,20786,3,,,0,85,,20787,3,,,0,45,,20788,3,,,0,85,,20789,3,,,0,85,,20790,3,,,0,85,,20791,3,,,0,45,,20792,3,,,0,82,,20793,3,,,0
100003029,'1039',621,,20856,3,,,0,25,,20857,3,,,0,70,,20858,3,,,0,30,,20859,3,,,0,70,,20860,3,,,0,30,,20861,3,,,0,70,,20862,3,,,0,30,,20855,3,,,0,70,,20839,3,,,0,30,,20840,3,,,0,70,,20841,3,,,0,30,,20842,3,,,0,70,,20843,3,,,0,30,,20844,3,,,0,70,,20845,3,,,0,30,,20846,3,,,0,70,,20847,3,,,0,30,,20848,3,,,0,70,,20849,3,,,0,30,,20850,3,,,0,70,,20851,3,,,0,30,,20852,3,,,0,70,,20853,3,,,0,30,,20854,3,,,0,70,,20864,3,,,0,30,,20863,3,,,0
100003029,'1040',946,,20881,3,,,0,70,,20865,3,,,0,30,,20866,3,,,0,70,,20867,3,,,0,30,,20868,3,,,0,70,,20869,3,,,0,30,,20870,3,,,0,70,,20871,3,,,0,30,,20872,3,,,0,70,,20873,3,,,0,30,,20874,3,,,0,70,,20875,3,,,0,30,,20876,3,,,0,70,,20877,3,,,0,30,,20878,3,,,0,70,,20879,3,,,0,30,,20880,3,,,0,70,,20882,3,,,0,30,,20883,3,,,0
130003019,'1035',812,,20897,3,0,7 8,0,40,,20891,3,0,7 8,0,80,,20894,3,0,7 8,0,80,,20892,3,0,7 8,0,43,,20895,3,0,7 8,0,85,,20893,3,0,7 8,0,85,,20896,3,0,7 8,0,85,,20884,3,0,7 8,0,45,,20885,3,0,7 8,0,85,,20886,3,0,7 8,0,85,,20887,3,0,7 8,0,85,,20888,3,0,7 8,0,45,,20889,3,0,7 8,0,85,,20890,3,0,7 8,0,85,,20898,3,0,7 8,0
130003019,'1038',752,,20899,3,,,0,80,,20900,3,,,0,80,,20901,3,,,0,40,,20902,3,,,0,80,,20903,3,,,0,85,,20904,3,,,0,85,,20905,3,,,0,45,,20906,3,,,0,85,,20907,3,,,0,85,,20908,3,,,0,85,,20909,3,,,0,45,,20910,3,,,0,85,,20911,3,,,0,85,,20912,3,,,0,85,,20913,3,,,0,45,,20918,3,,,0,85,,20914,3,,,0,85,,20915,3,,,0,85,,20916,3,,,0,45,,20919,3,,,0,85,,20917,3,0,7 8,0
130003019,'1039',612,,20963,3,0,13,0,15,,20964,3,,,0,20,,20965,3,,,0,55,,20966,3,0,13,0,15,,20967,3,,,0,15,,20968,3,0,13,0,15,,20969,3,,,0,55,,20970,3,0,13,0,15,,20971,3,,,0,15,,20972,3,0,13,0,15,,20973,3,,,0,55,,20974,3,0,13,0,15,,20975,3,,,0,15,,20976,3,0,13,0,15,,20962,3,,,0,55,,20920,3,0,13,0,15,,20921,3,,,0,15,,20922,3,0,13,0,15,,20923,3,,,0,55,,20924,3,0,13,0,15,,20925,3,,,0,15,,20926,3,0,13,0,15,,20927,3,,,0,55,,20928,3,0,13,0,15,,20929,3,,,0,15,,20930,3,0,13,0,15,,20931,3,,,0,55,,20932,3,0,13,0,15,,20933,3,,,0,15,,20934,3,0,13,0,15,,20935,3,,,0,55,,20936,3,0,13,0,15,,20937,3,,,0,15,,20938,3,0,13,0,15,,20939,3,,,0,55,,20940,3,0,13,0,15,,20941,3,,,0,15,,20942,3,0,13,0,15,,20943,3,,,0,55,,20944,3,0,13,0,15,,20945,3,,,0,15,,20946,3,0,13,0,15,,20947,3,,,0,55,,20948,3,0,13,0,15,,20949,3,,,0,15,,20950,3,0,13,0,15,,20951,3,,,0,55,,20957,3,0,13,0,15,,20959,3,,,0,15,,20955,3,0,13,0,15,,20960,3,,,0,55,,20953,3,0,13,0,23,,20961,3,0,7 8,0,22,,20952,3,,,0,63,,20977,3,0,7 8,0,22,,20958,3,,,0,23,,20978,3,0,7 8,0,62,,20956,3,,,0,23,,20979,3,0,7 8,0,62,,20954,3,,,0,45,,20981,3,,,0,84,,20980,3,0,7 8,0,80,,20982,3,0,7 8,0
130003019,'1040',602,,20983,3,,,0,20,,20984,3,0,7 8,0,20,,20985,3,,,0,60,,20986,3,0,7 8,0,20,,20987,3,,,0,20,,20988,3,0,7 8,0,60,,20989,3,,,0,20,,20990,3,0,7 8,0,20,,20991,3,,,0,60,,20992,3,0,7 8,0,20,,20993,3,,,0,20,,20994,3,0,13,0,60,,20995,3,0,13,0,15,,20996,3,,,0,15,,20997,3,0,13,0,15,,20998,3,,,0,55,,20999,3,0,13,0,15,,21000,3,,,0,15,,21001,3,0,13,0,15,,21002,3,,,0,55,,21003,3,0,13,0,15,,21004,3,,,0,15,,21005,3,0,13,0,15,,21006,3,,,0,55,,21007,3,0,13,0,15,,21008,3,,,0,15,,21009,3,0,13,0,15,,21010,3,,,0,55,,21011,3,0,13,0,15,,21012,3,,,0,15,,21013,3,0,13,0,15,,21014,3,,,0,55,,21015,3,0,13,0,15,,21016,3,,,0,15,,21017,3,0,13,0,15,,21018,3,,,0,55,,21019,3,0,13,0,15,,21020,3,,,0,15,,21021,3,0,13,0,15,,21022,3,,,0,55,,21023,3,0,13,0,15,,21024,3,,,0,15,,21025,3,0,13,0,15,,21026,3,,,0,55,,21027,3,0,13,0,15,,21042,3,,,0,15,,21034,3,0,13,0,15,,21028,3,,,0,55,,21035,3,0,13,0,22,,21029,3,0,7 8,0,23,,21036,3,,,0,63,,21030,3,0,7 8,0,22,,21039,3,,,0,23,,21031,3,0,7 8,0,62,,21038,3,,,0,23,,21032,3,0,7 8,0,62,,21037,3,,,0,45,,21033,3,,,0,84,,21041,3,0,7 8,0,80,,21040,3,0,7 8,0
130003019,'996',752,,21043,3,,,0,60,,21075,3,0,7 8,0,20,,21044,3,,,0,20,,21069,3,0,7 8,0,60,,21045,3,,,0,20,,21072,3,0,7 8,0,20,,21046,3,,,0,60,,21070,3,0,7 8,0,20,,21047,3,,,0,23,,21073,3,0,7 8,0,62,,21048,3,,,0,23,,21071,3,0,7 8,0,62,,21049,3,,,0,23,,21074,3,0,7 8,0,22,,21050,3,,,0,63,,21051,3,0,7 8,0,22,,21052,3,,,0,23,,21053,3,0,7 8,0,62,,21054,3,,,0,23,,21055,3,0,7 8,0,62,,21056,3,,,0,23,,21057,3,0,7 8,0,22,,21058,3,,,0,63,,21059,3,0,7 8,0,22,,21060,3,,,0,23,,21061,3,0,7 8,0,62,,21062,3,,,0,23,,21063,3,0,7 8,0,62,,21064,3,,,0,23,,21077,3,0,7 8,0,22,,21076,3,,,0,85,,21065,3,,,0,85,,21066,3,,,0,85,,21067,3,,,0,45,,21078,3,,,0,85,,21068,3,0,7 8,0
