2019,'1038',835,,18204,10,0,12,0,80,,18205,10,0,12,0,40,,18206,10,0,12,0,80,,18207,10,0,12,0,85,,18208,10,0,12,0,85,,18209,10,0,12,0,45,,18210,10,0,12,0,85,,18211,10,0,12,0,85,,18212,10,0,12,0,85,,18213,10,0,12,0,45,,18214,10,0,12,0,85,,18215,10,0,12,0,85,,18216,10,0,12,0,85,,18217,10,0,12,0,45,,18218,10,0,12,0,85,,18219,10,0,12,0,85,,18220,10,0,12,0,85,,18221,10,0,12,0,45,,18222,10,0,12,0,85,,18243,10,0,12,0
2019,'1039',626,,18292,10,0,12,0,25,,18293,10,0,12,0,70,,18294,10,0,12,0,30,,18295,10,0,12,0,70,,18296,10,0,12,0,30,,18297,10,0,12,0,70,,18298,10,0,12,0,30,,18291,10,0,12,0,70,,18269,10,0,12,0,30,,18270,10,0,12,0,70,,18271,10,0,12,0,30,,18272,10,0,12,0,70,,18273,10,0,12,0,30,,18274,10,0,12,0,70,,18275,10,0,12,0,30,,18276,10,0,12,0,70,,18277,10,0,12,0,30,,18278,10,0,12,0,70,,18279,10,0,12,0,30,,18280,10,0,12,0,70,,18281,10,0,12,0,30,,18282,10,0,12,0,70,,18283,10,0,12,0,30,,18244,10,0,12,0,70,,18245,10,0,12,0,85,,18246,10,0,12,0,45,,18247,10,0,12,0,85,,18248,10,0,12,0,85,,18249,10,0,12,0,85,,18250,10,0,12,0,45,,18299,10,0,12,0,85,,18301,10,0,5,0
2019,'1040',605,,18338,10,0,12,0,40,,18339,10,0,12,0,80,,18340,10,0,12,0,80,,18341,10,0,12,0,40,,18342,10,0,12,0,80,,18343,10,0,12,0,25,,18369,10,0,12,0,70,,18344,10,0,12,0,30,,18345,10,0,12,0,70,,18346,10,0,12,0,30,,18347,10,0,12,0,70,,18348,10,0,12,0,30,,18349,10,0,12,0,70,,18350,10,0,12,0,30,,18351,10,0,12,0,70,,18352,10,0,12,0,30,,18353,10,0,12,0,70,,18354,10,0,12,0,30,,18355,10,0,12,0,70,,18356,10,0,12,0,30,,18357,10,0,12,0,70,,18358,10,0,12,0,30,,18359,10,0,12,0,70,,18370,10,0,12,0,85,,18360,10,0,12,0,45,,18361,10,0,12,0,85,,18362,10,0,12,0,85,,18363,10,0,12,0,85,,18364,10,0,12,0,45,,18365,10,0,12,0,85,,18366,10,0,5,0
2019,'996',835,,18372,10,0,12,0,80,,18373,10,0,12,0,40,,18374,10,0,12,0,80,,18375,10,0,12,0,85,,18376,10,0,12,0,85,,18377,10,0,12,0,45,,18378,10,0,12,0,85,,18379,10,0,12,0,85,,18380,10,0,12,0,85,,18381,10,0,12,0,45,,18382,10,0,12,0,85,,18383,10,0,12,0,85,,18384,10,0,12,0,85,,18385,10,0,12,0,45,,18386,10,0,12,0,85,,18387,10,0,12,0,85,,18388,10,0,12,0,85,,18389,10,0,12,0,45,,18390,10,0,12,0,85,,18411,10,0,12,0
11029,'1039',605,,19500,11,,,0,30,,19501,11,,,0,70,,19502,11,,,0,30,,19503,11,,,0,70,,19504,11,,,0,30,,19505,11,,,0,70,,19506,11,,,0,30,,19499,11,,,0,70,,19483,11,,,0,30,,19484,11,,,0,70,,19485,11,,,0,30,,19486,11,,,0,70,,19487,11,,,0,30,,19488,11,,,0,70,,19489,11,,,0,30,,19490,11,,,0,70,,19491,11,,,0,30,,19492,11,,,0,70,,19493,11,,,0,30,,19494,11,,,0,70,,19495,11,,,0,30,,19496,11,,,0,70,,19497,11,,,0,30,,19498,11,,,0,70,,19508,11,,,0,30,,19507,11,,,0
11029,'1040',1005,,19509,11,,,0,30,,19510,11,,,0,70,,19511,11,,,0,30,,19512,11,,,0,70,,19513,11,,,0,30,,19514,11,,,0,70,,19515,11,,,0,30,,19516,11,,,0,70,,19517,11,,,0,30,,19518,11,,,0,70,,19519,11,,,0,30,,19520,11,,,0,70,,19521,11,,,0,30,,19522,11,,,0,70,,19523,11,,,0,30,,19524,11,,,0,70,,19525,11,,,0,30,,19526,11,,,0
13019,'1038',834,,19577,11,,,0,80,,19578,11,,,0,40,,19579,11,,,0,80,,19580,11,,,0,85,,19581,11,,,0,85,,19582,11,,,0,45,,19583,11,,,0,85,,19584,11,,,0,85,,19585,11,,,0,85,,19586,11,,,0,45,,19587,11,,,0,85,,19588,11,,,0,85,,19589,11,,,0,85,,19590,11,,,0,45,,19591,11,,,0,85,,19592,11,,,0,85,,19593,11,,,0,85,,19594,11,,,0,45,,19595,11,,,0
13019,'1039',1905,,19601,11,,,0,45,,19596,11,,,0,85,,19597,11,,,0,85,,19599,11,,,0,84,,19598,11,,,0,45,,19600,11,,,0
13019,'1040',604,,19602,11,,,0,40,,19603,11,,,0,80,,19604,11,,,0,80,,19605,11,,,0,40,,19606,11,,,0,80,,19607,11,,,0,981,,19608,11,,,0,45,,19609,11,,,0,85,,19610,11,,,0,85,,19611,11,,,0,85,,19612,11,,,0,45,,19613,11,,,0
13019,'996',834,,19614,11,,,0,80,,19615,11,,,0,40,,19616,11,,,0,80,,19617,11,,,0,85,,19618,11,,,0,85,,19619,11,,,0,45,,19620,11,,,0,85,,19621,11,,,0,85,,19622,11,,,0,85,,19623,11,,,0,45,,19624,11,,,0,85,,19625,11,,,0,85,,19626,11,,,0,85,,19627,11,,,0,45,,19628,11,,,0,85,,19629,11,,,0,85,,19630,11,,,0,85,,19631,11,,,0,45,,19632,11,,,0
