1019,'1038',809,,17931,31,4,,0,40,,17932,31,4,,0,60,,17952,31,4,,0,20,,17933,31,4,,0,20,,17934,31,4,,0,60,,17954,31,4,,0,20,,17935,31,4,,0,20,,17956,31,4,,0,66,,17936,31,4,,0,22,,17958,31,4,,0,63,,17937,31,4,,0,22,,17953,31,4,,0,23,,17938,31,4,,0,62,,17955,31,4,,0,23,,17939,31,4,,0,22,,17957,31,4,,0,63,,17940,31,4,,0,22,,17959,31,4,,0,63,,17941,31,4,,0,22,,17960,31,4,,0,23,,17942,31,4,,0,62,,17961,31,4,,0,23,,17943,31,4,,0,22,,17962,31,4,,0,63,,17944,31,4,,0,22,,17963,31,4,,0,63,,17964,31,4,,0,22,,17945,31,4,,0,21,,17965,30,4,,0,62,,17946,30,4,,0,45,,17948,30,4,,0,85,,17947,30,4,,0,85,,17949,30,4,,0,85,,17951,30,4,,0,45,,17950,30,4,,0,83,,17966,30,4,,0
1019,'1039',626,,17967,31,4,,0,30,,17968,31,4,,0,70,,17969,31,4,,0,30,,17970,31,4,,0,70,,17971,31,4,,0,30,,17972,31,4,,0,70,,17973,31,4,,0,30,,17974,31,4,,0,70,,17975,31,4,,0,30,,17976,31,4,,0,70,,17977,31,4,,0,30,,17978,31,4,,0,70,,17979,31,4,,0,30,,17980,31,4,,0,70,,17981,31,4,,0,30,,17982,31,4,,0,70,,17983,31,4,,0,30,,17984,31,4,,0,70,,17985,31,4,,0,30,,17986,31,4,,0,70,,17987,31,4,,0,30,,17988,31,4,,0,70,,17989,31,4,,0,30,,17990,31,4,,0,70,,17991,31,4,,0,30,,17993,31,4,,0,64,,18000,31,4,,0,85,,17995,31,4,,0,45,,17994,31,4,,0,84,,17996,30,4,,0,85,,17997,30,4,,0,85,,17998,30,4,,0,45,,17992,30,4,,0,76,,17999,30,4,,0
1019,'1040',618,,18001,31,4,,0,40,,18002,31,4,,0,80,,18003,31,4,,0,80,,18004,31,4,,0,40,,18005,31,4,,0,80,,18006,31,4,,0,20,,18033,31,4,,0,60,,18031,31,4,,0,37,,18011,31,4,,0,70,,18010,31,4,,0,30,,18013,31,4,,0,70,,18012,31,4,,0,30,,18015,31,4,,0,70,,18014,31,4,,0,30,,18017,31,4,,0,70,,18016,31,4,,0,30,,18019,31,4,,0,70,,18018,31,4,,0,30,,18021,31,4,,0,70,,18020,31,4,,0,30,,18023,31,4,,0,70,,18022,31,4,,0,30,,18009,31,4,,0,70,,18024,31,4,,0,30,,18032,31,4,,0,64,,18026,30,4,,0,85,,18025,30,4,,0,45,,18027,30,4,,0,85,,18029,30,4,,0,85,,18028,30,4,,0,82,,18007,30,4,,0,45,,18030,30,4,,0,80,,18008,30,4,,0
1019,'996',809,,18034,31,4,,0,40,,18035,31,4,,0,60,,18055,31,4,,0,20,,18036,31,4,,0,20,,18037,31,4,,0,60,,18057,31,4,,0,20,,18038,31,4,,0,20,,18059,31,4,,0,66,,18039,31,4,,0,22,,18061,31,4,,0,63,,18040,31,4,,0,22,,18056,31,4,,0,23,,18041,31,4,,0,62,,18058,31,4,,0,23,,18042,31,4,,0,22,,18060,31,4,,0,63,,18043,31,4,,0,22,,18062,31,4,,0,63,,18044,31,4,,0,22,,18063,31,4,,0,23,,18045,31,4,,0,62,,18064,31,4,,0,23,,18046,31,4,,0,22,,18065,31,4,,0,63,,18047,31,4,,0,22,,18066,31,4,,0,63,,18067,31,4,,0,22,,18048,31,4,,0,21,,18068,30,4,,0,62,,18049,30,4,,0,45,,18051,30,4,,0,85,,18050,30,4,,0,85,,18052,30,4,,0,85,,18054,30,4,,0,45,,18053,30,4,,0,83,,18069,30,4,,0
1029,'1038',810,,18070,1,,,0,40,,18071,1,,,0,60,,18091,1,,,0,20,,18089,1,,,0,20,,18093,1,,,0,60,,18072,1,,,0,20,,18095,1,,,0,23,,18073,1,,,0,62,,18090,1,,,0,23,,18074,1,,,0,62,,18094,1,,,0,23,,18075,1,,,0,22,,18092,1,,,0,63,,18076,1,,,0,22,,18096,1,,,0,23,,18077,1,,,0,62,,18097,1,,,0,23,,18078,1,,,0,62,,18098,1,,,0,23,,18079,1,,,0,22,,18099,1,,,0,63,,18080,1,,,0,22,,18100,1,,,0,23,,18081,1,,,0,62,,18101,1,,,0,23,,18082,1,,,0,62,,18083,1,,,0,23,,18103,1,,,0,85,,18088,1,,,0,45,,18084,1,,,0,85,,18085,1,,,0,85,,18087,1,,,0,85,,18086,1,,,0,45,,18102,1,,,0
1029,'1039',600,,18104,1,,,0,30,,18105,1,,,0,70,,18106,1,,,0,30,,18107,1,,,0,70,,18108,1,,,0,30,,18109,1,,,0,70,,18110,1,,,0,30,,18111,1,,,0,70,,18112,1,,,0,30,,18113,1,,,0,70,,18114,1,,,0,30,,18115,1,,,0,70,,18116,1,,,0,30,,18117,1,,,0,70,,18118,1,,,0,30,,18119,1,,,0,70,,18120,1,,,0,30,,18121,1,,,0,70,,18122,1,,,0,30,,18123,1,,,0,70,,18124,1,,,0,30,,18125,1,,,0,70,,18126,1,,,0,30,,18127,1,,,0,70,,18128,1,,,0,30,,18129,1,,,0,70,,18137,1,,,0,22,,18130,1,,,0,85,,18131,1,,,0,45,,18133,1,,,0,85,,18134,1,,,0,85,,18135,1,,,0,85,,18132,1,,,0,44,,18136,1,,,0
1029,'1040',620,,18138,1,,,0,80,,18139,1,,,0,40,,18140,1,,,0,80,,18141,1,,,0,80,,18142,1,,,0,40,,18143,1,,,0,60,,18145,1,,,0,30,,18144,1,,,0,70,,18147,1,,,0,30,,18146,1,,,0,70,,18149,1,,,0,30,,18148,1,,,0,70,,18151,1,,,0,30,,18150,1,,,0,70,,18153,1,,,0,30,,18152,1,,,0,70,,18155,1,,,0,30,,18154,1,,,0,70,,18157,1,,,0,30,,18156,1,,,0,70,,18159,1,,,0,30,,18158,1,,,0,70,,18168,1,,,0,30,,18160,1,,,0,70,,18169,1,,,0,22,,18161,1,,,0,85,,18163,1,,,0,45,,18162,1,,,0,85,,18164,1,,,0,85,,18166,1,,,0,85,,18165,1,,,0,44,,18167,1,,,0
1029,'996',810,,18170,1,,,0,40,,18171,1,,,0,60,,18191,1,,,0,20,,18189,1,,,0,20,,18193,1,,,0,60,,18172,1,,,0,20,,18195,1,,,0,23,,18173,1,,,0,62,,18190,1,,,0,23,,18174,1,,,0,62,,18194,1,,,0,23,,18175,1,,,0,22,,18192,1,,,0,63,,18176,1,,,0,22,,18196,1,,,0,23,,18177,1,,,0,62,,18197,1,,,0,23,,18178,1,,,0,62,,18198,1,,,0,23,,18179,1,,,0,22,,18199,1,,,0,63,,18180,1,,,0,22,,18200,1,,,0,23,,18181,1,,,0,62,,18201,1,,,0,23,,18182,1,,,0,62,,18183,1,,,0,23,,18203,1,,,0,85,,18188,1,,,0,45,,18184,1,,,0,85,,18185,1,,,0,85,,18187,1,,,0,85,,18186,1,,,0,45,,18202,1,,,0
4019,'1039',630,,18412,1,,,0,502,,18417,1,,,0
8019,'1038',810,,18846,1,0,5,0,40,,18844,35,4,,0,80,,18848,35,4,,0,80,,18861,35,4,,0,40,,18854,48,4,,0,3,,18832,1,0,6,0,77,,18838,48,4,,0,8,,18849,1,0,6,0,80,,18855,48,4,,0,5,,18833,1,0,6,0,80,,18839,48,4,,0,5,,18850,1,0,6,0,40,,18856,48,4,,0,5,,18834,1,0,6,0,80,,18840,48,4,,0,5,,18851,1,0,6,0,80,,18857,48,4,,0,5,,18835,1,0,6,0,80,,18830,48,4,,0,5,,18852,1,0,6,0,40,,18841,48,4,,0,5,,18836,1,0,6,0,80,,18842,48,4,,0,5,,18859,1,0,5,0,80,,18843,48,4,,0,5,,18862,1,0,5,0,81,,18867,35,4,,0,4,,18864,1,0,5,0,41,,18858,35,4,,0,4,,18865,1,0,5,0,81,,18860,35,4,,0,4,,18853,1,0,5,0,81,,18866,35,4,,0,4,,18837,1,0,5,0,81,,18845,35,4,,0,4,,18868,1,0,5,0,41,,18869,35,4,,0
8019,'1039',620,,18914,1,0,6,0,30,,18915,1,0,6,0,65,,18922,48,4,,0,23,,18923,48,4,,0,7,,18917,1,0,6,0,67,,18924,48,4,,0,3,,18918,1,0,6,0,22,,18925,48,4,,0,8,,18919,1,0,6,0,62,,18926,48,4,,0,8,,18920,1,0,6,0,22,,18927,48,4,,0,8,,18921,1,0,6,0,62,,18928,48,4,,0,8,,18870,1,0,6,0,22,,18886,48,4,,0,8,,18871,1,0,6,0,62,,18887,48,4,,0,8,,18872,1,0,6,0,22,,18888,48,4,,0,8,,18873,1,0,6,0,62,,18889,48,4,,0,8,,18874,1,0,6,0,22,,18890,48,4,,0,8,,18875,1,0,6,0,65,,18891,48,4,,0,5,,18876,1,0,6,0,29,,18892,48,4,,0,1,,18877,1,0,6,0,69,,18893,48,4,,0,1,,18878,1,0,6,0,29,,18894,48,4,,0,1,,18879,1,0,6,0,69,,18895,48,4,,0,1,,18880,1,0,6,0,29,,18896,48,4,,0,1,,18881,1,0,6,0,69,,18897,48,4,,0,1,,18882,1,0,6,0,29,,18898,48,4,,0,1,,18883,1,0,6,0,69,,18899,48,4,,0,1,,18884,1,0,6,0,29,,18900,48,4,,0,1,,18885,1,0,6,0,69,,18901,48,4,,0,1,,18908,1,0,6,0,26,,18929,48,4,,0,4,,18903,1,0,6,0,66,,18910,48,4,,0,11,,18930,1,0,5,0,16,,18911,48,4,,0,65,,18931,35,4,,0,4,,18907,1,0,5,0,41,,18909,35,4,,0,4,,18904,1,0,5,0,81,,18912,35,4,,0,4,,18906,1,0,5,0,81,,18902,35,4,,0,4,,18905,1,0,5,0,81,,18913,35,4,,0
8019,'1040',620,,18942,1,0,5,0,80,,18932,35,4,,0,40,,18933,35,4,,0,80,,18934,35,4,,0,80,,18935,35,4,,0,40,,18936,35,4,,0,75,,18969,48,4,,0,25,,18970,48,4,,0,5,,18949,1,0,6,0,12,,18971,48,4,,0,58,,18950,1,0,6,0,18,,18972,48,4,,0,12,,18951,1,0,6,0,65,,18973,48,4,,0,5,,18952,1,0,6,0,25,,18974,48,4,,0,5,,18953,1,0,6,0,65,,18975,48,4,,0,5,,18954,1,0,6,0,25,,18976,48,4,,0,5,,18955,1,0,6,0,67,,18977,48,4,,0,3,,18956,1,0,6,0,27,,18978,48,4,,0,3,,18957,1,0,6,0,67,,18979,48,4,,0,3,,18958,1,0,6,0,27,,18980,48,4,,0,3,,18959,1,0,6,0,67,,18981,48,4,,0,3,,18960,1,0,6,0,27,,18982,48,4,,0,3,,18961,1,0,6,0,67,,18983,48,4,,0,3,,18962,1,0,6,0,27,,18984,48,4,,0,3,,18963,1,0,6,0,67,,18985,48,4,,0,3,,18987,1,0,6,0,27,,18986,48,4,,0,3,,18990,1,0,6,0,67,,18989,48,4,,0,10,,18964,1,0,5,0,17,,18988,48,4,,0,64,,18937,35,4,,0,4,,18965,1,0,5,0,41,,18938,35,4,,0,4,,18966,1,0,5,0,81,,18939,35,4,,0,4,,18967,1,0,5,0,81,,18940,35,4,,0,4,,18968,1,0,5,0,81,,18941,35,4,,0
8019,'996',810,,19007,1,0,5,0,40,,19005,35,4,,0,80,,19009,35,4,,0,80,,19022,35,4,,0,40,,19015,48,4,,0,3,,18993,1,0,6,0,77,,18999,48,4,,0,8,,19010,1,0,6,0,80,,19016,48,4,,0,5,,18994,1,0,6,0,80,,19000,48,4,,0,5,,19011,1,0,6,0,40,,19017,48,4,,0,5,,18995,1,0,6,0,80,,19001,48,4,,0,5,,19012,1,0,6,0,80,,19018,48,4,,0,5,,18996,1,0,6,0,80,,18991,48,4,,0,5,,19013,1,0,6,0,40,,19002,48,4,,0,5,,18997,1,0,6,0,80,,19003,48,4,,0,5,,19020,1,0,5,0,80,,19004,48,4,,0,5,,19023,1,0,5,0,81,,19028,35,4,,0,4,,19025,1,0,5,0,41,,19019,35,4,,0,4,,19026,1,0,5,0,81,,19021,35,4,,0,4,,19014,1,0,5,0,81,,19027,35,4,,0,4,,18998,1,0,5,0,81,,19006,35,4,,0,4,,19029,1,0,5,0,41,,19030,35,4,,0
10019,'1038',810,,19235,1,,,0,40,,19236,1,,,0,80,,19237,1,,,0,80,,19238,1,,,0,43,,19239,1,,,0,85,,19240,1,,,0,85,,19241,1,,,0,85,,19242,1,,,0,45,,19243,1,,,0,85,,19244,1,,,0,85,,19245,1,,,0,85,,19246,1,,,0,45,,19247,1,,,0,85,,19248,1,,,0,85,,19249,1,,,0,85,,19250,1,,,0,45,,19251,1,,,0,85,,19252,1,,,0,85,,19253,1,,,0,85,,19254,1,,,0
10019,'1039',620,,19277,1,,,0,25,,19278,1,,,0,70,,19279,1,,,0,30,,19280,1,,,0,70,,19281,1,,,0,30,,19282,1,,,0,70,,19283,1,,,0,30,,19284,1,,,0,70,,19255,1,,,0,30,,19256,1,,,0,70,,19257,1,,,0,30,,19258,1,,,0,70,,19259,1,,,0,30,,19260,1,,,0,70,,19261,1,,,0,30,,19262,1,,,0,70,,19263,1,,,0,30,,19264,1,,,0,70,,19265,1,,,0,30,,19266,1,,,0,70,,19267,1,,,0,30,,19268,1,,,0,70,,19269,1,,,0,30,,19270,1,,,0,70,,19272,1,,,0,30,,19285,1,,,0,77,,19276,1,,,0,85,,19275,1,,,0,45,,19271,1,,,0,85,,19273,1,,,0,85,,19274,1,,,0,85,,19286,1,,,0
10019,'1040',620,,19287,1,,,0,80,,19288,1,,,0,40,,19289,1,,,0,80,,19290,1,,,0,80,,19291,1,,,0,42,,19292,1,,,0,73,,19293,1,,,0,30,,19294,1,,,0,70,,19295,1,,,0,30,,19296,1,,,0,70,,19297,1,,,0,30,,19298,1,,,0,70,,19299,1,,,0,30,,19300,1,,,0,70,,19301,1,,,0,30,,19302,1,,,0,70,,19303,1,,,0,30,,19304,1,,,0,70,,19305,1,,,0,30,,19306,1,,,0,70,,19307,1,,,0,30,,19308,1,,,0,70,,19309,1,,,0,30,,19310,1,,,0,77,,19311,1,,,0,85,,19312,1,,,0,45,,19313,1,,,0,85,,19314,1,,,0,85,,19315,1,,,0,85,,19316,1,,,0
10019,'996',810,,19317,1,,,0,40,,19318,1,,,0,80,,19319,1,,,0,80,,19320,1,,,0,43,,19321,1,,,0,85,,19322,1,,,0,85,,19323,1,,,0,85,,19324,1,,,0,45,,19325,1,,,0,85,,19326,1,,,0,85,,19327,1,,,0,85,,19328,1,,,0,45,,19329,1,,,0,85,,19330,1,,,0,85,,19331,1,,,0,85,,19332,1,,,0,45,,19333,1,,,0,85,,19334,1,,,0,85,,19335,1,,,0,85,,19336,1,,,0
10029,'1038',846,,19337,25,4,,0,80,,19338,25,4,,0,80,,19339,25,4,,0,40,,19340,25,4,,0,83,,19341,25,4,,0,92,,19342,27,4,,0,84,,19343,27,4,,0,45,,19344,27,4,,0,85,,19345,27,4,,0,85,,19346,27,4,,0,85,,19347,27,4,,0,45,,19348,27,4,,0,83,,19349,25,4,,0,85,,19350,25,4,,0,85,,19351,25,4,,0,45,,19352,25,4,,0,85,,19353,25,4,,0,85,,19354,25,4,,0,85,,19355,25,4,,0,45,,19356,25,4,,0
10029,'1039',657,,19380,25,4,,0,71,,19381,27,4,,0,30,,19382,27,4,,0,70,,19383,27,4,,0,30,,19384,27,4,,0,70,,19385,27,4,,0,30,,19386,27,4,,0,70,,19357,27,4,,0,30,,19358,27,4,,0,70,,19359,27,4,,0,30,,19360,27,4,,0,70,,19361,27,4,,0,30,,19362,27,4,,0,70,,19363,27,4,,0,30,,19364,27,4,,0,70,,19365,27,4,,0,30,,19366,27,4,,0,70,,19367,27,4,,0,30,,19368,27,4,,0,70,,19369,27,4,,0,30,,19370,27,4,,0,70,,19371,27,4,,0,30,,19372,27,4,,0,69,,19373,27,4,,0,28,,19379,27,4,,0,70,,19387,27,4,,0,77,,19377,27,4,,0,45,,19378,27,4,,0,85,,19376,27,4,,0,85,,19374,27,4,,0,85,,19375,27,4,,0,41,,19388,27,4,,0
10029,'1040',658,,19389,25,4,,0,80,,19390,25,4,,0,80,,19391,25,4,,0,40,,19392,25,4,,0,80,,19393,25,4,,0,84,,19394,27,4,,0,33,,19395,27,4,,0,70,,19396,27,4,,0,30,,19397,27,4,,0,70,,19398,27,4,,0,30,,19399,27,4,,0,70,,19400,27,4,,0,30,,19401,27,4,,0,72,,19402,27,4,,0,31,,19403,27,4,,0,70,,19404,27,4,,0,30,,19405,27,4,,0,70,,19406,27,4,,0,30,,19407,27,4,,0,70,,19408,27,4,,0,30,,19409,27,4,,0,68,,19410,27,4,,0,30,,19411,27,4,,0,70,,19412,27,4,,0,77,,19413,27,4,,0,45,,19414,27,4,,0,85,,19415,27,4,,0,85,,19416,27,4,,0,85,,19417,27,4,,0,45,,19418,27,4,,0
10029,'996',846,,19419,25,4,,0,80,,19420,25,4,,0,80,,19421,25,4,,0,40,,19422,25,4,,0,83,,19423,25,4,,0,92,,19424,27,4,,0,84,,19425,27,4,,0,45,,19426,27,4,,0,85,,19427,27,4,,0,85,,19428,27,4,,0,85,,19429,27,4,,0,45,,19430,27,4,,0,83,,19431,25,4,,0,85,,19432,25,4,,0,85,,19433,25,4,,0,45,,19434,25,4,,0,85,,19435,25,4,,0,85,,19436,25,4,,0,85,,19437,25,4,,0,45,,19438,25,4,,0
12019,'1039',640,,19544,21,4,,0,74,,19545,37,4,,0,29,,19546,37,4,,0,70,,19547,37,4,,0,30,,19548,37,4,,0,70,,19549,37,4,,0,30,,19550,37,4,,0,70,,19551,37,4,,0,30,,19528,37,4,,0,70,,19529,37,4,,0,30,,19530,37,4,,0,70,,19531,37,4,,0,30,,19532,37,4,,0,70,,19533,37,4,,0,30,,19534,37,4,,0,70,,19535,37,4,,0,30,,19536,37,4,,0,70,,19537,37,4,,0,30,,19538,37,4,,0,70,,19539,37,4,,0,30,,19540,37,4,,0,70,,19541,37,4,,0,30,,19542,37,4,,0,70,,19543,37,4,,0,30,,19527,37,4,,0,70,,19552,37,4,,0
12019,'1040',652,,19553,21,4,,0,77,,19554,37,4,,0,27,,19555,37,4,,0,80,,19556,37,4,,0,80,,19557,37,4,,0,40,,19558,37,4,,0,80,,19559,37,4,,0,77,,19560,37,4,,0,30,,19561,37,4,,0,70,,19562,37,4,,0,30,,19563,37,4,,0,70,,19564,37,4,,0,30,,19565,37,4,,0,70,,19566,37,4,,0,30,,19567,37,4,,0,70,,19568,37,4,,0,30,,19569,37,4,,0,70,,19570,37,4,,0,30,,19571,37,4,,0,70,,19572,37,4,,0,30,,19573,37,4,,0,70,,19574,37,4,,0,30,,19575,37,4,,0,70,,19576,37,4,,0
14019,'1038',847,,19689,13,4,,0,80,,19690,13,4,,0,80,,19691,13,4,,0,40,,19692,13,4,,0,85,,19693,13,4,,0,88,,19694,13,4,,0,85,,19695,13,4,,0,45,,19696,13,4,,0,85,,19697,13,4,,0,85,,19698,13,4,,0,85,,19699,13,4,,0,45,,19700,13,4,,0,85,,19701,13,4,,0,85,,19702,13,4,,0,85,,19703,13,4,,0,42,,19704,13,4,,0,85,,19705,13,4,,0,85,,19706,13,4,,0,85,,19707,13,4,,0,45,,19708,13,4,,0
14019,'1039',645,,19732,13,4,,0,66,,19733,13,4,,0,30,,19734,13,4,,0,70,,19735,13,4,,0,31,,19736,13,4,,0,70,,19737,13,4,,0,30,,19738,13,4,,0,70,,19739,13,4,,0,30,,19709,13,4,,0,70,,19710,13,4,,0,30,,19711,13,4,,0,70,,19712,13,4,,0,32,,19713,13,4,,0,70,,19714,13,4,,0,30,,19715,13,4,,0,70,,19716,13,4,,0,30,,19717,13,4,,0,70,,19718,13,4,,0,30,,19719,13,4,,0,70,,19720,13,4,,0,30,,19721,13,4,,0,70,,19722,13,4,,0,30,,19723,13,4,,0,70,,19724,13,4,,0,27,,19725,13,4,,0,70,,19731,13,4,,0,30,,19740,13,4,,0,62,,19728,13,4,,0,45,,19729,13,4,,0,85,,19727,13,4,,0,85,,19730,13,4,,0,85,,19726,13,4,,0,45,,19741,13,4,,0
14019,'1040',700,,19742,13,4,,0,40,,19743,13,4,,0,80,,19744,13,4,,0,80,,19745,13,4,,0,40,,19746,13,4,,0,80,,19747,13,4,,0,20,,19748,13,4,,0,72,,19749,13,4,,0,30,,19750,13,4,,0,70,,19751,13,4,,0,30,,19752,13,4,,0,70,,19753,13,4,,0,30,,19754,13,4,,0,70,,19755,13,4,,0,32,,19756,13,4,,0,70,,19757,13,4,,0,30,,19758,13,4,,0,70,,19759,13,4,,0,30,,19760,13,4,,0,70,,19761,13,4,,0,30,,19762,13,4,,0,70,,19763,13,4,,0,27,,19764,13,4,,0,70,,19765,13,4,,0,30,,19772,13,4,,0,62,,19766,13,4,,0,45,,19767,13,4,,0,85,,19768,13,4,,0,85,,19769,13,4,,0,85,,19771,13,4,,0,45,,19770,13,4,,0
14019,'996',847,,19773,13,4,,0,80,,19774,13,4,,0,80,,19775,13,4,,0,40,,19776,13,4,,0,85,,19777,13,4,,0,88,,19778,13,4,,0,85,,19779,13,4,,0,45,,19780,13,4,,0,85,,19781,13,4,,0,85,,19782,13,4,,0,85,,19783,13,4,,0,45,,19784,13,4,,0,85,,19785,13,4,,0,85,,19786,13,4,,0,85,,19787,13,4,,0,42,,19788,13,4,,0,85,,19789,13,4,,0,85,,19790,13,4,,0,85,,19791,13,4,,0,45,,19792,13,4,,0
14029,'1038',810,,19793,1,,,0,40,,19794,1,,,0,80,,19795,1,,,0,80,,19796,1,,,0,43,,19797,1,,,0,85,,19798,1,,,0,85,,19799,1,,,0,85,,19800,1,,,0,45,,19801,1,,,0,85,,19802,1,,,0,85,,19803,1,,,0,85,,19804,1,,,0,45,,19805,1,,,0,85,,19806,1,,,0,85,,19807,1,,,0,85,,19808,1,,,0,45,,19809,1,,,0,85,,19810,1,,,0,85,,19811,1,,,0,85,,19812,1,,,0
14029,'1039',610,,19836,1,,,0,20,,19837,1,,,0,70,,19838,1,,,0,30,,19839,1,,,0,70,,19840,1,,,0,30,,19841,1,,,0,70,,19842,1,,,0,30,,19843,1,,,0,70,,19813,1,,,0,30,,19814,1,,,0,70,,19815,1,,,0,30,,19816,1,,,0,70,,19817,1,,,0,30,,19818,1,,,0,70,,19819,1,,,0,30,,19820,1,,,0,70,,19821,1,,,0,30,,19822,1,,,0,70,,19823,1,,,0,30,,19824,1,,,0,70,,19825,1,,,0,30,,19826,1,,,0,70,,19827,1,,,0,30,,19828,1,,,0,70,,19829,1,,,0,30,,19835,1,,,0,70,,19844,1,,,0,22,,19833,1,,,0,85,,19830,1,,,0,45,,19832,1,,,0,85,,19831,1,,,0,85,,19834,1,,,0,85,,19845,1,,,0
14029,'1040',620,,19846,1,,,0,80,,19847,1,,,0,40,,19848,1,,,0,80,,19849,1,,,0,80,,19850,1,,,0,40,,19851,1,,,0,60,,19852,1,,,0,30,,19853,1,,,0,70,,19854,1,,,0,30,,19855,1,,,0,70,,19856,1,,,0,30,,19857,1,,,0,70,,19858,1,,,0,30,,19859,1,,,0,70,,19860,1,,,0,30,,19861,1,,,0,70,,19862,1,,,0,30,,19863,1,,,0,70,,19864,1,,,0,30,,19865,1,,,0,70,,19866,1,,,0,30,,19867,1,,,0,70,,19868,1,,,0,30,,19869,1,,,0,70,,19875,1,,,0,22,,19870,1,,,0,85,,19871,1,,,0,45,,19872,1,,,0,85,,19873,1,,,0,85,,19876,1,,,0,85,,19874,1,,,0
14029,'996',810,,19877,1,,,0,40,,19878,1,,,0,80,,19879,1,,,0,80,,19880,1,,,0,43,,19881,1,,,0,85,,19882,1,,,0,85,,19883,1,,,0,85,,19884,1,,,0,45,,19885,1,,,0,85,,19886,1,,,0,85,,19887,1,,,0,85,,19888,1,,,0,45,,19889,1,,,0,85,,19890,1,,,0,85,,19891,1,,,0,85,,19892,1,,,0,45,,19893,1,,,0,85,,19894,1,,,0,85,,19895,1,,,0,85,,19896,1,,,0
16019,'1039',1910,,20125,13,4,,0
16019,'1040',1910,,20149,13,4,,0
16029,'1039',620,,20165,1,,,0,25,,20166,1,,,0,70,,20167,1,,,0,30,,20168,1,,,0,70,,20169,1,,,0,30,,20170,1,,,0,70,,20171,1,,,0,30,,20172,1,,,0,70,,20150,1,,,0,30,,20151,1,,,0,70,,20152,1,,,0,30,,20153,1,,,0,70,,20154,1,,,0,30,,20155,1,,,0,70,,20156,1,,,0,30,,20157,1,,,0,70,,20158,1,,,0,30,,20159,1,,,0,70,,20160,1,,,0,30,,20161,1,,,0,70,,20162,1,,,0,30,,20163,1,,,0,70,,20164,1,,,0,30,,20173,1,,,0,70,,20174,1,,,0,30,,20175,1,,,0
16029,'1040',635,,20176,1,,,0,67,,20177,1,,,0,40,,20178,1,,,0,80,,20179,1,,,0,80,,20180,1,,,0,40,,20181,1,,,0,73,,20182,1,,,0,30,,20183,1,,,0,70,,20184,1,,,0,30,,20185,1,,,0,70,,20186,1,,,0,30,,20187,1,,,0,70,,20188,1,,,0,30,,20189,1,,,0,70,,20190,1,,,0,30,,20191,1,,,0,70,,20192,1,,,0,30,,20193,1,,,0,70,,20194,1,,,0,30,,20195,1,,,0,70,,20196,1,,,0,30,,20197,1,,,0,70,,20198,1,,,0,30,,20199,1,,,0
18019,'1038',846,,20408,33,4,,0,80,,20409,33,4,,0,80,,20410,33,4,,0,40,,20411,33,4,,0,83,,20412,33,4,,0,87,,20413,33,4,,0,85,,20414,33,4,,0,45,,20415,33,4,,0,85,,20416,33,4,,0,85,,20417,33,4,,0,85,,20418,33,4,,0,45,,20419,33,4,,0,85,,20420,33,4,,0,85,,20421,33,4,,0,85,,20422,33,4,,0,45,,20423,33,4,,0,85,,20424,33,4,,0,85,,20425,33,4,,0,85,,20426,33,4,,0,45,,20427,33,4,,0,82,,20428,33,4,,0
18019,'1039',707,,20429,33,4,,0,45,,20430,33,4,,0,85,,20431,33,4,,0,85,,20432,33,4,,0,85,,20433,33,4,,0,45,,20434,33,4,,0,85,,20435,33,4,,0,85,,20436,33,4,,0,85,,20437,33,4,,0,45,,20438,33,4,,0,87,,20439,33,4,,0,85,,20440,33,4,,0,85,,20441,33,4,,0,45,,20442,33,4,,0,85,,20443,33,4,,0,85,,20444,33,4,,0,83,,20445,33,4,,0,48,,20446,33,4,,0,85,,20447,33,4,,0,85,,20449,33,4,,0,85,,20448,33,4,,0,45,,20451,33,4,,0,85,,20450,33,4,,0,81,,20452,33,4,,0
18019,'1040',653,,20453,33,4,,0,80,,20454,33,4,,0,83,,20455,33,4,,0,40,,20456,33,4,,0,80,,20457,33,4,,0,80,,20458,33,4,,0,40,,20459,33,4,,0,80,,20460,33,4,,0,85,,20461,33,4,,0,85,,20462,33,4,,0,45,,20463,33,4,,0,87,,20464,33,4,,0,85,,20465,33,4,,0,85,,20466,33,4,,0,45,,20468,33,4,,0,85,,20469,33,4,,0,85,,20467,33,4,,0,85,,20470,33,4,,0,50,,20472,33,4,,0,85,,20471,33,4,,0,82,,20473,33,4,,0,85,,20475,33,4,,0,45,,20474,33,4,,0,85,,20476,33,4,,0,81,,20477,33,4,,0
18019,'996',846,,20478,33,4,,0,80,,20479,33,4,,0,80,,20480,33,4,,0,40,,20481,33,4,,0,83,,20482,33,4,,0,87,,20483,33,4,,0,85,,20484,33,4,,0,45,,20485,33,4,,0,85,,20486,33,4,,0,85,,20487,33,4,,0,85,,20488,33,4,,0,45,,20489,33,4,,0,85,,20490,33,4,,0,85,,20491,33,4,,0,85,,20492,33,4,,0,45,,20493,33,4,,0,85,,20494,33,4,,0,85,,20495,33,4,,0,85,,20496,33,4,,0,45,,20497,33,4,,0,82,,20498,33,4,,0
18029,'1038',810,,20499,1,,,0,40,,20500,1,,,0,80,,20501,1,,,0,80,,20502,1,,,0,43,,20503,1,,,0,87,,20504,1,,,0,85,,20505,1,,,0,85,,20506,1,,,0,45,,20507,1,,,0,85,,20508,1,,,0,85,,20509,1,,,0,85,,20510,1,,,0,45,,20511,1,,,0,85,,20512,1,,,0,85,,20513,1,,,0,85,,20514,1,,,0,45,,20515,1,,,0,85,,20516,1,,,0,85,,20517,1,,,0,85,,20518,1,,,0,43,,20519,1,,,0
18029,'1039',630,,20520,1,,,0,85,,20521,1,,,0,85,,20522,1,,,0,45,,20523,1,,,0,85,,20524,1,,,0,85,,20525,1,,,0,85,,20526,1,,,0,45,,20527,1,,,0,85,,20528,1,,,0,85,,20529,1,,,0,85,,20530,1,,,0,45,,20531,1,,,0,85,,20532,1,,,0,85,,20533,1,,,0,85,,20534,1,,,0,45,,20535,1,,,0,85,,20536,1,,,0,92,,20537,1,,,0,85,,20538,1,,,0,45,,20540,1,,,0,85,,20539,1,,,0,85,,20542,1,,,0,85,,20541,1,,,0,44,,20543,1,,,0
18029,'1040',620,,20544,1,,,0,80,,20545,1,,,0,40,,20546,1,,,0,80,,20547,1,,,0,80,,20548,1,,,0,40,,20549,1,,,0,80,,20550,1,,,0,80,,20551,1,,,0,45,,20552,1,,,0,85,,20553,1,,,0,85,,20554,1,,,0,85,,20555,1,,,0,45,,20556,1,,,0,85,,20557,1,,,0,85,,20559,1,,,0,85,,20560,1,,,0,45,,20558,1,,,0,85,,20561,1,,,0,92,,20563,1,,,0,85,,20562,1,,,0,45,,20564,1,,,0,85,,20566,1,,,0,85,,20565,1,,,0,85,,20567,1,,,0,44,,20568,1,,,0
18029,'996',810,,20569,1,,,0,40,,20570,1,,,0,80,,20571,1,,,0,80,,20572,1,,,0,43,,20573,1,,,0,87,,20574,1,,,0,85,,20575,1,,,0,85,,20576,1,,,0,45,,20577,1,,,0,85,,20578,1,,,0,85,,20579,1,,,0,85,,20580,1,,,0,45,,20581,1,,,0,85,,20582,1,,,0,85,,20583,1,,,0,85,,20584,1,,,0,45,,20585,1,,,0,85,,20586,1,,,0,85,,20587,1,,,0,85,,20588,1,,,0,43,,20589,1,,,0
130003019,'1035',829,,20897,25,4,,0,80,,20891,25,4,,0,40,,20894,25,4,,0,80,,20892,25,4,,0,83,,20895,25,4,,0,45,,20893,25,4,,0,88,,20896,25,4,,0,85,,20884,25,4,,0,85,,20885,25,4,,0,85,,20886,25,4,,0,45,,20887,25,4,,0,85,,20888,25,4,,0,85,,20889,25,4,,0,44,,20890,25,4,,0,85,,20898,25,4,,0
130003019,'1038',809,,20899,25,4,,0,40,,20900,25,4,,0,80,,20901,25,4,,0,80,,20902,25,4,,0,40,,20903,25,4,,0,85,,20904,25,4,,0,88,,20905,25,4,,0,85,,20906,25,4,,0,45,,20907,25,4,,0,85,,20908,25,4,,0,85,,20909,25,4,,0,85,,20910,25,4,,0,45,,20911,25,4,,0,84,,20912,25,4,,0,85,,20913,25,4,,0,85,,20918,25,4,,0,45,,20914,25,4,,0,85,,20915,25,4,,0,85,,20916,25,4,,0,85,,20919,25,4,,0,45,,20917,25,4,,0
130003019,'1039',629,,20963,25,4,,0,15,,20964,25,4,,0,70,,20965,25,4,,0,15,,20966,25,4,,0,15,,20967,25,4,,0,15,,20968,25,4,,0,55,,20969,25,4,,0,15,,20970,25,4,,0,15,,20971,25,4,,0,15,,20972,25,4,,0,55,,20973,25,4,,0,15,,20974,25,4,,0,15,,20975,25,4,,0,15,,20976,25,4,,0,55,,20962,25,4,,0,15,,20920,25,4,,0,15,,20921,25,4,,0,15,,20922,25,4,,0,55,,20923,25,4,,0,15,,20924,25,4,,0,15,,20925,25,4,,0,15,,20926,25,4,,0,55,,20927,25,4,,0,15,,20928,25,4,,0,15,,20929,25,4,,0,15,,20930,25,4,,0,55,,20931,25,4,,0,15,,20932,25,4,,0,15,,20933,25,4,,0,15,,20934,25,4,,0,55,,20935,25,4,,0,15,,20936,25,4,,0,15,,20937,25,4,,0,15,,20938,25,4,,0,55,,20939,25,4,,0,15,,20940,25,4,,0,15,,20941,25,4,,0,15,,20942,25,4,,0,55,,20943,25,4,,0,15,,20944,25,4,,0,15,,20945,25,4,,0,15,,20946,25,4,,0,55,,20947,25,4,,0,15,,20948,25,4,,0,10,,20949,25,4,,0,20,,20950,25,4,,0,55,,20951,25,4,,0,15,,20957,25,4,,0,15,,20959,25,4,,0,15,,20955,25,4,,0,55,,20960,25,4,,0,7,,20953,25,4,,0,23,,20961,25,4,,0,62,,20952,25,4,,0,23,,20977,25,4,,0,22,,20958,25,4,,0,63,,20978,25,4,,0,22,,20956,25,4,,0,23,,20979,25,4,,0,62,,20954,25,4,,0,85,,20981,25,4,,0,40,,20980,25,4,,0,80,,20982,25,4,,0
130003019,'1040',619,,20983,25,4,,0,20,,20984,25,4,,0,20,,20985,25,4,,0,60,,20986,25,4,,0,20,,20987,25,4,,0,20,,20988,25,4,,0,60,,20989,25,4,,0,20,,20990,25,4,,0,20,,20991,25,4,,0,60,,20992,25,4,,0,20,,20993,25,4,,0,20,,20994,25,4,,0,70,,20995,25,4,,0,15,,20996,25,4,,0,15,,20997,25,4,,0,55,,20998,25,4,,0,15,,20999,25,4,,0,15,,21000,25,4,,0,15,,21001,25,4,,0,55,,21002,25,4,,0,15,,21003,25,4,,0,15,,21004,25,4,,0,15,,21005,25,4,,0,55,,21006,25,4,,0,15,,21007,25,4,,0,15,,21008,25,4,,0,15,,21009,25,4,,0,55,,21010,25,4,,0,15,,21011,25,4,,0,15,,21012,25,4,,0,15,,21013,25,4,,0,55,,21014,25,4,,0,15,,21015,25,4,,0,15,,21016,25,4,,0,15,,21017,25,4,,0,55,,21018,25,4,,0,15,,21019,25,4,,0,15,,21020,25,4,,0,15,,21021,25,4,,0,55,,21022,25,4,,0,15,,21023,25,4,,0,15,,21024,25,4,,0,15,,21025,25,4,,0,55,,21026,25,4,,0,15,,21027,25,4,,0,15,,21042,25,4,,0,15,,21034,25,4,,0,47,,21028,25,4,,0,15,,21035,25,4,,0,22,,21029,25,4,,0,63,,21036,25,4,,0,23,,21030,25,4,,0,22,,21039,25,4,,0,63,,21031,25,4,,0,22,,21038,25,4,,0,23,,21032,25,4,,0,62,,21037,25,4,,0,85,,21033,25,4,,0,41,,21041,25,4,,0,80,,21040,25,4,,0
130003019,'996',809,,21043,25,4,,0,20,,21075,25,4,,0,20,,21044,25,4,,0,60,,21069,25,4,,0,20,,21045,25,4,,0,20,,21072,25,4,,0,60,,21046,25,4,,0,20,,21070,25,4,,0,20,,21047,25,4,,0,63,,21073,25,4,,0,22,,21048,25,4,,0,23,,21071,25,4,,0,65,,21049,25,4,,0,23,,21074,25,4,,0,62,,21050,25,4,,0,23,,21051,25,4,,0,22,,21052,25,4,,0,63,,21053,25,4,,0,22,,21054,25,4,,0,63,,21055,25,4,,0,22,,21056,25,4,,0,23,,21057,25,4,,0,62,,21058,25,4,,0,23,,21059,25,4,,0,22,,21060,25,4,,0,63,,21061,25,4,,0,21,,21062,25,4,,0,23,,21063,25,4,,0,62,,21064,25,4,,0,23,,21077,25,4,,0,62,,21076,25,4,,0,45,,21065,25,4,,0,85,,21066,25,4,,0,85,,21067,25,4,,0,85,,21078,25,4,,0,45,,21068,25,4,,0
130003029,'1035',830,,21085,1,0,9,0,80,,21091,1,0,9,0,40,,21088,1,0,9,0,82,,21089,1,0,9,0,83,,21087,1,0,9,0,85,,21090,1,0,9,0,45,,21086,1,0,9,0,85,,21079,1,0,9,0,85,,21080,1,0,9,0,85,,21081,1,0,9,0,45,,21082,1,0,9,0,85,,21083,1,0,9,0,85,,21084,1,0,9,0,85,,21092,1,0,9,0
130003029,'1038',810,,21093,1,,,0,40,,21094,1,,,0,80,,21095,1,,,0,80,,21096,1,,,0,43,,21097,1,,,0,85,,21098,1,,,0,85,,21099,1,,,0,85,,21100,1,,,0,45,,21101,1,,,0,85,,21102,1,,,0,85,,21103,1,,,0,85,,21104,1,,,0,45,,21105,1,,,0,85,,21106,1,,,0,85,,21112,1,,,0,85,,21107,1,,,0,45,,21108,1,,,0,85,,21109,1,,,0,85,,21110,1,,,0,85,,21111,1,,,0,45,,21113,1,0,9,0
130003029,'1039',610,,21155,1,,,0,15,,21156,1,0,10 11,0,20,,21157,1,0,10 11,0,55,,21158,1,,,0,15,,21159,1,0,10 11,0,15,,21160,1,,,0,15,,21161,1,0,10 11,0,55,,21162,1,,,0,15,,21163,1,0,10 11,0,15,,21164,1,,,0,15,,21165,1,0,10 11,0,55,,21166,1,,,0,15,,21167,1,0,10 11,0,15,,21168,1,,,0,15,,21169,1,0,10 11,0,55,,21114,1,,,0,15,,21115,1,0,10 11,0,15,,21116,1,,,0,15,,21117,1,0,10 11,0,55,,21118,1,,,0,15,,21119,1,0,10 11,0,15,,21120,1,,,0,15,,21121,1,0,10 11,0,55,,21122,1,,,0,15,,21123,1,0,10 11,0,15,,21124,1,,,0,15,,21125,1,0,10 11,0,55,,21126,1,,,0,15,,21127,1,0,10 11,0,15,,21128,1,,,0,15,,21129,1,0,10 11,0,55,,21130,1,,,0,15,,21131,1,0,10 11,0,15,,21132,1,,,0,15,,21133,1,0,10 11,0,55,,21134,1,,,0,15,,21135,1,0,10 11,0,15,,21136,1,,,0,15,,21137,1,0,10 11,0,55,,21138,1,,,0,15,,21139,1,0,10 11,0,15,,21140,1,,,0,15,,21141,1,0,10 11,0,55,,21142,1,,,0,15,,21143,1,0,10 11,0,15,,21144,1,,,0,15,,21152,1,0,10 11,0,55,,21151,1,,,0,15,,21153,1,0,10 11,0,15,,21145,1,,,0,15,,21154,1,0,9,0,55,,21149,1,0,9,0,22,,21170,1,,,0,23,,21148,1,0,9,0,62,,21171,1,,,0,23,,21147,1,0,9,0,22,,21172,1,,,0,63,,21146,1,0,9,0,22,,21174,1,,,0,63,,21176,1,0,9,0,22,,21150,1,,,0,85,,21173,1,0,9,0,44,,21175,1,0,9,0,79,,21177,1,0,9,0
130003029,'1040',600,,21178,1,0,9,0,20,,21179,1,,,0,20,,21180,1,0,9,0,60,,21181,1,,,0,20,,21182,1,0,9,0,20,,21183,1,,,0,60,,21184,1,0,9,0,20,,21185,1,,,0,20,,21186,1,0,9,0,60,,21187,1,,,0,20,,21188,1,0,9,0,20,,21189,1,,,0,60,,21190,1,,,0,15,,21191,1,0,10 11,0,15,,21192,1,,,0,15,,21193,1,0,10 11,0,55,,21194,1,,,0,15,,21195,1,0,10 11,0,15,,21196,1,,,0,15,,21197,1,0,10 11,0,55,,21198,1,,,0,15,,21199,1,0,10 11,0,15,,21200,1,,,0,15,,21201,1,0,10 11,0,55,,21202,1,,,0,15,,21203,1,0,10 11,0,15,,21204,1,,,0,15,,21205,1,0,10 11,0,55,,21206,1,,,0,15,,21207,1,0,10 11,0,15,,21208,1,,,0,15,,21209,1,0,10 11,0,55,,21210,1,,,0,15,,21211,1,0,10 11,0,15,,21212,1,,,0,15,,21213,1,0,10 11,0,55,,21214,1,,,0,15,,21215,1,0,10 11,0,15,,21216,1,,,0,15,,21217,1,0,10 11,0,55,,21218,1,,,0,15,,21219,1,0,10 11,0,15,,21236,1,,,0,15,,21237,1,0,10 11,0,55,,21231,1,,,0,15,,21232,1,0,10 11,0,15,,21234,1,,,0,15,,21235,1,0,9,0,55,,21233,1,0,9,0,22,,21238,1,,,0,23,,21225,1,0,9,0,62,,21220,1,,,0,23,,21226,1,0,9,0,22,,21221,1,,,0,63,,21227,1,0,9,0,22,,21222,1,,,0,63,,21228,1,0,9,0,22,,21223,1,,,0,85,,21224,1,0,9,0,44,,21229,1,0,9,0,79,,21230,1,0,9,0
130003029,'996',810,,21239,1,,,0,20,,21264,1,0,9,0,20,,21240,1,,,0,60,,21270,1,0,9,0,20,,21241,1,,,0,20,,21267,1,0,9,0,60,,21242,1,,,0,22,,21268,1,0,9,0,21,,21243,1,,,0,62,,21266,1,0,9,0,23,,21244,1,,,0,62,,21269,1,0,9,0,23,,21245,1,,,0,22,,21265,1,0,9,0,63,,21246,1,,,0,22,,21247,1,0,9,0,23,,21248,1,,,0,62,,21249,1,0,9,0,23,,21250,1,,,0,62,,21251,1,0,9,0,23,,21252,1,,,0,22,,21253,1,0,9,0,63,,21254,1,,,0,22,,21255,1,0,9,0,23,,21256,1,,,0,62,,21257,1,0,9,0,23,,21258,1,,,0,62,,21272,1,0,9,0,23,,21271,1,,,0,85,,21259,1,,,0,45,,21260,1,,,0,85,,21261,1,,,0,85,,21262,1,,,0,85,,21263,1,,,0,45,,21273,1,0,9,0
