7019,'993',835,,7031,2,,,0,78,,7032,2,,,0,40,,7033,2,,,0,80,,7034,2,,,0,85,,7035,2,,,0,85,,7036,2,,,0,45,,7037,2,,,0,85,,7038,2,,,0,85,,7039,2,,,0,85,,7040,2,,,0,45,,7041,2,,,0,85,,7042,2,,,0,85,,7043,2,,,0,85,,7044,2,,,0,45,,7045,2,,,0,85,,7046,2,,,0,85,,7047,2,,,0,85,,7048,2,,,0,42,,7049,2,,,0
7019,'994',600,,7073,2,,,0,30,,7074,2,,,0,70,,7075,2,,,0,30,,7076,2,,,0,70,,7079,2,,,0,30,,7080,2,,,0,70,,7077,2,,,0,30,,7078,2,,,0,70,,7071,2,,,0,30,,7072,2,,,0,70,,7070,2,,,0,30,,7057,2,,,0,70,,7064,2,,,0,30,,7058,2,,,0,70,,7065,2,,,0,30,,7059,2,,,0,70,,7066,2,,,0,30,,7060,2,,,0,70,,7067,2,,,0,30,,7061,2,,,0,70,,7068,2,,,0,30,,7062,2,,,0,70,,7069,2,,,0,30,,7063,2,,,0,70,,7050,2,,,0,30,,7051,2,,,0,70,,7052,2,,,0,45,,7053,2,,,0,85,,7054,2,,,0,85,,7055,2,,,0,85,,7056,2,,,0,45,,7081,2,,,0
7019,'995',605,,7082,2,,,0,40,,7083,2,,,0,80,,7084,2,,,0,80,,7085,2,,,0,40,,7086,2,,,0,80,,7087,2,,,0,75,,7088,2,,,0,30,,7089,2,,,0,70,,7090,2,,,0,30,,7091,2,,,0,70,,7092,2,,,0,30,,7093,2,,,0,70,,7094,2,,,0,30,,7095,2,,,0,70,,7096,2,,,0,30,,7097,2,,,0,70,,7098,2,,,0,30,,7099,2,,,0,70,,7100,2,,,0,30,,7101,2,,,0,70,,7102,2,,,0,30,,7103,2,,,0,70,,7104,2,,,0,30,,7105,2,,,0,70,,7106,2,,,0,45,,7107,2,,,0,85,,7108,2,,,0,85,,7109,2,,,0,85,,7110,2,,,0,45,,7111,2,,,0
7019,'996',835,,7112,2,,,0,78,,7113,2,,,0,40,,7114,2,,,0,80,,7115,2,,,0,85,,7116,2,,,0,85,,7117,2,,,0,45,,7118,2,,,0,85,,7119,2,,,0,85,,7120,2,,,0,85,,7121,2,,,0,45,,7122,2,,,0,85,,7123,2,,,0,85,,7124,2,,,0,85,,7125,2,,,0,45,,7126,2,,,0,85,,7127,2,,,0,85,,7128,2,,,0,85,,7129,2,,,0,42,,7130,2,,,0
9019,'993',830,,7448,2,,,0,80,,7432,2,,,0,40,,7433,2,,,0,80,,7434,2,,,0,85,,7435,2,,,0,85,,7436,2,,,0,45,,7437,2,,,0,85,,7438,2,,,0,85,,7439,2,,,0,85,,7440,2,,,0,45,,7441,2,,,0,85,,7442,2,,,0,85,,7443,2,,,0,85,,7447,2,,,0,45,,7449,2,,,0,85,,7450,2,,,0,85,,7444,2,,,0,85,,7445,2,,,0,45,,7446,2,,,0
9019,'994',620,,7474,2,,,0,25,,7475,2,,,0,70,,7476,2,,,0,30,,7477,2,,,0,70,,7478,2,,,0,30,,7479,2,,,0,70,,7480,2,,,0,30,,7473,2,,,0,70,,7457,2,,,0,30,,7458,2,,,0,70,,7459,2,,,0,30,,7460,2,,,0,70,,7461,2,,,0,30,,7462,2,,,0,70,,7463,2,,,0,30,,7464,2,,,0,70,,7465,2,,,0,30,,7466,2,,,0,70,,7467,2,,,0,30,,7468,2,,,0,70,,7469,2,,,0,30,,7470,2,,,0,70,,7471,2,,,0,30,,7472,2,,,0,70,,7454,2,,,0,85,,7455,2,,,0,45,,7451,2,,,0,85,,7452,2,,,0,85,,7453,2,,,0,85,,7456,2,,,0,45,,7481,2,,,0,85,,7482,2,,,0
9019,'995',600,,7483,2,,,0,40,,7484,2,,,0,80,,7485,2,,,0,80,,7486,2,,,0,40,,7487,2,,,0,80,,7488,2,,,0,25,,7489,2,,,0,70,,7490,2,,,0,30,,7491,2,,,0,70,,7492,2,,,0,30,,7493,2,,,0,70,,7494,2,,,0,30,,7495,2,,,0,70,,7496,2,,,0,30,,7497,2,,,0,70,,7498,2,,,0,30,,7499,2,,,0,70,,7500,2,,,0,30,,7501,2,,,0,70,,7502,2,,,0,30,,7503,2,,,0,70,,7504,2,,,0,30,,7505,2,,,0,70,,7506,2,,,0,85,,7508,2,,,0,45,,7507,2,,,0,85,,7509,2,,,0,85,,7512,2,,,0,85,,7511,2,,,0,45,,7513,2,,,0,85,,7510,2,,,0
9019,'996',830,,7530,2,,,0,80,,7514,2,,,0,40,,7515,2,,,0,80,,7516,2,,,0,85,,7517,2,,,0,85,,7518,2,,,0,45,,7519,2,,,0,85,,7520,2,,,0,85,,7521,2,,,0,85,,7522,2,,,0,45,,7523,2,,,0,85,,7524,2,,,0,85,,7525,2,,,0,85,,7529,2,,,0,45,,7531,2,,,0,85,,7532,2,,,0,85,,7526,2,,,0,85,,7527,2,,,0,45,,7528,2,,,0
30003029,'993',832,,9093,2,,,0,80,,9094,2,,,0,40,,9095,2,,,0,80,,9096,2,,,0,86,,9097,2,,,0,85,,9098,2,,,0,45,,9099,2,,,0,85,,9100,2,,,0,85,,9101,2,,,0,85,,9102,2,,,0,45,,9103,2,,,0,85,,9104,2,,,0,85,,9105,2,,,0,85,,9106,2,,,0,45,,9107,2,,,0,85,,9108,2,,,0,85,,9109,2,,,0,85,,9110,2,,,0,45,,9111,2,,,0,82,,9112,2,,,0
30003029,'994',610,,9136,2,,,0,20,,9137,2,,,0,70,,9138,2,,,0,30,,9139,2,,,0,70,,9140,2,,,0,30,,9141,2,,,0,70,,9142,2,,,0,30,,9143,2,,,0,70,,9113,2,,,0,30,,9114,2,,,0,70,,9115,2,,,0,30,,9116,2,,,0,70,,9117,2,,,0,30,,9118,2,,,0,70,,9119,2,,,0,30,,9120,2,,,0,70,,9121,2,,,0,30,,9122,2,,,0,70,,9123,2,,,0,30,,9124,2,,,0,70,,9125,2,,,0,30,,9126,2,,,0,70,,9127,2,,,0,30,,9128,2,,,0,70,,9129,2,,,0,30,,9130,2,,,0,70,,9131,2,,,0,45,,9133,2,,,0,85,,9134,2,,,0,85,,9135,2,,,0,85,,9132,2,,,0,45,,9144,2,,,0
30003029,'995',605,,9145,2,,,0,35,,9146,2,,,0,80,,9147,2,,,0,80,,9148,2,,,0,40,,9149,2,,,0,80,,9150,2,,,0,80,,9151,2,,,0,30,,9152,2,,,0,70,,9153,2,,,0,30,,9154,2,,,0,70,,9155,2,,,0,30,,9156,2,,,0,70,,9157,2,,,0,30,,9158,2,,,0,70,,9159,2,,,0,30,,9160,2,,,0,70,,9161,2,,,0,30,,9162,2,,,0,70,,9163,2,,,0,30,,9164,2,,,0,70,,9165,2,,,0,30,,9166,2,,,0,70,,9167,2,,,0,30,,9174,2,,,0,70,,9168,2,,,0,45,,9169,2,,,0,85,,9170,2,,,0,85,,9171,2,,,0,85,,9172,2,,,0,45,,9173,2,,,0
30003029,'996',832,,9175,2,,,0,80,,9176,2,,,0,40,,9177,2,,,0,80,,9178,2,,,0,86,,9179,2,,,0,85,,9180,2,,,0,45,,9181,2,,,0,85,,9182,2,,,0,85,,9183,2,,,0,85,,9184,2,,,0,45,,9185,2,,,0,85,,9186,2,,,0,85,,9187,2,,,0,85,,9188,2,,,0,45,,9189,2,,,0,85,,9190,2,,,0,85,,9191,2,,,0,85,,9192,2,,,0,45,,9193,2,,,0,82,,9194,2,,,0
100003029,'994',620,,9257,2,,,0,25,,9258,2,,,0,70,,9259,2,,,0,30,,9260,2,,,0,70,,9261,2,,,0,30,,9262,2,,,0,70,,9263,2,,,0,30,,9256,2,,,0,70,,9240,2,,,0,30,,9241,2,,,0,70,,9242,2,,,0,30,,9243,2,,,0,70,,9244,2,,,0,30,,9245,2,,,0,70,,9246,2,,,0,30,,9247,2,,,0,70,,9248,2,,,0,30,,9249,2,,,0,70,,9250,2,,,0,30,,9251,2,,,0,70,,9252,2,,,0,30,,9253,2,,,0,70,,9254,2,,,0,30,,9255,2,,,0,70,,9265,2,,,0,30,,9264,2,,,0
100003029,'995',945,,9282,2,,,0,70,,9266,2,,,0,30,,9267,2,,,0,70,,9268,2,,,0,30,,9269,2,,,0,70,,9270,2,,,0,30,,9271,2,,,0,70,,9272,2,,,0,30,,9273,2,,,0,70,,9274,2,,,0,30,,9275,2,,,0,70,,9276,2,,,0,30,,9277,2,,,0,70,,9278,2,,,0,30,,9279,2,,,0,70,,9280,2,,,0,30,,9281,2,,,0,70,,9283,2,,,0,30,,9284,2,,,0
130003019,'993',750,,9285,2,0,14,0,60,,9317,2,0,7 8,0,20,,9286,2,0,14,0,20,,9311,2,0,7 8,0,60,,9287,2,0,14,0,20,,9314,2,0,7 8,0,20,,9288,2,0,14,0,60,,9312,2,0,7 8,0,20,,9289,2,0,14,0,23,,9315,2,0,7 8,0,62,,9290,2,0,14,0,23,,9313,2,0,7 8,0,62,,9291,2,0,14,0,23,,9316,2,0,7 8,0,22,,9292,2,0,14,0,63,,9293,2,0,7 8,0,22,,9294,2,0,14,0,23,,9295,2,0,7 8,0,62,,9296,2,0,14,0,23,,9297,2,0,7 8,0,62,,9298,2,0,14,0,23,,9299,2,0,7 8,0,22,,9300,2,0,14,0,63,,9301,2,0,7 8,0,22,,9302,2,0,14,0,23,,9303,2,0,7 8,0,62,,9304,2,0,14,0,23,,9305,2,0,7 8,0,62,,9306,2,0,14,0,23,,9319,2,0,7 8,0,22,,9318,2,0,14,0,85,,9307,2,0,14,0,85,,9308,2,0,14,0,85,,9309,2,0,14,0,45,,9320,2,0,14,0,85,,9310,2,0,7 8,0
130003019,'994',610,,9364,2,0,13,0,15,,9365,2,0,14,0,20,,9366,2,0,14,0,55,,9367,2,0,13,0,15,,9368,2,0,14,0,15,,9369,2,0,13,0,15,,9370,2,0,14,0,55,,9371,2,0,13,0,15,,9372,2,0,14,0,15,,9373,2,0,13,0,15,,9374,2,0,14,0,55,,9375,2,0,13,0,15,,9376,2,0,14,0,15,,9377,2,0,13,0,15,,9363,2,0,14,0,55,,9321,2,0,13,0,15,,9322,2,0,14,0,15,,9323,2,0,13,0,15,,9324,2,0,14,0,55,,9325,2,0,13,0,15,,9326,2,0,14,0,15,,9327,2,0,13,0,15,,9328,2,0,14,0,55,,9329,2,0,13,0,15,,9330,2,0,14,0,15,,9331,2,0,13,0,15,,9332,2,0,14,0,55,,9333,2,0,13,0,15,,9334,2,0,14,0,15,,9335,2,0,13,0,15,,9336,2,0,14,0,55,,9337,2,0,13,0,15,,9338,2,0,14,0,15,,9339,2,0,13,0,15,,9340,2,0,14,0,55,,9341,2,0,13,0,15,,9342,2,0,14,0,15,,9343,2,0,13,0,15,,9344,2,0,14,0,55,,9345,2,0,13,0,15,,9346,2,0,14,0,15,,9347,2,0,13,0,15,,9348,2,0,14,0,55,,9349,2,0,13,0,15,,9350,2,0,14,0,15,,9351,2,0,13,0,15,,9352,2,0,14,0,55,,9358,2,0,13,0,15,,9360,2,0,14,0,15,,9356,2,0,13,0,15,,9361,2,0,14,0,55,,9354,2,0,13,0,23,,9362,2,0,7 8,0,22,,9353,2,0,14,0,63,,9378,2,0,7 8,0,22,,9359,2,0,14,0,23,,9379,2,0,7 8,0,62,,9357,2,0,14,0,23,,9380,2,0,7 8,0,62,,9355,2,0,14,0,45,,9382,2,0,14,0,85,,9381,2,0,7 8,0,80,,9383,2,0,7 8,0
130003019,'995',600,,9384,2,0,14,0,20,,9385,2,0,7 8,0,20,,9386,2,0,14,0,60,,9387,2,0,7 8,0,20,,9388,2,0,14,0,20,,9389,2,0,7 8,0,60,,9390,2,0,14,0,20,,9391,2,0,7 8,0,20,,9392,2,0,14,0,60,,9393,2,0,7 8,0,20,,9394,2,0,14,0,20,,9395,2,0,13,0,60,,9396,2,0,13,0,15,,9397,2,0,14,0,15,,9398,2,0,13,0,15,,9399,2,0,14,0,55,,9400,2,0,13,0,15,,9401,2,0,14,0,15,,9402,2,0,13,0,15,,9403,2,0,14,0,55,,9404,2,0,13,0,15,,9405,2,0,14,0,15,,9406,2,0,13,0,15,,9407,2,0,14,0,55,,9408,2,0,13,0,15,,9409,2,0,14,0,15,,9410,2,0,13,0,15,,9411,2,0,14,0,55,,9412,2,0,13,0,15,,9413,2,0,14,0,15,,9414,2,0,13,0,15,,9415,2,0,14,0,55,,9416,2,0,13,0,15,,9417,2,0,14,0,15,,9418,2,0,13,0,15,,9419,2,0,14,0,55,,9420,2,0,13,0,15,,9421,2,0,14,0,15,,9422,2,0,13,0,15,,9423,2,0,14,0,55,,9424,2,0,13,0,15,,9425,2,0,14,0,15,,9426,2,0,13,0,15,,9427,2,0,14,0,55,,9428,2,0,13,0,15,,9443,2,0,14,0,15,,9435,2,0,13,0,15,,9429,2,0,14,0,55,,9436,2,0,13,0,22,,9430,2,0,7 8,0,23,,9437,2,0,14,0,63,,9431,2,0,7 8,0,22,,9440,2,0,14,0,23,,9432,2,0,7 8,0,62,,9439,2,0,14,0,23,,9433,2,0,7 8,0,62,,9438,2,0,14,0,45,,9434,2,0,14,0,85,,9442,2,0,7 8,0,80,,9441,2,0,7 8,0
130003019,'996',750,,9444,2,0,14,0,60,,9476,2,0,7 8,0,20,,9445,2,0,14,0,20,,9470,2,0,7 8,0,60,,9446,2,0,14,0,20,,9473,2,0,7 8,0,20,,9447,2,0,14,0,60,,9471,2,0,7 8,0,20,,9448,2,0,14,0,23,,9474,2,0,7 8,0,62,,9449,2,0,14,0,23,,9472,2,0,7 8,0,62,,9450,2,0,14,0,23,,9475,2,0,7 8,0,22,,9451,2,0,14,0,63,,9452,2,0,7 8,0,22,,9453,2,0,14,0,23,,9454,2,0,7 8,0,62,,9455,2,0,14,0,23,,9456,2,0,7 8,0,62,,9457,2,0,14,0,23,,9458,2,0,7 8,0,22,,9459,2,0,14,0,63,,9460,2,0,7 8,0,22,,9461,2,0,14,0,23,,9462,2,0,7 8,0,62,,9463,2,0,14,0,23,,9464,2,0,7 8,0,62,,9465,2,0,14,0,23,,9478,2,0,7 8,0,22,,9477,2,0,14,0,85,,9466,2,0,14,0,85,,9467,2,0,14,0,85,,9468,2,0,14,0,45,,9479,2,0,14,0,85,,9469,2,0,7 8,0
