2019,'1038',831,,18204,4,0,12,0,80,,18205,4,0,12,0,40,,18206,4,0,12,0,80,,18207,4,0,12,0,85,,18208,4,0,12,0,85,,18209,4,0,12,0,45,,18210,4,0,12,0,85,,18211,4,0,12,0,85,,18212,4,0,12,0,85,,18213,4,0,12,0,45,,18214,4,0,12,0,85,,18215,4,0,12,0,85,,18216,4,0,12,0,85,,18217,4,0,12,0,45,,18218,4,0,12,0,85,,18219,4,0,12,0,85,,18220,4,0,12,0,85,,18221,4,0,12,0,45,,18222,4,0,12,0,85,,18243,4,0,12,0
2019,'1039',622,,18292,4,0,12,0,25,,18293,4,0,12,0,70,,18294,4,0,12,0,30,,18295,4,0,12,0,70,,18296,4,0,12,0,30,,18297,4,0,12,0,70,,18298,4,0,12,0,30,,18291,4,0,12,0,70,,18269,4,0,12,0,30,,18270,4,0,12,0,70,,18271,4,0,12,0,30,,18272,4,0,12,0,70,,18273,4,0,12,0,30,,18274,4,0,12,0,70,,18275,4,0,12,0,30,,18276,4,0,12,0,70,,18277,4,0,12,0,30,,18278,4,0,12,0,70,,18279,4,0,12,0,30,,18280,4,0,12,0,70,,18281,4,0,12,0,30,,18282,4,0,12,0,70,,18283,4,0,12,0,30,,18244,4,0,12,0,70,,18245,4,0,12,0,85,,18246,4,0,12,0,45,,18247,4,0,12,0,85,,18248,4,0,12,0,85,,18249,4,0,12,0,85,,18250,4,0,12,0,45,,18299,4,0,12,0,85,,18301,4,0,5,0
2019,'1040',601,,18338,4,0,12,0,40,,18339,4,0,12,0,80,,18340,4,0,12,0,80,,18341,4,0,12,0,40,,18342,4,0,12,0,80,,18343,4,0,12,0,25,,18369,4,0,12,0,70,,18344,4,0,12,0,30,,18345,4,0,12,0,70,,18346,4,0,12,0,30,,18347,4,0,12,0,70,,18348,4,0,12,0,30,,18349,4,0,12,0,70,,18350,4,0,12,0,30,,18351,4,0,12,0,70,,18352,4,0,12,0,30,,18353,4,0,12,0,70,,18354,4,0,12,0,30,,18355,4,0,12,0,70,,18356,4,0,12,0,30,,18357,4,0,12,0,70,,18358,4,0,12,0,30,,18359,4,0,12,0,70,,18370,4,0,12,0,85,,18360,4,0,12,0,45,,18361,4,0,12,0,85,,18362,4,0,12,0,85,,18363,4,0,12,0,85,,18364,4,0,12,0,45,,18365,4,0,12,0,85,,18366,4,0,5,0
2019,'996',831,,18372,4,0,12,0,80,,18373,4,0,12,0,40,,18374,4,0,12,0,80,,18375,4,0,12,0,85,,18376,4,0,12,0,85,,18377,4,0,12,0,45,,18378,4,0,12,0,85,,18379,4,0,12,0,85,,18380,4,0,12,0,85,,18381,4,0,12,0,45,,18382,4,0,12,0,85,,18383,4,0,12,0,85,,18384,4,0,12,0,85,,18385,4,0,12,0,45,,18386,4,0,12,0,85,,18387,4,0,12,0,85,,18388,4,0,12,0,85,,18389,4,0,12,0,45,,18390,4,0,12,0,85,,18411,4,0,12,0
11029,'1039',601,,19500,4,,,0,30,,19501,4,,,0,70,,19502,4,,,0,30,,19503,4,,,0,70,,19504,4,,,0,30,,19505,4,,,0,70,,19506,4,,,0,30,,19499,4,,,0,70,,19483,4,,,0,30,,19484,4,,,0,70,,19485,4,,,0,30,,19486,4,,,0,70,,19487,4,,,0,30,,19488,4,,,0,70,,19489,4,,,0,30,,19490,4,,,0,70,,19491,4,,,0,30,,19492,4,,,0,70,,19493,4,,,0,30,,19494,4,,,0,70,,19495,4,,,0,30,,19496,4,,,0,70,,19497,4,,,0,30,,19498,4,,,0,70,,19508,4,,,0,30,,19507,4,,,0
11029,'1040',1001,,19509,4,,,0,30,,19510,4,,,0,70,,19511,4,,,0,30,,19512,4,,,0,70,,19513,4,,,0,30,,19514,4,,,0,70,,19515,4,,,0,30,,19516,4,,,0,70,,19517,4,,,0,30,,19518,4,,,0,70,,19519,4,,,0,30,,19520,4,,,0,70,,19521,4,,,0,30,,19522,4,,,0,70,,19523,4,,,0,30,,19524,4,,,0,70,,19525,4,,,0,30,,19526,4,,,0
13019,'1038',831,,19577,4,,,0,80,,19578,4,,,0,40,,19579,4,,,0,80,,19580,4,,,0,85,,19581,4,,,0,85,,19582,4,,,0,45,,19583,4,,,0,85,,19584,4,,,0,85,,19585,4,,,0,85,,19586,4,,,0,45,,19587,4,,,0,85,,19588,4,,,0,85,,19589,4,,,0,85,,19590,4,,,0,45,,19591,4,,,0,85,,19592,4,,,0,85,,19593,4,,,0,85,,19594,4,,,0,45,,19595,4,,,0
13019,'1039',1902,,19601,4,,,0,45,,19596,4,,,0,85,,19597,4,,,0,85,,19599,4,,,0,84,,19598,4,,,0,45,,19600,4,,,0
13019,'1040',601,,19602,4,,,0,40,,19603,4,,,0,80,,19604,4,,,0,80,,19605,4,,,0,40,,19606,4,,,0,80,,19607,4,,,0,981,,19608,4,,,0,45,,19609,4,,,0,85,,19610,4,,,0,85,,19611,4,,,0,85,,19612,4,,,0,45,,19613,4,,,0
13019,'996',831,,19614,4,,,0,80,,19615,4,,,0,40,,19616,4,,,0,80,,19617,4,,,0,85,,19618,4,,,0,85,,19619,4,,,0,45,,19620,4,,,0,85,,19621,4,,,0,85,,19622,4,,,0,85,,19623,4,,,0,45,,19624,4,,,0,85,,19625,4,,,0,85,,19626,4,,,0,85,,19627,4,,,0,45,,19628,4,,,0,85,,19629,4,,,0,85,,19630,4,,,0,85,,19631,4,,,0,45,,19632,4,,,0
