13019,'993',851,,7978,33,4,,0,80,,7979,33,4,,0,80,,7980,33,4,,0,40,,7981,33,4,,0,86,,7982,33,4,,0,85,,7983,33,4,,0,85,,7984,33,4,,0,45,,7985,33,4,,0,85,,7986,33,4,,0,85,,7987,33,4,,0,85,,7988,33,4,,0,45,,7989,33,4,,0,85,,7990,33,4,,0,85,,7991,33,4,,0,85,,7992,33,4,,0,45,,7993,33,4,,0,84,,7994,33,4,,0,85,,7995,33,4,,0,85,,7996,33,4,,0
13019,'994',1923,,8002,33,4,,0,85,,7997,33,4,,0,45,,7998,33,4,,0,85,,8000,33,4,,0,83,,7999,33,4,,0,85,,8001,33,4,,0
13019,'995',620,,8003,33,4,,0,80,,8004,33,4,,0,40,,8005,33,4,,0,80,,8006,33,4,,0,81,,8007,33,4,,0,40,,8008,33,4,,0,982,,8009,33,4,,0,85,,8010,33,4,,0,45,,8011,33,4,,0,85,,8012,33,4,,0,85,,8013,33,4,,0,85,,8014,33,4,,0
13019,'996',851,,8015,33,4,,0,80,,8016,33,4,,0,80,,8017,33,4,,0,40,,8018,33,4,,0,86,,8019,33,4,,0,85,,8020,33,4,,0,85,,8021,33,4,,0,45,,8022,33,4,,0,85,,8023,33,4,,0,85,,8024,33,4,,0,85,,8025,33,4,,0,45,,8026,33,4,,0,85,,8027,33,4,,0,85,,8028,33,4,,0,85,,8029,33,4,,0,45,,8030,33,4,,0,84,,8031,33,4,,0,85,,8032,33,4,,0,85,,8033,33,4,,0
13029,'993',851,,8034,1,,,0,80,,8035,1,,,0,80,,8036,1,,,0,40,,8037,1,,,0,86,,8038,1,,,0,85,,8039,1,,,0,85,,8040,1,,,0,45,,8041,1,,,0,85,,8042,1,,,0,85,,8043,1,,,0,85,,8044,1,,,0,45,,8045,1,,,0,85,,8046,1,,,0,85,,8047,1,,,0,85,,8048,1,,,0,45,,8049,1,,,0,84,,8050,1,,,0,85,,8051,1,,,0,85,,8052,1,,,0
13029,'994',1923,,8058,1,,,0,85,,8053,1,,,0,45,,8054,1,,,0,85,,8056,1,,,0,83,,8055,1,,,0,85,,8057,1,,,0
13029,'995',620,,8059,1,,,0,80,,8060,1,,,0,40,,8061,1,,,0,80,,8062,1,,,0,81,,8063,1,,,0,40,,8064,1,,,0,982,,8065,1,,,0,85,,8066,1,,,0,45,,8067,1,,,0,85,,8068,1,,,0,85,,8069,1,,,0,85,,8070,1,,,0
13029,'996',851,,8071,1,,,0,80,,8072,1,,,0,80,,8073,1,,,0,40,,8074,1,,,0,86,,8075,1,,,0,85,,8076,1,,,0,85,,8077,1,,,0,45,,8078,1,,,0,85,,8079,1,,,0,85,,8080,1,,,0,85,,8081,1,,,0,45,,8082,1,,,0,85,,8083,1,,,0,85,,8084,1,,,0,85,,8085,1,,,0,45,,8086,1,,,0,84,,8087,1,,,0,85,,8088,1,,,0,85,,8089,1,,,0
30003019,'993',856,,8991,14,,,0,80,,8992,14,,,0,80,,8993,14,,,0,40,,8994,14,,,0,86,,8995,14,,,0,88,,8996,14,,,0,85,,8997,14,,,0,85,,8998,14,,,0,45,,8999,14,,,0,85,,9000,14,,,0,85,,9001,14,,,0,85,,9002,14,,,0,45,,9003,14,,,0,85,,9004,14,,,0,85,,9005,14,,,0,85,,9006,14,,,0,45,,9007,14,,,0,85,,9008,14,,,0,85,,9010,14,0,9,0,42,,9009,14,0,9,0
30003019,'994',634,,9034,14,,,0,66,,9035,14,,,0,30,,9036,14,,,0,29,,9037,14,,,0,70,,9038,14,,,0,30,,9039,14,,,0,70,,9040,14,,,0,30,,9041,14,,,0,69,,9011,14,,,0,31,,9012,14,,,0,70,,9013,14,,,0,30,,9014,14,,,0,70,,9015,14,,,0,30,,9016,14,,,0,70,,9017,14,,,0,30,,9018,14,,,0,70,,9019,14,,,0,30,,9020,14,,,0,70,,9021,14,,,0,30,,9022,14,,,0,70,,9023,14,,,0,30,,9024,14,,,0,70,,9025,14,,,0,30,,9026,14,,,0,69,,9028,14,,,0,30,,9027,14,0,9,0,70,,9033,14,,,0,85,,9031,14,,,0,45,,9030,14,,,0,85,,9032,14,,,0,85,,9029,14,,,0,85,,9042,14,0,7 8,0
30003019,'995',631,,9043,14,,,0,75,,9044,14,,,0,40,,9045,14,,,0,80,,9046,14,,,0,80,,9047,14,,,0,40,,9048,14,,,0,82,,9049,14,,,0,31,,9050,14,,,0,70,,9051,14,,,0,30,,9052,14,,,0,70,,9053,14,,,0,30,,9054,14,,,0,70,,9055,14,,,0,30,,9056,14,,,0,70,,9057,14,,,0,30,,9058,14,,,0,70,,9059,14,,,0,30,,9060,14,,,0,70,,9061,14,,,0,30,,9062,14,,,0,70,,9063,14,,,0,30,,9064,14,,,0,67,,9065,14,,,0,29,,9066,14,0,9,0,70,,9072,14,,,0,85,,9067,14,,,0,45,,9068,14,,,0,88,,9069,14,,,0,85,,9070,14,,,0,82,,9071,14,0,9,0
30003019,'996',856,,9073,14,,,0,80,,9074,14,,,0,80,,9075,14,,,0,40,,9076,14,,,0,86,,9077,14,,,0,88,,9078,14,,,0,85,,9079,14,,,0,85,,9080,14,,,0,45,,9081,14,,,0,85,,9082,14,,,0,85,,9083,14,,,0,85,,9084,14,,,0,45,,9085,14,,,0,85,,9086,14,,,0,85,,9087,14,,,0,85,,9088,14,,,0,45,,9089,14,,,0,85,,9090,14,,,0,85,,9092,14,0,9,0,42,,9091,14,0,9,0
100003019,'994',643,,9212,6,,,0,67,,9213,6,,,0,30,,9214,6,,,0,70,,9215,6,,,0,30,,9216,6,,,0,70,,9217,6,,,0,30,,9218,6,,,0,70,,9195,6,,,0,30,,9196,6,,,0,70,,9197,6,,,0,30,,9198,6,,,0,70,,9199,6,,,0,30,,9200,6,,,0,70,,9201,6,,,0,30,,9202,6,,,0,70,,9203,6,,,0,30,,9204,6,,,0,70,,9205,6,,,0,30,,9206,6,,,0,70,,9207,6,,,0,30,,9208,6,,,0,70,,9209,6,,,0,30,,9210,6,,,0,70,,9211,6,,,0,30,,9219,6,,,0,70,,9220,6,0,9,0
100003019,'995',1010,,9221,6,,,0,30,,9222,6,,,0,70,,9223,6,,,0,30,,9224,6,,,0,70,,9225,6,,,0,30,,9226,6,,,0,70,,9227,6,,,0,30,,9228,6,,,0,70,,9229,6,,,0,30,,9230,6,,,0,70,,9231,6,,,0,30,,9232,6,,,0,70,,9233,6,,,0,30,,9234,6,,,0,70,,9235,6,,,0,30,,9236,6,,,0,70,,9237,6,,,0,30,,9238,6,,,0,70,,9239,6,0,9,0
