13019,'1038',850,,19577,32,,,0,80,,19578,32,,,0,80,,19579,32,,,0,40,,19580,32,,,0,86,,19581,32,,,0,85,,19582,32,,,0,85,,19583,32,,,0,45,,19584,32,,,0,85,,19585,32,,,0,85,,19586,32,,,0,85,,19587,32,,,0,45,,19588,32,,,0,85,,19589,32,,,0,85,,19590,32,,,0,85,,19591,32,,,0,45,,19592,32,,,0,84,,19593,32,,,0,85,,19594,32,,,0,85,,19595,32,,,0
13019,'1039',1922,,19601,32,,,0,85,,19596,32,,,0,45,,19597,32,,,0,85,,19599,32,,,0,83,,19598,32,,,0,85,,19600,32,,,0
13019,'1040',619,,19602,32,,,0,40,,19603,32,,,0,80,,19604,32,,,0,80,,19605,32,,,0,81,,19606,32,,,0,40,,19607,32,,,0,982,,19608,32,,,0,85,,19609,32,,,0,45,,19610,32,,,0,85,,19611,32,,,0,85,,19612,32,,,0,85,,19613,32,,,0
13019,'996',850,,19614,32,,,0,80,,19615,32,,,0,80,,19616,32,,,0,40,,19617,32,,,0,86,,19618,32,,,0,85,,19619,32,,,0,85,,19620,32,,,0,45,,19621,32,,,0,85,,19622,32,,,0,85,,19623,32,,,0,85,,19624,32,,,0,45,,19625,32,,,0,85,,19626,32,,,0,85,,19627,32,,,0,85,,19628,32,,,0,45,,19629,32,,,0,84,,19630,32,,,0,85,,19631,32,,,0,85,,19632,32,,,0
30003019,'1038',854,,20590,13,,,0,80,,20591,13,,,0,80,,20592,13,,,0,40,,20593,13,,,0,86,,20594,13,,,0,88,,20595,13,,,0,85,,20596,13,,,0,45,,20597,13,,,0,85,,20598,13,,,0,85,,20599,13,,,0,85,,20600,13,,,0,45,,20601,13,,,0,85,,20602,13,,,0,85,,20603,13,,,0,85,,20604,13,,,0,45,,20605,13,,,0,85,,20606,13,,,0,85,,20607,13,,,0,85,,20609,13,0,9,0,42,,20608,13,0,9,0
30003019,'1039',632,,20633,13,,,0,26,,20634,13,,,0,70,,20635,13,,,0,29,,20636,13,,,0,70,,20637,13,,,0,30,,20638,13,,,0,70,,20639,13,,,0,30,,20640,13,,,0,69,,20610,13,,,0,31,,20611,13,,,0,70,,20612,13,,,0,30,,20613,13,,,0,70,,20614,13,,,0,30,,20615,13,,,0,70,,20616,13,,,0,30,,20617,13,,,0,70,,20618,13,,,0,30,,20619,13,,,0,70,,20620,13,,,0,30,,20621,13,,,0,70,,20622,13,,,0,30,,20623,13,,,0,70,,20624,13,,,0,30,,20625,13,,,0,69,,20627,13,,,0,30,,20626,13,0,9,0,70,,20632,13,,,0,85,,20630,13,,,0,45,,20629,13,,,0,85,,20631,13,,,0,85,,20628,13,,,0,85,,20641,13,0,7 8,0
30003019,'1040',629,,20642,13,,,0,75,,20643,13,,,0,40,,20644,13,,,0,80,,20645,13,,,0,80,,20646,13,,,0,40,,20647,13,,,0,82,,20648,13,,,0,31,,20649,13,,,0,70,,20650,13,,,0,30,,20651,13,,,0,70,,20652,13,,,0,30,,20653,13,,,0,70,,20654,13,,,0,30,,20655,13,,,0,70,,20656,13,,,0,30,,20657,13,,,0,70,,20658,13,,,0,30,,20659,13,,,0,70,,20660,13,,,0,30,,20661,13,,,0,70,,20662,13,,,0,30,,20663,13,,,0,67,,20664,13,,,0,29,,20665,13,0,9,0,70,,20671,13,,,0,85,,20666,13,,,0,45,,20667,13,,,0,88,,20668,13,,,0,85,,20669,13,,,0,82,,20670,13,0,9,0
30003019,'996',854,,20672,13,,,0,80,,20673,13,,,0,80,,20674,13,,,0,40,,20675,13,,,0,86,,20676,13,,,0,88,,20677,13,,,0,85,,20678,13,,,0,45,,20679,13,,,0,85,,20680,13,,,0,85,,20681,13,,,0,85,,20682,13,,,0,45,,20683,13,,,0,85,,20684,13,,,0,85,,20685,13,,,0,85,,20686,13,,,0,45,,20687,13,,,0,85,,20688,13,,,0,85,,20689,13,,,0,85,,20691,13,0,9,0,42,,20690,13,0,9,0
100003019,'1039',642,,20811,5,,,0,67,,20812,5,,,0,30,,20813,5,,,0,70,,20814,5,,,0,30,,20815,5,,,0,70,,20816,5,,,0,30,,20817,5,,,0,70,,20794,5,,,0,30,,20795,5,,,0,70,,20796,5,,,0,30,,20797,5,,,0,70,,20798,5,,,0,30,,20799,5,,,0,70,,20800,5,,,0,30,,20801,5,,,0,70,,20802,5,,,0,30,,20803,5,,,0,70,,20804,5,,,0,30,,20805,5,,,0,70,,20806,5,,,0,30,,20807,5,,,0,70,,20808,5,,,0,30,,20809,5,,,0,70,,20810,5,,,0,30,,20818,5,,,0,70,,20819,5,0,9,0
100003019,'1040',1009,,20820,5,,,0,30,,20821,5,,,0,70,,20822,5,,,0,30,,20823,5,,,0,70,,20824,5,,,0,30,,20825,5,,,0,70,,20826,5,,,0,30,,20827,5,,,0,70,,20828,5,,,0,30,,20829,5,,,0,70,,20830,5,,,0,30,,20831,5,,,0,70,,20832,5,,,0,30,,20833,5,,,0,70,,20834,5,,,0,30,,20835,5,,,0,70,,20836,5,,,0,30,,20837,5,,,0,70,,20838,5,0,9,0
