8019,'993',1015,,7255,5,,,0,40,,7239,5,,,0,83,,7256,5,,,0,85,,7240,5,,,0,85,,7257,5,,,0,46,,7241,5,,,0,85,,7258,5,,,0,85,,7231,5,,,0,85,,7242,5,,,0,45,,7243,5,,,0,85,,7244,5,,,0
8019,'994',643,,7323,5,,,0,57,,7324,5,,,0,34,,7325,5,,,0,25,,7326,5,,,0,70,,7327,5,,,0,30,,7328,5,,,0,70,,7329,5,,,0,30,,7287,5,,,0,70,,7288,5,,,0,30,,7289,5,,,0,70,,7290,5,,,0,30,,7291,5,,,0,71,,7292,5,,,0,74,,7293,5,,,0,30,,7294,5,,,0,70,,7295,5,,,0,30,,7296,5,,,0,70,,7297,5,,,0,30,,7298,5,,,0,70,,7299,5,,,0,30,,7300,5,,,0,70,,7301,5,,,0,30,,7302,5,,,0,69,,7330,5,,,0,30,,7311,5,,,0,67,,7312,5,,,0
8019,'995',942,,7370,5,,,0,65,,7371,5,,,0,17,,7372,5,,,0,76,,7373,5,,,0,30,,7374,5,,,0,70,,7375,5,,,0,30,,7376,5,,,0,70,,7377,5,,,0,33,,7378,5,,,0,70,,7379,5,,,0,30,,7380,5,,,0,70,,7381,5,,,0,30,,7382,5,,,0,70,,7383,5,,,0,30,,7384,5,,,0,70,,7385,5,,,0,30,,7386,5,,,0,70,,7387,5,,,0,30,,7390,5,,,0,67,,7389,5,,,0
8019,'996',1015,,7416,5,,,0,40,,7400,5,,,0,83,,7417,5,,,0,85,,7401,5,,,0,85,,7418,5,,,0,46,,7402,5,,,0,85,,7419,5,,,0,85,,7392,5,,,0,85,,7403,5,,,0,45,,7404,5,,,0,85,,7405,5,,,0
15029,'993',831,,8399,5,,,0,80,,8400,5,,,0,40,,8401,5,,,0,83,,8402,5,,,0,83,,8403,5,,,0,85,,8404,5,,,0,45,,8405,5,,,0,85,,8406,5,,,0,85,,8407,5,,,0,85,,8408,5,,,0,45,,8409,5,,,0,85,,8410,5,,,0,85,,8411,5,,,0,85,,8412,5,,,0,41,,8413,5,,,0,85,,8414,5,,,0,85,,8415,5,,,0,45,,8416,5,,,0,85,,8417,5,,,0,85,,8418,5,,,0
15029,'994',641,,8419,5,,,0,67,,8420,5,,,0,30,,8421,5,,,0,70,,8422,5,,,0,30,,8423,5,,,0,70,,8424,5,,,0,30,,8425,5,,,0,70,,8426,5,,,0,30,,8427,5,,,0,70,,8428,5,,,0,30,,8429,5,,,0,70,,8430,5,,,0,30,,8431,5,,,0,70,,8432,5,,,0,30,,8433,5,,,0,70,,8434,5,,,0,30,,8435,5,,,0,70,,8436,5,,,0,30,,8437,5,,,0,70,,8438,5,,,0,30,,8439,5,,,0,70,,8440,5,,,0,30,,8441,5,,,0,70,,8442,5,,,0,30,,8443,5,,,0,70,,8444,5,,,0,40,,8445,5,,,0,85,,8446,5,,,0,80,,8447,5,,,0,45,,8449,5,,,0,85,,8450,5,,,0,85,,8448,5,,,0
15029,'995',641,,8451,5,,,0,80,,8453,5,,,0,80,,8454,5,,,0,40,,8452,5,,,0,84,,8455,5,,,0,80,,8456,5,,,0,35,,8458,5,,,0,70,,8459,5,,,0,30,,8460,5,,,0,70,,8461,5,,,0,30,,8462,5,,,0,70,,8463,5,,,0,30,,8464,5,,,0,70,,8465,5,,,0,30,,8466,5,,,0,70,,8467,5,,,0,30,,8468,5,,,0,70,,8469,5,,,0,30,,8470,5,,,0,70,,8471,5,,,0,30,,8472,5,,,0,70,,8473,5,,,0,30,,8474,5,,,0,70,,8475,5,,,0,37,,8476,5,,,0,85,,8477,5,,,0,81,,8478,5,,,0,45,,8479,5,,,0,85,,8480,5,,,0,85,,8457,5,,,0
15029,'996',831,,8481,5,,,0,80,,8482,5,,,0,40,,8483,5,,,0,83,,8484,5,,,0,83,,8485,5,,,0,85,,8486,5,,,0,45,,8487,5,,,0,85,,8488,5,,,0,85,,8489,5,,,0,85,,8490,5,,,0,45,,8491,5,,,0,85,,8492,5,,,0,85,,8493,5,,,0,85,,8494,5,,,0,41,,8495,5,,,0,85,,8496,5,,,0,85,,8497,5,,,0,45,,8498,5,,,0,85,,8499,5,,,0,85,,8500,5,,,0
130003029,'993',817,,9480,13,,,0,20,,9505,13,0,9,0,20,,9481,13,,,0,60,,9511,13,0,9,0,20,,9482,13,,,0,20,,9508,13,0,9,0,60,,9483,13,,,0,22,,9509,13,0,9,0,61,,9484,13,,,0,22,,9507,13,0,9,0,23,,9485,13,,,0,62,,9510,13,0,9,0,23,,9486,13,,,0,22,,9506,13,0,9,0,63,,9487,13,,,0,22,,9488,13,0,9,0,63,,9489,13,,,0,22,,9490,13,0,9,0,23,,9491,13,,,0,62,,9492,13,0,9,0,23,,9493,13,,,0,22,,9494,13,0,9,0,63,,9495,13,,,0,22,,9496,13,0,9,0,63,,9497,13,,,0,22,,9498,13,0,9,0,24,,9499,13,,,0,62,,9513,13,0,9,0,23,,9512,13,,,0,85,,9500,13,,,0,85,,9501,13,,,0,45,,9502,13,,,0,85,,9503,13,,,0,85,,9504,13,,,0,84,,9514,13,0,9,0
130003029,'994',617,,9556,13,,,0,15,,9557,13,0,10 11,0,26,,9558,14,0,10 11,0,55,,9559,14,,,0,15,,9560,14,0,10 11,0,15,,9561,14,,,0,15,,9562,14,0,10 11,0,55,,9563,14,,,0,15,,9564,14,0,10 11,0,15,,9565,14,,,0,15,,9566,14,0,10 11,0,55,,9567,14,,,0,15,,9568,14,0,10 11,0,15,,9569,14,,,0,15,,9570,14,0,10 11,0,55,,9515,14,,,0,15,,9516,14,0,10 11,0,15,,9517,14,,,0,15,,9518,14,0,10 11,0,55,,9519,14,,,0,15,,9520,14,0,10 11,0,15,,9521,14,,,0,15,,9522,14,0,10 11,0,55,,9523,14,,,0,15,,9524,14,0,10 11,0,15,,9525,14,,,0,15,,9526,14,0,10 11,0,55,,9527,14,,,0,15,,9528,14,0,10 11,0,15,,9529,14,,,0,15,,9530,14,0,10 11,0,55,,9531,14,,,0,15,,9532,14,0,10 11,0,15,,9533,14,,,0,15,,9534,14,0,10 11,0,55,,9535,14,,,0,15,,9536,14,0,10 11,0,15,,9537,14,,,0,15,,9538,14,0,10 11,0,55,,9539,14,,,0,15,,9540,14,0,10 11,0,15,,9541,14,,,0,15,,9542,14,0,10 11,0,55,,9543,14,,,0,15,,9544,14,0,10 11,0,15,,9545,14,,,0,57,,9553,14,0,10 11,0,15,,9552,14,,,0,15,,9554,14,0,10 11,0,15,,9546,14,,,0,8,,9555,13,0,9,0,55,,9550,13,0,9,0,22,,9571,13,,,0,23,,9549,13,0,9,0,62,,9572,13,,,0,23,,9548,13,0,9,0,62,,9573,13,,,0,23,,9547,13,0,9,0,22,,9575,13,,,0,63,,9577,13,0,9,0,22,,9551,13,,,0,84,,9574,13,0,9,0,43,,9576,13,0,9,0,79,,9578,13,0,9,0
130003029,'995',607,,9579,13,0,9,0,20,,9580,13,,,0,20,,9581,13,0,9,0,60,,9582,13,,,0,20,,9583,13,0,9,0,20,,9584,13,,,0,60,,9585,13,0,9,0,20,,9586,13,,,0,20,,9587,13,0,9,0,60,,9588,13,,,0,20,,9589,13,0,9,0,20,,9590,13,,,0,68,,9591,14,,,0,15,,9592,14,0,10 11,0,15,,9593,14,,,0,55,,9594,14,0,10 11,0,15,,9595,14,,,0,15,,9596,14,0,10 11,0,15,,9597,14,,,0,55,,9598,14,0,10 11,0,15,,9599,14,,,0,15,,9600,14,0,10 11,0,15,,9601,14,,,0,55,,9602,14,0,10 11,0,15,,9603,14,,,0,15,,9604,14,0,10 11,0,15,,9605,14,,,0,55,,9606,14,0,10 11,0,15,,9607,14,,,0,15,,9608,14,0,10 11,0,15,,9609,14,,,0,55,,9610,14,0,10 11,0,15,,9611,14,,,0,15,,9612,14,0,10 11,0,15,,9613,14,,,0,55,,9614,14,0,10 11,0,15,,9615,14,,,0,15,,9616,14,0,10 11,0,15,,9617,14,,,0,55,,9618,14,0,10 11,0,15,,9619,14,,,0,15,,9620,14,0,10 11,0,15,,9637,14,,,0,55,,9638,14,0,10 11,0,15,,9632,14,,,0,15,,9633,14,0,10 11,0,15,,9635,14,,,0,8,,9636,13,0,9,0,55,,9634,13,0,9,0,22,,9639,13,,,0,23,,9626,13,0,9,0,62,,9621,13,,,0,23,,9627,13,0,9,0,62,,9622,13,,,0,23,,9628,13,0,9,0,22,,9623,13,,,0,63,,9629,13,0,9,0,22,,9624,13,,,0,84,,9625,13,0,9,0,43,,9630,13,0,9,0,79,,9631,13,0,9,0
130003029,'996',817,,9640,13,,,0,20,,9665,13,0,9,0,20,,9641,13,,,0,60,,9671,13,0,9,0,20,,9642,13,,,0,20,,9668,13,0,9,0,60,,9643,13,,,0,22,,9669,13,0,9,0,61,,9644,13,,,0,22,,9667,13,0,9,0,23,,9645,13,,,0,62,,9670,13,0,9,0,23,,9646,13,,,0,22,,9666,13,0,9,0,63,,9647,13,,,0,22,,9648,13,0,9,0,63,,9649,13,,,0,22,,9650,13,0,9,0,23,,9651,13,,,0,62,,9652,13,0,9,0,23,,9653,13,,,0,22,,9654,13,0,9,0,63,,9655,13,,,0,22,,9656,13,0,9,0,63,,9657,13,,,0,22,,9658,13,0,9,0,24,,9659,13,,,0,62,,9673,13,0,9,0,23,,9672,13,,,0,85,,9660,13,,,0,85,,9661,13,,,0,45,,9662,13,,,0,85,,9663,13,,,0,85,,9664,13,,,0,84,,9674,13,0,9,0
