1019,'1038',800,,17931,18,,,0,40,,17932,18,,,0,60,,17952,18,,,0,20,,17933,18,,,0,20,,17934,18,,,0,60,,17954,18,,,0,20,,17935,18,,,0,20,,17956,18,,,0,64,,17936,18,,,0,22,,17958,18,,,0,23,,17937,18,,,0,62,,17953,18,,,0,23,,17938,18,,,0,22,,17955,18,,,0,63,,17939,18,,,0,22,,17957,18,,,0,63,,17940,18,,,0,22,,17959,18,,,0,23,,17941,18,,,0,62,,17960,18,,,0,23,,17942,18,,,0,22,,17961,18,,,0,63,,17943,18,,,0,22,,17962,18,,,0,63,,17944,18,,,0,22,,17963,18,,,0,23,,17964,18,,,0,62,,17945,18,,,0,23,,17965,18,,,0,22,,17946,18,,,0,85,,17948,18,,,0,85,,17947,18,,,0,85,,17949,18,,,0,45,,17951,18,,,0,85,,17950,18,,,0,83,,17966,18,,,0
1019,'1039',612,,17967,18,,,0,30,,17968,18,,,0,70,,17969,18,,,0,30,,17970,18,,,0,70,,17971,18,,,0,30,,17972,18,,,0,70,,17973,18,,,0,30,,17974,18,,,0,70,,17975,18,,,0,30,,17976,18,,,0,70,,17977,18,,,0,30,,17978,18,,,0,70,,17979,18,,,0,30,,17980,18,,,0,70,,17981,18,,,0,30,,17982,18,,,0,70,,17983,18,,,0,30,,17984,18,,,0,70,,17985,18,,,0,30,,17986,18,,,0,70,,17987,18,,,0,30,,17988,18,,,0,70,,17989,18,,,0,30,,17990,18,,,0,70,,17991,18,,,0,30,,17993,18,,,0,68,,18000,18,,,0,45,,17995,18,,,0,85,,17994,18,,,0,86,,17996,18,,,0,85,,17997,18,,,0,45,,17998,18,,,0,85,,17992,18,,,0,77,,17999,18,,,0
1019,'1040',609,,18001,18,,,0,40,,18002,18,,,0,80,,18003,18,,,0,80,,18004,18,,,0,40,,18005,18,,,0,80,,18006,18,,,0,20,,18033,18,,,0,60,,18031,18,,,0,33,,18011,18,,,0,70,,18010,18,,,0,30,,18013,18,,,0,70,,18012,18,,,0,30,,18015,18,,,0,70,,18014,18,,,0,30,,18017,18,,,0,70,,18016,18,,,0,30,,18019,18,,,0,70,,18018,18,,,0,30,,18021,18,,,0,70,,18020,18,,,0,30,,18023,18,,,0,70,,18022,18,,,0,30,,18009,18,,,0,70,,18024,18,,,0,30,,18032,18,,,0,69,,18026,18,,,0,45,,18025,18,,,0,85,,18027,18,,,0,85,,18029,18,,,0,85,,18028,18,,,0,43,,18007,18,,,0,85,,18030,18,,,0,80,,18008,18,,,0
1019,'996',800,,18034,18,,,0,40,,18035,18,,,0,60,,18055,18,,,0,20,,18036,18,,,0,20,,18037,18,,,0,60,,18057,18,,,0,20,,18038,18,,,0,20,,18059,18,,,0,64,,18039,18,,,0,22,,18061,18,,,0,23,,18040,18,,,0,62,,18056,18,,,0,23,,18041,18,,,0,22,,18058,18,,,0,63,,18042,18,,,0,22,,18060,18,,,0,63,,18043,18,,,0,22,,18062,18,,,0,23,,18044,18,,,0,62,,18063,18,,,0,23,,18045,18,,,0,22,,18064,18,,,0,63,,18046,18,,,0,22,,18065,18,,,0,63,,18047,18,,,0,22,,18066,18,,,0,23,,18067,18,,,0,62,,18048,18,,,0,23,,18068,18,,,0,22,,18049,18,,,0,85,,18051,18,,,0,85,,18050,18,,,0,85,,18052,18,,,0,45,,18054,18,,,0,85,,18053,18,,,0,83,,18069,18,,,0
8019,'1038',1008,,18847,51,0,6,0,40,,18831,51,0,6,0,83,,18832,51,0,6,0,87,,18849,51,0,6,0,85,,18833,51,0,6,0,45,,18850,51,0,6,0,85,,18834,51,0,6,0,85,,18851,51,0,6,0,85,,18835,51,0,6,0,45,,18852,51,0,6,0,83,,18836,51,0,6,0
8019,'1039',652,,18914,51,0,6,0,76,,18915,51,0,6,0,25,,18916,51,0,6,0,70,,18917,51,0,6,0,30,,18918,51,0,6,0,70,,18919,51,0,6,0,30,,18920,51,0,6,0,70,,18921,51,0,6,0,30,,18870,51,0,6,0,70,,18871,51,0,6,0,30,,18872,51,0,6,0,70,,18873,51,0,6,0,34,,18874,51,0,6,0,70,,18875,51,0,6,0,30,,18876,51,0,6,0,70,,18877,51,0,6,0,30,,18878,51,0,6,0,70,,18879,51,0,6,0,30,,18880,51,0,6,0,70,,18881,51,0,6,0,30,,18882,51,0,6,0,70,,18883,51,0,6,0,30,,18884,51,0,6,0,70,,18885,51,0,6,0,27,,18908,51,0,6,0,70,,18903,51,0,6,0
8019,'1040',938,,18946,51,0,6,0,80,,18947,51,0,6,0,35,,18948,51,0,6,0,70,,18949,51,0,6,0,30,,18950,51,0,6,0,70,,18951,51,0,6,0,30,,18952,51,0,6,0,74,,18953,51,0,6,0,30,,18954,51,0,6,0,70,,18955,51,0,6,0,30,,18956,51,0,6,0,70,,18957,51,0,6,0,30,,18958,51,0,6,0,70,,18959,51,0,6,0,30,,18960,51,0,6,0,70,,18961,51,0,6,0,30,,18962,51,0,6,0,70,,18963,51,0,6,0,21,,18987,51,0,6,0,70,,18990,51,0,6,0
8019,'996',1008,,19008,51,0,6,0,40,,18992,51,0,6,0,83,,18993,51,0,6,0,87,,19010,51,0,6,0,85,,18994,51,0,6,0,45,,19011,51,0,6,0,85,,18995,51,0,6,0,85,,19012,51,0,6,0,85,,18996,51,0,6,0,45,,19013,51,0,6,0,83,,18997,51,0,6,0
12019,'1039',630,,19544,10,,,0,72,,19545,26,,,0,29,,19546,26,,,0,70,,19547,26,,,0,30,,19548,26,,,0,70,,19549,26,,,0,30,,19550,26,,,0,70,,19551,26,,,0,30,,19528,26,,,0,70,,19529,26,,,0,30,,19530,26,,,0,70,,19531,26,,,0,30,,19532,26,,,0,70,,19533,26,,,0,30,,19534,26,,,0,70,,19535,26,,,0,30,,19536,26,,,0,70,,19537,26,,,0,30,,19538,26,,,0,70,,19539,26,,,0,30,,19540,26,,,0,70,,19541,26,,,0,30,,19542,26,,,0,70,,19543,26,,,0,30,,19527,26,,,0,70,,19552,26,,,0
12019,'1040',642,,19553,10,,,0,75,,19554,26,,,0,27,,19555,26,,,0,80,,19556,26,,,0,80,,19557,26,,,0,40,,19558,26,,,0,80,,19559,26,,,0,77,,19560,26,,,0,30,,19561,26,,,0,70,,19562,26,,,0,30,,19563,26,,,0,70,,19564,26,,,0,30,,19565,26,,,0,70,,19566,26,,,0,30,,19567,26,,,0,70,,19568,26,,,0,30,,19569,26,,,0,70,,19570,26,,,0,30,,19571,26,,,0,70,,19572,26,,,0,30,,19573,26,,,0,70,,19574,26,,,0,30,,19575,26,,,0,70,,19576,26,,,0
15019,'1038',828,,19897,20,4,,0,80,,19898,20,4,,0,40,,19899,20,4,,0,80,,19900,20,,,0,83,,19901,20,,,0,45,,19902,20,,,0,85,,19903,20,,,0,85,,19904,20,,,0,85,,19905,20,,,0,45,,19906,20,,,0,85,,19907,20,,,0,85,,19908,20,,,0,85,,19909,20,,,0,45,,19910,20,,,0,84,,19911,20,4,,0,85,,19912,20,4,,0,85,,19913,20,4,,0,45,,19914,20,4,,0,85,,19915,20,4,,0,85,,19916,20,4,,0
15019,'1039',702,,19917,20,,,0,30,,19918,20,,,0,70,,19919,20,,,0,30,,19920,20,,,0,70,,19921,20,,,0,30,,19922,20,,,0,70,,19923,20,,,0,30,,19924,20,,,0,70,,19925,20,,,0,30,,19926,20,,,0,70,,19927,20,,,0,30,,19928,20,,,0,70,,19929,20,,,0,30,,19930,20,,,0,70,,19931,20,,,0,30,,19932,20,,,0,70,,19933,20,,,0,30,,19934,20,,,0,70,,19935,20,,,0,30,,19936,20,,,0,70,,19937,20,,,0,30,,19938,20,,,0,70,,19939,20,,,0,30,,19940,20,,,0,70,,19941,20,,,0,40,,19942,20,,,0,85,,19943,20,,,0,83,,19944,20,4,,0,45,,19946,20,4,,0,85,,19947,20,4,,0,85,,19945,20,4,,0
15019,'1040',638,,19948,20,4,,0,80,,19950,20,4,,0,40,,19951,20,4,,0,80,,19949,20,4,,0,81,,19952,20,,,0,40,,19953,20,,,0,75,,19955,20,,,0,70,,19956,20,,,0,30,,19957,20,,,0,70,,19958,20,,,0,30,,19959,20,,,0,70,,19960,20,,,0,30,,19961,20,,,0,70,,19962,20,,,0,30,,19963,20,,,0,70,,19964,20,,,0,30,,19965,20,,,0,70,,19966,20,,,0,30,,19967,20,,,0,70,,19968,20,,,0,30,,19969,20,,,0,70,,19970,20,,,0,30,,19971,20,,,0,70,,19972,20,,,0,37,,19973,20,,,0,85,,19974,20,,,0,84,,19975,20,4,,0,45,,19976,20,4,,0,85,,19977,20,4,,0,85,,19954,20,4,,0
15019,'996',828,,19978,20,4,,0,80,,19979,20,4,,0,40,,19980,20,4,,0,80,,19981,20,,,0,83,,19982,20,,,0,45,,19983,20,,,0,85,,19984,20,,,0,85,,19985,20,,,0,85,,19986,20,,,0,45,,19987,20,,,0,85,,19988,20,,,0,85,,19989,20,,,0,85,,19990,20,,,0,45,,19991,20,,,0,84,,19992,20,4,,0,85,,19993,20,4,,0,85,,19994,20,4,,0,45,,19995,20,4,,0,85,,19996,20,4,,0,85,,19997,20,4,,0
15029,'1038',828,,19998,1,,,0,80,,19999,1,,,0,40,,20000,1,,,0,892,,20012,1,,,0,85,,20013,1,,,0,85,,20014,1,,,0,45,,20015,1,,,0,85,,20016,1,,,0,85,,20017,1,,,0
15029,'1039',2110,,20046,1,,,0,45,,20048,1,,,0,85,,20049,1,,,0,85,,20047,1,,,0
15029,'1040',638,,20050,1,,,0,80,,20052,1,,,0,40,,20053,1,,,0,80,,20051,1,,,0,1272,,20077,1,,,0,45,,20078,1,,,0,85,,20079,1,,,0,85,,20056,1,,,0
15029,'996',828,,20080,1,,,0,80,,20081,1,,,0,40,,20082,1,,,0,892,,20094,1,,,0,85,,20095,1,,,0,85,,20096,1,,,0,45,,20097,1,,,0,85,,20098,1,,,0,85,,20099,1,,,0
130003019,'1039',701,,20965,17,,,0,15,,20966,17,0,13,0,15,,20967,17,,,0,15,,20968,17,0,13,0,55,,20969,17,,,0,15,,20970,17,0,13,0,15,,20971,17,,,0,15,,20972,17,0,13,0,55,,20973,17,,,0,15,,20974,17,0,13,0,15,,20975,17,,,0,15,,20976,17,0,13,0,55,,20962,17,,,0,15,,20920,17,0,13,0,15,,20921,17,,,0,15,,20922,17,0,13,0,55,,20923,17,,,0,15,,20924,17,0,13,0,15,,20925,17,,,0,15,,20926,17,0,13,0,55,,20927,17,,,0,15,,20928,17,0,13,0,15,,20929,17,,,0,15,,20930,17,0,13,0,55,,20931,17,,,0,15,,20932,17,0,13,0,15,,20933,17,,,0,15,,20934,17,0,13,0,55,,20935,17,,,0,15,,20936,17,0,13,0,15,,20937,17,,,0,15,,20938,17,0,13,0,55,,20939,17,,,0,15,,20940,17,0,13,0,15,,20941,17,,,0,15,,20942,17,0,13,0,55,,20943,17,,,0,15,,20944,17,0,13,0,15,,20945,17,,,0,15,,20946,17,0,13,0,55,,20947,17,,,0,15,,20948,17,0,13,0,11,,20949,17,,,0,19,,20950,17,0,13,0,55,,20951,17,,,0,15,,20957,17,0,13,0,15,,20959,17,,,0,15,,20955,17,0,13,0,55,,20960,17,,,0
130003019,'1040',1016,,20995,17,0,13,0,15,,20996,17,,,0,15,,20997,17,0,13,0,55,,20998,17,,,0,15,,20999,17,0,13,0,15,,21000,17,,,0,15,,21001,17,0,13,0,55,,21002,17,,,0,15,,21003,17,0,13,0,15,,21004,17,,,0,15,,21005,17,0,13,0,55,,21006,17,,,0,15,,21007,17,0,13,0,15,,21008,17,,,0,15,,21009,17,0,13,0,55,,21010,17,,,0,15,,21011,17,0,13,0,15,,21012,17,,,0,15,,21013,17,0,13,0,55,,21014,17,,,0,15,,21015,17,0,13,0,15,,21016,17,,,0,15,,21017,17,0,13,0,55,,21018,17,,,0,15,,21019,17,0,13,0,15,,21020,17,,,0,15,,21021,17,0,13,0,55,,21022,17,,,0,15,,21023,17,0,13,0,15,,21024,17,,,0,15,,21025,17,0,13,0,55,,21026,17,,,0,15,,21027,17,0,13,0,15,,21042,17,,,0,15,,21034,17,0,13,0
