1019,'1038',802,,17931,19,,,0,40,,17932,19,,,0,60,,17952,19,,,0,20,,17933,19,,,0,20,,17934,19,,,0,60,,17954,19,,,0,20,,17935,19,,,0,20,,17956,19,,,0,64,,17936,19,,,0,22,,17958,19,,,0,23,,17937,19,,,0,62,,17953,19,,,0,23,,17938,19,,,0,22,,17955,19,,,0,63,,17939,19,,,0,22,,17957,19,,,0,63,,17940,19,,,0,22,,17959,19,,,0,23,,17941,19,,,0,62,,17960,19,,,0,23,,17942,19,,,0,22,,17961,19,,,0,63,,17943,19,,,0,22,,17962,19,,,0,63,,17944,19,,,0,22,,17963,19,,,0,23,,17964,19,,,0,62,,17945,19,,,0
1019,'1039',616,2,17967,19,,,0,30,2,17968,19,,,0,70,2,17969,19,,,0,30,2,17970,19,,,0,70,2,17971,19,,,0,30,2,17972,19,,,0,70,2,17973,19,,,0,30,2,17974,19,,,0,70,2,17975,19,,,0,30,2,17976,19,,,0,70,2,17977,19,,,0,30,2,17978,19,,,0,70,2,17979,19,,,0,30,2,17980,19,,,0,70,2,17981,19,,,0,30,2,17982,19,,,0,70,2,17983,19,,,0,30,2,17984,19,,,0,70,2,17985,19,,,0,30,2,17986,19,,,0,70,2,17987,19,,,0,30,2,17988,19,,,0,70,2,17989,19,,,0,30,2,17990,19,,,0,70,2,17991,19,,,0,30,2,17993,19,,,0,66,,18000,19,,,0,45,,17995,19,,,0,85,,17994,19,,,0
1019,'1040',611,,18001,19,,,0,40,,18002,19,,,0,80,,18003,19,,,0,80,,18004,19,,,0,40,,18005,19,,,0,80,,18006,19,,,0,20,,18033,19,,,0,60,,18031,19,,,0,35,2,18011,19,,,0,70,2,18010,19,,,0,30,2,18013,19,,,0,70,2,18012,19,,,0,30,2,18015,19,,,0,70,2,18014,19,,,0,30,2,18017,19,,,0,70,2,18016,19,,,0,30,2,18019,19,,,0,70,2,18018,19,,,0,30,2,18021,19,,,0,70,2,18020,19,,,0,30,2,18023,19,,,0,70,2,18022,19,,,0,30,2,18009,19,,,0,70,2,18024,19,,,0,30,2,18032,19,,,0
1019,'996',802,,18034,19,,,0,40,,18035,19,,,0,60,,18055,19,,,0,20,,18036,19,,,0,20,,18037,19,,,0,60,,18057,19,,,0,20,,18038,19,,,0,20,,18059,19,,,0,64,,18039,19,,,0,22,,18061,19,,,0,23,,18040,19,,,0,62,,18056,19,,,0,23,,18041,19,,,0,22,,18058,19,,,0,63,,18042,19,,,0,22,,18060,19,,,0,63,,18043,19,,,0,22,,18062,19,,,0,23,,18044,19,,,0,62,,18063,19,,,0,23,,18045,19,,,0,22,,18064,19,,,0,63,,18046,19,,,0,22,,18065,19,,,0,63,,18047,19,,,0,22,,18066,19,,,0,23,,18067,19,,,0,62,,18048,19,,,0
8019,'1038',1010,,18847,52,4,,0,3,,18854,1,,,0,37,,18831,52,4,,0,3,,18838,1,,,0,80,,18832,52,4,,0,3,,18855,1,,,0,84,,18849,52,4,,0,1,,18839,1,,,0,84,,18833,52,4,,0,1,,18856,1,,,0,44,,18850,52,4,,0,1,,18840,1,,,0,84,,18834,52,4,,0,1,,18857,1,,,0,84,,18851,52,4,,0,1,,18830,1,,,0,84,,18835,52,4,,0,1,,18841,1,,,0,44,,18852,52,4,,0,1,,18842,1,,,0,82,,18836,52,4,,0,3,,18843,1,,,0
8019,'1039',640,,18922,1,,,0,14,,18914,52,4,,0,3,,18923,1,,,0,73,,18915,52,4,,0,1,,18924,1,,,0,24,,18916,52,4,,0,1,,18925,1,,,0,69,,18917,52,4,,0,1,,18926,1,,,0,29,,18918,52,4,,0,1,,18927,1,,,0,69,,18919,52,4,,0,1,,18928,1,,,0,29,,18920,52,4,,0,1,,18886,1,,,0,69,,18921,52,4,,0,1,,18887,1,,,0,29,,18870,52,4,,0,1,,18888,1,,,0,69,,18871,52,4,,0,1,,18889,1,,,0,29,,18872,52,4,,0,1,,18890,1,,,0,69,,18873,52,4,,0,1,,18891,1,,,0,33,,18874,52,4,,0,41,,18892,1,,,0,29,,18875,52,4,,0,1,,18893,1,,,0,29,,18876,52,4,,0,41,,18894,1,,,0,29,,18877,52,4,,0,1,,18895,1,,,0,29,,18878,52,4,,0,41,,18896,1,,,0,29,,18879,52,4,,0,1,,18897,1,,,0,29,,18880,52,4,,0,41,,18898,1,,,0,29,,18881,52,4,,0,1,,18899,1,,,0,29,,18882,52,4,,0,41,,18900,1,,,0,29,,18883,52,4,,0,1,,18901,1,,,0,29,,18884,52,4,,0,41,,18929,1,,,0,29,,18885,52,4,,0,1,,18910,1,,,0,26,,18908,52,4,,0,1,,18911,1,,,0,69,,18903,52,4,,0
8019,'1040',940,,18969,1,,,0,65,,18970,1,,,0,15,,18947,52,4,,0,2,,18971,1,,,0,33,,18948,52,4,,0,3,,18972,1,,,0,67,,18949,52,4,,0,3,,18973,1,,,0,27,,18950,52,4,,0,3,,18974,1,,,0,67,,18951,52,4,,0,3,,18975,1,,,0,27,,18952,52,4,,0,3,,18976,1,,,0,71,,18953,52,4,,0,1,,18977,1,,,0,29,,18954,52,4,,0,41,,18978,1,,,0,29,,18955,52,4,,0,1,,18979,1,,,0,29,,18956,52,4,,0,41,,18980,1,,,0,29,,18957,52,4,,0,1,,18981,1,,,0,29,,18958,52,4,,0,41,,18982,1,,,0,29,,18959,52,4,,0,1,,18983,1,,,0,29,,18960,52,4,,0,41,,18984,1,,,0,29,,18961,52,4,,0,1,,18985,1,,,0,29,,18962,52,4,,0,41,,18986,1,,,0,29,,18963,52,4,,0,1,,18989,1,,,0,20,,18987,52,4,,0,7,,18988,1,,,0,63,,18990,52,4,,0
8019,'996',1010,,19008,52,4,,0,3,,19015,1,,,0,37,,18992,52,4,,0,3,,18999,1,,,0,80,,18993,52,4,,0,3,,19016,1,,,0,84,,19010,52,4,,0,1,,19000,1,,,0,84,,18994,52,4,,0,1,,19017,1,,,0,44,,19011,52,4,,0,1,,19001,1,,,0,84,,18995,52,4,,0,1,,19018,1,,,0,84,,19012,52,4,,0,1,,18991,1,,,0,84,,18996,52,4,,0,1,,19002,1,,,0,44,,19013,52,4,,0,1,,19003,1,,,0,82,,18997,52,4,,0,3,,19004,1,,,0
15019,'1038',1030,,19900,21,4,,0,83,,19901,21,4,,0,45,,19902,21,4,,0,85,,19903,21,4,,0,85,,19904,21,4,,0,85,,19905,21,4,,0,45,,19906,21,4,,0,85,,19907,21,4,,0,85,,19908,21,4,,0,85,,19909,21,4,,0,45,,19910,21,4,,0
15019,'1039',704,,19917,21,4,,0,30,,19918,21,4,,0,70,,19919,21,4,,0,30,,19920,21,4,,0,70,,19921,21,4,,0,30,,19922,21,4,,0,70,,19923,21,4,,0,30,,19924,21,4,,0,70,,19925,21,4,,0,30,,19926,21,4,,0,70,,19927,21,4,,0,30,,19928,21,4,,0,70,,19929,21,4,,0,30,,19930,21,4,,0,70,,19931,21,4,,0,30,,19932,21,4,,0,70,,19933,21,4,,0,30,,19934,21,4,,0,70,,19935,21,4,,0,30,,19936,21,4,,0,70,,19937,21,4,,0,30,,19938,21,4,,0,70,,19939,21,4,,0,30,,19940,21,4,,0,70,,19941,21,4,,0,40,,19942,21,4,,0,85,,19943,21,4,,0
15019,'1040',921,,19952,21,4,,0,80,,19953,21,4,,0,35,,19955,21,4,,0,70,,19956,21,4,,0,30,,19957,21,4,,0,70,,19958,21,4,,0,30,,19959,21,4,,0,70,,19960,21,4,,0,30,,19961,21,4,,0,70,,19962,21,4,,0,30,,19963,21,4,,0,70,,19964,21,4,,0,30,,19965,21,4,,0,70,,19966,21,4,,0,30,,19967,21,4,,0,70,,19968,21,4,,0,30,,19969,21,4,,0,70,,19970,21,4,,0,30,,19971,21,4,,0,70,,19972,21,4,,0,37,,19973,21,4,,0,85,,19974,21,4,,0
15019,'996',1030,,19981,21,4,,0,83,,19982,21,4,,0,45,,19983,21,4,,0,85,,19984,21,4,,0,85,,19985,21,4,,0,85,,19986,21,4,,0,45,,19987,21,4,,0,85,,19988,21,4,,0,85,,19989,21,4,,0,85,,19990,21,4,,0,45,,19991,21,4,,0
15029,'1038',1030,,20001,1,,,0,83,,20002,1,,,0,45,,20003,1,,,0,85,,20004,1,,,0,85,,20005,1,,,0,85,,20006,1,,,0,45,,20007,1,,,0,85,,20008,1,,,0,85,,20009,1,,,0,85,,20010,1,,,0,45,,20011,1,,,0
15029,'1039',637,,20018,1,,,0,67,,20019,1,,,0,30,,20020,1,,,0,70,,20021,1,,,0,30,,20022,1,,,0,70,,20023,1,,,0,30,,20024,1,,,0,70,,20025,1,,,0,30,,20026,1,,,0,70,,20027,1,,,0,30,,20028,1,,,0,70,,20029,1,,,0,30,,20030,1,,,0,70,,20031,1,,,0,30,,20032,1,,,0,70,,20033,1,,,0,30,,20034,1,,,0,70,,20035,1,,,0,30,,20036,1,,,0,70,,20037,1,,,0,30,,20038,1,,,0,70,,20039,1,,,0,30,,20040,1,,,0,70,,20041,1,,,0,30,,20042,1,,,0,70,,20043,1,,,0,40,,20044,1,,,0,85,,20045,1,,,0
15029,'1040',921,,20054,1,,,0,80,,20055,1,,,0,35,,20057,1,,,0,70,,20058,1,,,0,30,,20059,1,,,0,70,,20060,1,,,0,30,,20061,1,,,0,70,,20062,1,,,0,30,,20063,1,,,0,70,,20064,1,,,0,30,,20065,1,,,0,70,,20066,1,,,0,30,,20067,1,,,0,70,,20068,1,,,0,30,,20069,1,,,0,70,,20070,1,,,0,30,,20071,1,,,0,70,,20072,1,,,0,30,,20073,1,,,0,70,,20074,1,,,0,37,,20075,1,,,0,85,,20076,1,,,0
15029,'996',1030,,20083,1,,,0,83,,20084,1,,,0,45,,20085,1,,,0,85,,20086,1,,,0,85,,20087,1,,,0,85,,20088,1,,,0,45,,20089,1,,,0,85,,20090,1,,,0,85,,20091,1,,,0,85,,20092,1,,,0,45,,20093,1,,,0
130003019,'1039',705,,20965,18,,,0,15,,20966,18,0,13,0,15,,20967,18,,,0,15,,20968,18,0,13,0,55,,20969,18,,,0,15,,20970,18,0,13,0,15,,20971,18,,,0,15,,20972,18,0,13,0,55,,20973,18,,,0,15,,20974,18,0,13,0,15,,20975,18,,,0,15,,20976,18,0,13,0,55,,20962,18,,,0,15,,20920,18,0,13,0,15,,20921,18,,,0,15,,20922,18,0,13,0,55,,20923,18,,,0,15,,20924,18,0,13,0,15,,20925,18,,,0,15,,20926,18,0,13,0,55,,20927,18,,,0,15,,20928,18,0,13,0,15,,20929,18,,,0,15,,20930,18,0,13,0,55,,20931,18,,,0,15,,20932,18,0,13,0,15,,20933,18,,,0,15,,20934,18,0,13,0,55,,20935,18,,,0,15,,20936,18,0,13,0,15,,20937,18,,,0,15,,20938,18,0,13,0,55,,20939,18,,,0,15,,20940,18,0,13,0,15,,20941,18,,,0,15,,20942,18,0,13,0,55,,20943,18,,,0,15,,20944,18,0,13,0,15,,20945,18,,,0,15,,20946,18,0,13,0,55,,20947,18,,,0,15,,20948,18,0,13,0,10,,20949,18,,,0,20,,20950,18,0,13,0,55,,20951,18,,,0,15,,20957,18,0,13,0,15,,20959,18,,,0,15,,20955,18,0,13,0,55,,20960,18,,,0
130003019,'1040',1020,,20995,18,0,13,0,15,,20996,18,,,0,15,,20997,18,0,13,0,55,,20998,18,,,0,15,,20999,18,0,13,0,15,,21000,18,,,0,15,,21001,18,0,13,0,55,,21002,18,,,0,15,,21003,18,0,13,0,15,,21004,18,,,0,15,,21005,18,0,13,0,55,,21006,18,,,0,15,,21007,18,0,13,0,15,,21008,18,,,0,15,,21009,18,0,13,0,55,,21010,18,,,0,15,,21011,18,0,13,0,15,,21012,18,,,0,15,,21013,18,0,13,0,55,,21014,18,,,0,15,,21015,18,0,13,0,15,,21016,18,,,0,15,,21017,18,0,13,0,55,,21018,18,,,0,15,,21019,18,0,13,0,15,,21020,18,,,0,15,,21021,18,0,13,0,55,,21022,18,,,0,15,,21023,18,0,13,0,15,,21024,18,,,0,15,,21025,18,0,13,0,55,,21026,18,,,0,15,,21027,18,0,13,0,15,,21042,18,,,0,15,,21034,18,0,13,0
