2019,'1038',900,,18231,16,,,0,40,,18241,16,,,0,80,,18232,16,,,0,82,,18223,16,,,0,40,,18233,16,,,0,90,,18224,16,,,0,85,,18234,16,,,0,85,,18225,16,,,0,45,,18235,16,,,0,85,,18226,16,,,0,85,,18236,16,,,0,85,,18230,16,,,0,45,,18227,16,,,0,85,,18240,16,,,0,85,,18237,16,,,0,85,,18238,16,,,0,45,,18239,16,,,0,85,,18228,16,,,0,85,,18229,16,,,0,85,,18242,16,,,0
2019,'1039',701,,18284,16,,,0,34,,18285,16,,,0,70,,18286,16,,,0,30,,18287,16,,,0,69,,18288,16,,,0,31,,18289,16,,,0,70,,18290,16,,,0,30,,18253,16,,,0,70,,18254,16,,,0,30,,18255,16,,,0,70,,18256,16,,,0,30,,18257,16,,,0,70,,18258,16,,,0,30,,18259,16,,,0,70,,18260,16,,,0,30,,18261,16,,,0,70,,18262,16,,,0,30,,18263,16,,,0,70,,18264,16,,,0,30,,18265,16,,,0,70,,18266,16,,,0,30,,18267,16,,,0,70,,18268,16,,,0,30,,18251,16,,,0,70,,18252,16,,,0,30,,18305,16,,,0,85,,18306,16,,,0,85,,18307,16,,,0,45,,18303,16,,,0,85,,18304,16,,,0,85,,18308,16,,,0,84,,18300,16,,,0,16,,18302,16,,,0
2019,'1040',626,,18309,16,,,0,80,,18310,16,,,0,40,,18311,16,,,0,80,,18312,16,,,0,80,,18313,16,,,0,42,,18314,16,,,0,85,,18315,16,,,0,70,,18316,16,,,0,30,,18317,16,,,0,70,,18318,16,,,0,30,,18319,16,,,0,70,,18320,16,,,0,30,,18321,16,,,0,70,,18322,16,,,0,30,,18323,16,,,0,70,,18324,16,,,0,30,,18325,16,,,0,70,,18326,16,,,0,30,,18327,16,,,0,70,,18328,16,,,0,30,,18329,16,,,0,70,,18330,16,,,0,30,,18331,16,,,0,70,,18332,16,,,0,30,,18333,16,,,0,84,,18334,16,,,0,83,,18335,16,,,0,45,,18336,16,,,0,85,,18337,16,,,0,85,,18368,16,,,0,85,,18367,16,,,0,15,,18371,16,,,0
2019,'996',900,,18399,16,,,0,40,,18409,16,,,0,80,,18400,16,,,0,82,,18391,16,,,0,40,,18401,16,,,0,90,,18392,16,,,0,85,,18402,16,,,0,85,,18393,16,,,0,45,,18403,16,,,0,85,,18394,16,,,0,85,,18404,16,,,0,85,,18398,16,,,0,45,,18395,16,,,0,85,,18408,16,,,0,85,,18405,16,,,0,85,,18406,16,,,0,45,,18407,16,,,0,85,,18396,16,,,0,85,,18397,16,,,0,85,,18410,16,,,0
11019,'1039',622,,19455,11,,,0,30,,19456,11,,,0,70,,19457,11,,,0,30,,19458,11,,,0,70,,19459,11,,,0,30,,19460,11,,,0,70,,19461,11,,,0,30,,19462,11,,,0,70,,19439,11,,,0,30,,19440,11,,,0,70,,19441,11,,,0,30,,19442,11,,,0,70,,19443,11,,,0,30,,19444,11,,,0,70,,19445,11,,,0,30,,19446,11,,,0,70,,19447,11,,,0,30,,19448,11,,,0,70,,19449,11,,,0,30,,19450,11,,,0,70,,19451,11,,,0,30,,19452,11,,,0,70,,19453,11,,,0,30,,19454,11,,,0,70,,19464,11,,,0,30,,19463,11,,,0
11019,'1040',1022,,19465,11,,,0,30,,19466,11,,,0,70,,19467,11,,,0,30,,19468,11,,,0,70,,19469,11,,,0,30,,19470,11,,,0,70,,19471,11,,,0,30,,19472,11,,,0,70,,19473,11,,,0,30,,19474,11,,,0,70,,19475,11,,,0,30,,19476,11,,,0,70,,19477,11,,,0,30,,19478,11,,,0,70,,19479,11,,,0,30,,19480,11,,,0,70,,19481,11,,,0,30,,19482,11,,,0
13029,'1038',902,,19633,15,,,0,40,,19634,15,,,0,80,,19635,15,,,0,80,,19636,15,,,0,46,,19637,15,,,0,85,,19638,15,,,0,85,,19639,15,,,0,85,,19640,15,,,0,45,,19641,15,,,0,85,,19642,15,,,0,85,,19643,15,,,0,85,,19644,15,,,0,45,,19645,15,,,0,85,,19646,15,,,0,85,,19647,15,,,0,84,,19648,15,,,0,44,,19649,15,,,0,85,,19650,15,,,0,85,,19651,15,,,0
13029,'1039',1934,,19657,15,,,0,85,,19652,15,,,0,85,,19653,15,,,0,44,,19655,15,,,0,83,,19654,15,,,0,85,,19656,15,,,0
13029,'1040',630,,19658,15,,,0,80,,19659,15,,,0,40,,19660,15,,,0,80,,19661,15,,,0,81,,19662,15,,,0,40,,19663,15,,,0,982,,19664,15,,,0,85,,19665,15,,,0,85,,19666,15,,,0,45,,19667,15,,,0,85,,19668,15,,,0,85,,19669,15,,,0
13029,'996',902,,19670,15,,,0,40,,19671,15,,,0,80,,19672,15,,,0,80,,19673,15,,,0,46,,19674,15,,,0,85,,19675,15,,,0,85,,19676,15,,,0,85,,19677,15,,,0,45,,19678,15,,,0,85,,19679,15,,,0,85,,19680,15,,,0,85,,19681,15,,,0,45,,19682,15,,,0,85,,19683,15,,,0,85,,19684,15,,,0,84,,19685,15,,,0,44,,19686,15,,,0,85,,19687,15,,,0,85,,19688,15,,,0
