11019,'1039',624,,19455,13,,,0,30,,19456,13,,,0,70,,19457,13,,,0,30,,19458,13,,,0,70,,19459,13,,,0,30,,19460,13,,,0,70,,19461,13,,,0,30,,19462,13,,,0,70,,19439,13,,,0,30,,19440,13,,,0,70,,19441,13,,,0,30,,19442,13,,,0,70,,19443,13,,,0,30,,19444,13,,,0,70,,19445,13,,,0,30,,19446,13,,,0,70,,19447,13,,,0,30,,19448,13,,,0,70,,19449,13,,,0,30,,19450,13,,,0,70,,19451,13,,,0,30,,19452,13,,,0,70,,19453,13,,,0,30,,19454,13,,,0,70,,19464,13,,,0,30,,19463,13,,,0
11019,'1040',1024,,19465,13,,,0,30,,19466,13,,,0,70,,19467,13,,,0,30,,19468,13,,,0,70,,19469,13,,,0,30,,19470,13,,,0,70,,19471,13,,,0,30,,19472,13,,,0,70,,19473,13,,,0,30,,19474,13,,,0,70,,19475,13,,,0,30,,19476,13,,,0,70,,19477,13,,,0,30,,19478,13,,,0,70,,19479,13,,,0,30,,19480,13,,,0,70,,19481,13,,,0,30,,19482,13,,,0
13029,'1038',904,,19633,17,,,0,40,,19634,17,,,0,80,,19635,17,,,0,80,,19636,17,,,0,46,,19637,17,,,0,85,,19638,17,,,0,85,,19639,17,,,0,85,,19640,17,,,0,45,,19641,17,,,0,85,,19642,17,,,0,85,,19643,17,,,0,85,,19644,17,,,0,45,,19645,17,,,0,85,,19646,17,,,0,85,,19647,17,,,0,84,,19648,17,,,0,44,,19649,17,,,0,85,,19650,17,,,0,85,,19651,17,,,0
13029,'1039',1936,,19657,17,,,0,85,,19652,17,,,0,85,,19653,17,,,0,44,,19655,17,,,0,83,,19654,17,,,0,85,,19656,17,,,0
13029,'1040',632,,19658,17,,,0,80,,19659,17,,,0,40,,19660,17,,,0,80,,19661,17,,,0,81,,19662,17,,,0,40,,19663,17,,,0,982,,19664,17,,,0,85,,19665,17,,,0,85,,19666,17,,,0,45,,19667,17,,,0,85,,19668,17,,,0,85,,19669,17,,,0
13029,'996',904,,19670,17,,,0,40,,19671,17,,,0,80,,19672,17,,,0,80,,19673,17,,,0,46,,19674,17,,,0,85,,19675,17,,,0,85,,19676,17,,,0,85,,19677,17,,,0,45,,19678,17,,,0,85,,19679,17,,,0,85,,19680,17,,,0,85,,19681,17,,,0,45,,19682,17,,,0,85,,19683,17,,,0,85,,19684,17,,,0,84,,19685,17,,,0,44,,19686,17,,,0,85,,19687,17,,,0,85,,19688,17,,,0
130003029,'1035',843,,21085,21,0,9,0,80,,21091,21,0,9,0,80,,21088,21,0,9,0,42,,21089,21,0,9,0,83,,21087,21,0,9,0,86,,21090,21,0,9,0,45,,21086,21,0,9,0,85,,21079,21,0,9,0,85,,21080,21,0,9,0,85,,21081,21,0,9,0,45,,21082,21,0,9,0,85,,21083,21,0,9,0,85,,21084,21,0,9,0,87,,21092,21,0,9,0
130003029,'1038',823,,21093,21,,,0,80,,21094,21,,,0,40,,21095,21,,,0,80,,21096,21,,,0,83,,21097,21,,,0,46,,21098,21,,,0,85,,21099,21,,,0,85,,21100,21,,,0,85,,21101,21,,,0,45,,21102,21,,,0,85,,21103,21,,,0,85,,21104,21,,,0,85,,21105,21,,,0,47,,21106,21,,,0,85,,21112,21,,,0,85,,21107,21,,,0,85,,21108,21,,,0,45,,21109,21,,,0,85,,21110,21,,,0,85,,21111,21,,,0,83,,21113,21,0,9,0
130003029,'1039',623,,21155,21,,,0,15,,21156,21,0,10 11,0,67,,21157,22,0,10 11,0,15,,21158,22,,,0,15,,21159,22,0,10 11,0,15,,21160,22,,,0,55,,21161,22,0,10 11,0,15,,21162,22,,,0,15,,21163,22,0,10 11,0,15,,21164,22,,,0,55,,21165,22,0,10 11,0,15,,21166,22,,,0,15,,21167,22,0,10 11,0,15,,21168,22,,,0,55,,21169,22,0,10 11,0,15,,21114,22,,,0,15,,21115,22,0,10 11,0,15,,21116,22,,,0,55,,21117,22,0,10 11,0,15,,21118,22,,,0,15,,21119,22,0,10 11,0,15,,21120,22,,,0,55,,21121,22,0,10 11,0,15,,21122,22,,,0,15,,21123,22,0,10 11,0,15,,21124,22,,,0,55,,21125,22,0,10 11,0,15,,21126,22,,,0,15,,21127,22,0,10 11,0,15,,21128,22,,,0,55,,21129,22,0,10 11,0,15,,21130,22,,,0,15,,21131,22,0,10 11,0,15,,21132,22,,,0,55,,21133,22,0,10 11,0,15,,21134,22,,,0,15,,21135,22,0,10 11,0,15,,21136,22,,,0,55,,21137,22,0,10 11,0,15,,21138,22,,,0,15,,21139,22,0,10 11,0,15,,21140,22,,,0,55,,21141,22,0,10 11,0,15,,21142,22,,,0,15,,21143,22,0,10 11,0,15,,21144,22,,,0,58,,21152,22,0,10 11,0,15,,21151,22,,,0,15,,21153,22,0,10 11,0,15,,21145,22,,,0,48,,21154,21,0,9,0,15,,21149,21,0,9,0,22,,21170,21,,,0,63,,21148,21,0,9,0,22,,21171,21,,,0,23,,21147,21,0,9,0,62,,21172,21,,,0,23,,21146,21,0,9,0,22,,21174,21,,,0,63,,21176,21,0,9,0,22,,21150,21,,,0,82,,21173,21,0,9,0,81,,21175,21,0,9,0,39,,21177,21,0,9,0
130003029,'1040',613,,21178,21,0,9,0,20,,21179,21,,,0,20,,21180,21,0,9,0,60,,21181,21,,,0,20,,21182,21,0,9,0,20,,21183,21,,,0,60,,21184,21,0,9,0,20,,21185,21,,,0,20,,21186,21,0,9,0,60,,21187,21,,,0,20,,21188,21,0,9,0,20,,21189,21,,,0,70,,21190,22,,,0,15,,21191,22,0,10 11,0,15,,21192,22,,,0,55,,21193,22,0,10 11,0,15,,21194,22,,,0,15,,21195,22,0,10 11,0,15,,21196,22,,,0,55,,21197,22,0,10 11,0,15,,21198,22,,,0,15,,21199,22,0,10 11,0,15,,21200,22,,,0,55,,21201,22,0,10 11,0,15,,21202,22,,,0,15,,21203,22,0,10 11,0,15,,21204,22,,,0,55,,21205,22,0,10 11,0,15,,21206,22,,,0,15,,21207,22,0,10 11,0,15,,21208,22,,,0,55,,21209,22,0,10 11,0,15,,21210,22,,,0,15,,21211,22,0,10 11,0,15,,21212,22,,,0,55,,21213,22,0,10 11,0,15,,21214,22,,,0,15,,21215,22,0,10 11,0,15,,21216,22,,,0,55,,21217,22,0,10 11,0,15,,21218,22,,,0,15,,21219,22,0,10 11,0,15,,21236,22,,,0,55,,21237,22,0,10 11,0,15,,21231,22,,,0,15,,21232,22,0,10 11,0,15,,21234,22,,,0,48,,21235,21,0,9,0,15,,21233,21,0,9,0,22,,21238,21,,,0,63,,21225,21,0,9,0,22,,21220,21,,,0,23,,21226,21,0,9,0,62,,21221,21,,,0,23,,21227,21,0,9,0,22,,21222,21,,,0,63,,21228,21,0,9,0,22,,21223,21,,,0,82,,21224,21,0,9,0,82,,21229,21,0,9,0,39,,21230,21,0,9,0
130003029,'996',823,,21239,21,,,0,20,,21264,21,0,9,0,60,,21240,21,,,0,20,,21270,21,0,9,0,20,,21241,21,,,0,60,,21267,21,0,9,0,20,,21242,21,,,0,22,,21268,21,0,9,0,61,,21243,21,,,0,22,,21266,21,0,9,0,24,,21244,21,,,0,62,,21269,21,0,9,0,23,,21245,21,,,0,22,,21265,21,0,9,0,63,,21246,21,,,0,22,,21247,21,0,9,0,63,,21248,21,,,0,22,,21249,21,0,9,0,23,,21250,21,,,0,62,,21251,21,0,9,0,23,,21252,21,,,0,22,,21253,21,0,9,0,63,,21254,21,,,0,22,,21255,21,0,9,0,63,,21256,21,,,0,22,,21257,21,0,9,0,25,,21258,21,,,0,62,,21272,21,0,9,0,23,,21271,21,,,0,85,,21259,21,,,0,85,,21260,21,,,0,45,,21261,21,,,0,85,,21262,21,,,0,85,,21263,21,,,0,83,,21273,21,0,9,0
