2019,'1038',859,,18231,13,,,0,80,,18241,13,,,0,80,,18232,13,,,0,82,,18223,13,,,0,40,,18233,13,,,0,90,,18224,13,,,0,85,,18234,13,,,0,85,,18225,13,,,0,45,,18235,13,,,0,85,,18226,13,,,0,85,,18236,13,,,0,85,,18230,13,,,0,45,,18227,13,,,0,85,,18240,13,,,0,85,,18237,13,,,0,85,,18238,13,,,0,45,,18239,13,,,0,85,,18228,13,,,0,85,,18229,13,,,0,85,,18242,13,,,0
2019,'1039',700,,18284,13,,,0,32,,18285,13,,,0,70,,18286,13,,,0,30,,18287,13,,,0,69,,18288,13,,,0,31,,18289,13,,,0,70,,18290,13,,,0,30,,18253,13,,,0,70,,18254,13,,,0,30,,18255,13,,,0,70,,18256,13,,,0,30,,18257,13,,,0,70,,18258,13,,,0,30,,18259,13,,,0,70,,18260,13,,,0,30,,18261,13,,,0,70,,18262,13,,,0,30,,18263,13,,,0,70,,18264,13,,,0,30,,18265,13,,,0,70,,18266,13,,,0,30,,18267,13,,,0,70,,18268,13,,,0,30,,18251,13,,,0,70,,18252,13,,,0,30,,18305,13,,,0,85,,18306,13,,,0,85,,18307,13,,,0,45,,18303,13,,,0,85,,18304,13,,,0,85,,18308,13,,,0,84,,18300,13,,,0,16,,18302,13,,,0
2019,'1040',625,,18309,13,,,0,80,,18310,13,,,0,40,,18311,13,,,0,80,,18312,13,,,0,80,,18313,13,,,0,41,,18314,13,,,0,85,,18315,13,,,0,70,,18316,13,,,0,30,,18317,13,,,0,70,,18318,13,,,0,30,,18319,13,,,0,70,,18320,13,,,0,30,,18321,13,,,0,70,,18322,13,,,0,30,,18323,13,,,0,70,,18324,13,,,0,30,,18325,13,,,0,70,,18326,13,,,0,30,,18327,13,,,0,70,,18328,13,,,0,30,,18329,13,,,0,70,,18330,13,,,0,30,,18331,13,,,0,70,,18332,13,,,0,30,,18333,13,,,0,84,,18334,13,,,0,44,,18335,13,,,0,85,,18336,13,,,0,85,,18337,13,,,0,85,,18368,13,,,0,45,,18367,13,,,0,55,,18371,13,,,0
2019,'996',859,,18399,13,,,0,80,,18409,13,,,0,80,,18400,13,,,0,82,,18391,13,,,0,40,,18401,13,,,0,90,,18392,13,,,0,85,,18402,13,,,0,85,,18393,13,,,0,45,,18403,13,,,0,85,,18394,13,,,0,85,,18404,13,,,0,85,,18398,13,,,0,45,,18395,13,,,0,85,,18408,13,,,0,85,,18405,13,,,0,85,,18406,13,,,0,45,,18407,13,,,0,85,,18396,13,,,0,85,,18397,13,,,0,85,,18410,13,,,0
11019,'1039',620,,19455,8,,,0,30,,19456,8,,,0,70,,19457,8,,,0,30,,19458,8,,,0,70,,19459,8,,,0,30,,19460,8,,,0,70,,19461,8,,,0,30,,19462,8,,,0,70,,19439,8,,,0,30,,19440,8,,,0,70,,19441,8,,,0,30,,19442,8,,,0,70,,19443,8,,,0,30,,19444,8,,,0,70,,19445,8,,,0,30,,19446,8,,,0,70,,19447,8,,,0,30,,19448,8,,,0,70,,19449,8,,,0,30,,19450,8,,,0,70,,19451,8,,,0,30,,19452,8,,,0,70,,19453,8,,,0,30,,19454,8,,,0,70,,19464,8,,,0,30,,19463,8,,,0
11019,'1040',1020,,19465,8,,,0,30,,19466,8,,,0,70,,19467,8,,,0,30,,19468,8,,,0,70,,19469,8,,,0,30,,19470,8,,,0,70,,19471,8,,,0,30,,19472,8,,,0,70,,19473,8,,,0,30,,19474,8,,,0,70,,19475,8,,,0,30,,19476,8,,,0,70,,19477,8,,,0,30,,19478,8,,,0,70,,19479,8,,,0,30,,19480,8,,,0,70,,19481,8,,,0,30,,19482,8,,,0
13029,'1038',900,,19633,12,,,0,40,,19634,12,,,0,80,,19635,12,,,0,80,,19636,12,,,0,46,,19637,12,,,0,85,,19638,12,,,0,85,,19639,12,,,0,85,,19640,12,,,0,45,,19641,12,,,0,85,,19642,12,,,0,85,,19643,12,,,0,85,,19644,12,,,0,45,,19645,12,,,0,85,,19646,12,,,0,85,,19647,12,,,0,84,,19648,12,,,0,44,,19649,12,,,0,85,,19650,12,,,0,85,,19651,12,,,0
13029,'1039',1932,,19657,12,,,0,85,,19652,12,,,0,85,,19653,12,,,0,44,,19655,12,,,0,83,,19654,12,,,0,85,,19656,12,,,0
13029,'1040',628,,19658,12,,,0,80,,19659,12,,,0,40,,19660,12,,,0,80,,19661,12,,,0,81,,19662,12,,,0,40,,19663,12,,,0,982,,19664,12,,,0,85,,19665,12,,,0,85,,19666,12,,,0,45,,19667,12,,,0,85,,19668,12,,,0,85,,19669,12,,,0
13029,'996',900,,19670,12,,,0,40,,19671,12,,,0,80,,19672,12,,,0,80,,19673,12,,,0,46,,19674,12,,,0,85,,19675,12,,,0,85,,19676,12,,,0,85,,19677,12,,,0,45,,19678,12,,,0,85,,19679,12,,,0,85,,19680,12,,,0,85,,19681,12,,,0,45,,19682,12,,,0,85,,19683,12,,,0,85,,19684,12,,,0,84,,19685,12,,,0,44,,19686,12,,,0,85,,19687,12,,,0,85,,19688,12,,,0
