11019,'1039',625,,19455,16,,,0,30,,19456,16,,,0,70,,19457,16,,,0,30,,19458,16,,,0,70,,19459,16,,,0,30,,19460,16,,,0,70,,19461,16,,,0,30,,19462,16,,,0,70,,19439,16,,,0,30,,19440,16,,,0,70,,19441,16,,,0,30,,19442,16,,,0,70,,19443,16,,,0,30,,19444,16,,,0,70,,19445,16,,,0,30,,19446,16,,,0,70,,19447,16,,,0,30,,19448,16,,,0,70,,19449,16,,,0,30,,19450,16,,,0,70,,19451,16,,,0,30,,19452,16,,,0,70,,19453,16,,,0,30,,19454,16,,,0,70,,19464,16,,,0,30,,19463,16,,,0
11019,'1040',1025,,19465,16,,,0,30,,19466,16,,,0,70,,19467,16,,,0,30,,19468,16,,,0,70,,19469,16,,,0,30,,19470,16,,,0,70,,19471,16,,,0,30,,19472,16,,,0,70,,19473,16,,,0,30,,19474,16,,,0,70,,19475,16,,,0,30,,19476,16,,,0,70,,19477,16,,,0,30,,19478,16,,,0,70,,19479,16,,,0,30,,19480,16,,,0,70,,19481,16,,,0,30,,19482,16,,,0
13029,'1038',905,,19633,20,,,0,40,,19634,20,,,0,80,,19635,20,,,0,80,,19636,20,,,0,46,,19637,20,,,0,85,,19638,20,,,0,85,,19639,20,,,0,85,,19640,20,,,0,45,,19641,20,,,0,85,,19642,20,,,0,85,,19643,20,,,0,85,,19644,20,,,0,45,,19645,20,,,0,85,,19646,20,,,0,85,,19647,20,,,0,84,,19648,20,,,0,44,,19649,20,,,0,85,,19650,20,,,0,85,,19651,20,,,0
13029,'1039',1937,,19657,20,,,0,85,,19652,20,,,0,85,,19653,20,,,0,44,,19655,20,,,0,83,,19654,20,,,0,85,,19656,20,,,0
13029,'1040',633,,19658,20,,,0,80,,19659,20,,,0,40,,19660,20,,,0,80,,19661,20,,,0,81,,19662,20,,,0,40,,19663,20,,,0,982,,19664,20,,,0,85,,19665,20,,,0,85,,19666,20,,,0,45,,19667,20,,,0,85,,19668,20,,,0,85,,19669,20,,,0
13029,'996',905,,19670,20,,,0,40,,19671,20,,,0,80,,19672,20,,,0,80,,19673,20,,,0,46,,19674,20,,,0,85,,19675,20,,,0,85,,19676,20,,,0,85,,19677,20,,,0,45,,19678,20,,,0,85,,19679,20,,,0,85,,19680,20,,,0,85,,19681,20,,,0,45,,19682,20,,,0,85,,19683,20,,,0,85,,19684,20,,,0,84,,19685,20,,,0,44,,19686,20,,,0,85,,19687,20,,,0,85,,19688,20,,,0
130003029,'1035',845,,21085,24,0,9,0,80,,21091,24,0,9,0,80,,21088,24,0,9,0,42,,21089,24,0,9,0,83,,21087,24,0,9,0,87,,21090,24,0,9,0,85,,21086,24,0,9,0,45,,21079,24,0,9,0,85,,21080,24,0,9,0,85,,21081,24,0,9,0,85,,21082,24,0,9,0,45,,21083,24,0,9,0,85,,21084,24,0,9,0,86,,21092,24,0,9,0
130003029,'1038',825,,21093,24,,,0,80,,21094,24,,,0,40,,21095,24,,,0,80,,21096,24,,,0,83,,21097,24,,,0,47,,21098,24,,,0,85,,21099,24,,,0,85,,21100,24,,,0,85,,21101,24,,,0,45,,21102,24,,,0,85,,21103,24,,,0,85,,21104,24,,,0,85,,21105,24,,,0,46,,21106,24,,,0,85,,21112,24,,,0,85,,21107,24,,,0,85,,21108,24,,,0,45,,21109,24,,,0,85,,21110,24,,,0,85,,21111,24,,,0,83,,21113,24,0,9,0
130003029,'1039',625,,21155,24,,,0,15,,21156,24,0,10 11,0,67,,21157,25,0,10 11,0,15,,21158,25,,,0,15,,21159,25,0,10 11,0,15,,21160,25,,,0,55,,21161,25,0,10 11,0,15,,21162,25,,,0,15,,21163,25,0,10 11,0,15,,21164,25,,,0,55,,21165,25,0,10 11,0,15,,21166,25,,,0,15,,21167,25,0,10 11,0,15,,21168,25,,,0,55,,21169,25,0,10 11,0,15,,21114,25,,,0,15,,21115,25,0,10 11,0,15,,21116,25,,,0,55,,21117,25,0,10 11,0,15,,21118,25,,,0,15,,21119,25,0,10 11,0,15,,21120,25,,,0,55,,21121,25,0,10 11,0,15,,21122,25,,,0,15,,21123,25,0,10 11,0,15,,21124,25,,,0,55,,21125,25,0,10 11,0,15,,21126,25,,,0,15,,21127,25,0,10 11,0,15,,21128,25,,,0,55,,21129,25,0,10 11,0,15,,21130,25,,,0,15,,21131,25,0,10 11,0,15,,21132,25,,,0,55,,21133,25,0,10 11,0,15,,21134,25,,,0,15,,21135,25,0,10 11,0,15,,21136,25,,,0,55,,21137,25,0,10 11,0,15,,21138,25,,,0,15,,21139,25,0,10 11,0,15,,21140,25,,,0,55,,21141,25,0,10 11,0,15,,21142,25,,,0,15,,21143,25,0,10 11,0,15,,21144,25,,,0,58,,21152,25,0,10 11,0,15,,21151,25,,,0,15,,21153,25,0,10 11,0,15,,21145,25,,,0,48,,21154,24,0,9,0,15,,21149,24,0,9,0,22,,21170,24,,,0,63,,21148,24,0,9,0,22,,21171,24,,,0,23,,21147,24,0,9,0,62,,21172,24,,,0,23,,21146,24,0,9,0,22,,21174,24,,,0,63,,21176,24,0,9,0,22,,21150,24,,,0,82,,21173,24,0,9,0,81,,21175,24,0,9,0,39,,21177,24,0,9,0
130003029,'1040',615,,21178,24,0,9,0,20,,21179,24,,,0,20,,21180,24,0,9,0,60,,21181,24,,,0,20,,21182,24,0,9,0,20,,21183,24,,,0,60,,21184,24,0,9,0,20,,21185,24,,,0,20,,21186,24,0,9,0,60,,21187,24,,,0,20,,21188,24,0,9,0,20,,21189,24,,,0,70,,21190,25,,,0,15,,21191,25,0,10 11,0,15,,21192,25,,,0,55,,21193,25,0,10 11,0,15,,21194,25,,,0,15,,21195,25,0,10 11,0,15,,21196,25,,,0,55,,21197,25,0,10 11,0,15,,21198,25,,,0,15,,21199,25,0,10 11,0,15,,21200,25,,,0,55,,21201,25,0,10 11,0,15,,21202,25,,,0,15,,21203,25,0,10 11,0,15,,21204,25,,,0,55,,21205,25,0,10 11,0,15,,21206,25,,,0,15,,21207,25,0,10 11,0,15,,21208,25,,,0,55,,21209,25,0,10 11,0,15,,21210,25,,,0,15,,21211,25,0,10 11,0,15,,21212,25,,,0,55,,21213,25,0,10 11,0,15,,21214,25,,,0,15,,21215,25,0,10 11,0,15,,21216,25,,,0,55,,21217,25,0,10 11,0,15,,21218,25,,,0,15,,21219,25,0,10 11,0,15,,21236,25,,,0,55,,21237,25,0,10 11,0,15,,21231,25,,,0,15,,21232,25,0,10 11,0,15,,21234,25,,,0,48,,21235,24,0,9,0,15,,21233,24,0,9,0,22,,21238,24,,,0,63,,21225,24,0,9,0,22,,21220,24,,,0,23,,21226,24,0,9,0,62,,21221,24,,,0,23,,21227,24,0,9,0,22,,21222,24,,,0,63,,21228,24,0,9,0,22,,21223,24,,,0,82,,21224,24,0,9,0,82,,21229,24,0,9,0,39,,21230,24,0,9,0
130003029,'996',825,,21239,24,,,0,20,,21264,24,0,9,0,60,,21240,24,,,0,20,,21270,24,0,9,0,20,,21241,24,,,0,60,,21267,24,0,9,0,20,,21242,24,,,0,22,,21268,24,0,9,0,61,,21243,24,,,0,22,,21266,24,0,9,0,25,,21244,24,,,0,62,,21269,24,0,9,0,23,,21245,24,,,0,62,,21265,24,0,9,0,23,,21246,24,,,0,22,,21247,24,0,9,0,63,,21248,24,,,0,22,,21249,24,0,9,0,23,,21250,24,,,0,62,,21251,24,0,9,0,23,,21252,24,,,0,62,,21253,24,0,9,0,23,,21254,24,,,0,22,,21255,24,0,9,0,63,,21256,24,,,0,22,,21257,24,0,9,0,24,,21258,24,,,0,62,,21272,24,0,9,0,23,,21271,24,,,0,85,,21259,24,,,0,85,,21260,24,,,0,45,,21261,24,,,0,85,,21262,24,,,0,85,,21263,24,,,0,83,,21273,24,0,9,0
