11029,'1039',602,,19500,6,,,0,30,,19501,6,,,0,70,,19502,6,,,0,30,,19503,6,,,0,70,,19504,6,,,0,30,,19505,6,,,0,70,,19506,6,,,0,30,,19499,6,,,0,70,,19483,6,,,0,30,,19484,6,,,0,70,,19485,6,,,0,30,,19486,6,,,0,70,,19487,6,,,0,30,,19488,6,,,0,70,,19489,6,,,0,30,,19490,6,,,0,70,,19491,6,,,0,30,,19492,6,,,0,70,,19493,6,,,0,30,,19494,6,,,0,70,,19495,6,,,0,30,,19496,6,,,0,70,,19497,6,,,0,30,,19498,6,,,0,70,,19508,6,,,0,30,,19507,6,,,0
11029,'1040',1002,,19509,6,,,0,30,,19510,6,,,0,70,,19511,6,,,0,30,,19512,6,,,0,70,,19513,6,,,0,30,,19514,6,,,0,70,,19515,6,,,0,30,,19516,6,,,0,70,,19517,6,,,0,30,,19518,6,,,0,70,,19519,6,,,0,30,,19520,6,,,0,70,,19521,6,,,0,30,,19522,6,,,0,70,,19523,6,,,0,30,,19524,6,,,0,70,,19525,6,,,0,30,,19526,6,,,0
13019,'1038',832,,19577,6,,,0,80,,19578,6,,,0,40,,19579,6,,,0,80,,19580,6,,,0,85,,19581,6,,,0,85,,19582,6,,,0,45,,19583,6,,,0,85,,19584,6,,,0,85,,19585,6,,,0,85,,19586,6,,,0,45,,19587,6,,,0,85,,19588,6,,,0,85,,19589,6,,,0,85,,19590,6,,,0,45,,19591,6,,,0,85,,19592,6,,,0,85,,19593,6,,,0,85,,19594,6,,,0,45,,19595,6,,,0
13019,'1039',1903,,19601,6,,,0,45,,19596,6,,,0,85,,19597,6,,,0,85,,19599,6,,,0,84,,19598,6,,,0,45,,19600,6,,,0
13019,'1040',602,,19602,6,,,0,40,,19603,6,,,0,80,,19604,6,,,0,80,,19605,6,,,0,40,,19606,6,,,0,80,,19607,6,,,0,981,,19608,6,,,0,45,,19609,6,,,0,85,,19610,6,,,0,85,,19611,6,,,0,85,,19612,6,,,0,45,,19613,6,,,0
13019,'996',832,,19614,6,,,0,80,,19615,6,,,0,40,,19616,6,,,0,80,,19617,6,,,0,85,,19618,6,,,0,85,,19619,6,,,0,45,,19620,6,,,0,85,,19621,6,,,0,85,,19622,6,,,0,85,,19623,6,,,0,45,,19624,6,,,0,85,,19625,6,,,0,85,,19626,6,,,0,85,,19627,6,,,0,45,,19628,6,,,0,85,,19629,6,,,0,85,,19630,6,,,0,85,,19631,6,,,0,45,,19632,6,,,0
130003019,'1035',813,,20897,5,0,7 8,0,40,,20891,5,0,7 8,0,80,,20894,5,0,7 8,0,80,,20892,5,0,7 8,0,43,,20895,5,0,7 8,0,85,,20893,5,0,7 8,0,85,,20896,5,0,7 8,0,85,,20884,5,0,7 8,0,45,,20885,5,0,7 8,0,85,,20886,5,0,7 8,0,85,,20887,5,0,7 8,0,85,,20888,5,0,7 8,0,45,,20889,5,0,7 8,0,85,,20890,5,0,7 8,0,85,,20898,5,0,7 8,0
130003019,'1038',753,,20899,5,,,0,80,,20900,5,,,0,80,,20901,5,,,0,40,,20902,5,,,0,80,,20903,5,,,0,85,,20904,5,,,0,85,,20905,5,,,0,45,,20906,5,,,0,85,,20907,5,,,0,85,,20908,5,,,0,85,,20909,5,,,0,45,,20910,5,,,0,85,,20911,5,,,0,85,,20912,5,,,0,85,,20913,5,,,0,45,,20918,5,,,0,85,,20914,5,,,0,85,,20915,5,,,0,85,,20916,5,,,0,45,,20919,5,,,0,85,,20917,5,0,7 8,0
130003019,'1039',613,,20963,5,0,13,0,15,,20964,5,,,0,20,,20965,5,,,0,55,,20966,5,0,13,0,15,,20967,5,,,0,15,,20968,5,0,13,0,15,,20969,5,,,0,55,,20970,5,0,13,0,15,,20971,5,,,0,15,,20972,5,0,13,0,15,,20973,5,,,0,55,,20974,5,0,13,0,15,,20975,5,,,0,15,,20976,5,0,13,0,15,,20962,5,,,0,55,,20920,5,0,13,0,15,,20921,5,,,0,15,,20922,5,0,13,0,15,,20923,5,,,0,55,,20924,5,0,13,0,15,,20925,5,,,0,15,,20926,5,0,13,0,15,,20927,5,,,0,55,,20928,5,0,13,0,15,,20929,5,,,0,15,,20930,5,0,13,0,15,,20931,5,,,0,55,,20932,5,0,13,0,15,,20933,5,,,0,15,,20934,5,0,13,0,15,,20935,5,,,0,55,,20936,5,0,13,0,15,,20937,5,,,0,15,,20938,5,0,13,0,15,,20939,5,,,0,55,,20940,5,0,13,0,15,,20941,5,,,0,15,,20942,5,0,13,0,15,,20943,5,,,0,55,,20944,5,0,13,0,15,,20945,5,,,0,15,,20946,5,0,13,0,15,,20947,5,,,0,55,,20948,5,0,13,0,15,,20949,5,,,0,15,,20950,5,0,13,0,15,,20951,5,,,0,55,,20957,5,0,13,0,15,,20959,5,,,0,15,,20955,5,0,13,0,15,,20960,5,,,0,55,,20953,5,0,13,0,23,,20961,5,0,7 8,0,22,,20952,5,,,0,63,,20977,5,0,7 8,0,22,,20958,5,,,0,23,,20978,5,0,7 8,0,62,,20956,5,,,0,23,,20979,5,0,7 8,0,62,,20954,5,,,0,45,,20981,5,,,0,85,,20980,5,0,7 8,0,80,,20982,5,0,7 8,0
130003019,'1040',603,,20983,5,,,0,20,,20984,5,0,7 8,0,20,,20985,5,,,0,60,,20986,5,0,7 8,0,20,,20987,5,,,0,20,,20988,5,0,7 8,0,60,,20989,5,,,0,20,,20990,5,0,7 8,0,20,,20991,5,,,0,60,,20992,5,0,7 8,0,20,,20993,5,,,0,20,,20994,5,0,13,0,60,,20995,5,0,13,0,15,,20996,5,,,0,15,,20997,5,0,13,0,15,,20998,5,,,0,55,,20999,5,0,13,0,15,,21000,5,,,0,15,,21001,5,0,13,0,15,,21002,5,,,0,55,,21003,5,0,13,0,15,,21004,5,,,0,15,,21005,5,0,13,0,15,,21006,5,,,0,55,,21007,5,0,13,0,15,,21008,5,,,0,15,,21009,5,0,13,0,15,,21010,5,,,0,55,,21011,5,0,13,0,15,,21012,5,,,0,15,,21013,5,0,13,0,15,,21014,5,,,0,55,,21015,5,0,13,0,15,,21016,5,,,0,15,,21017,5,0,13,0,15,,21018,5,,,0,55,,21019,5,0,13,0,15,,21020,5,,,0,15,,21021,5,0,13,0,15,,21022,5,,,0,55,,21023,5,0,13,0,15,,21024,5,,,0,15,,21025,5,0,13,0,15,,21026,5,,,0,55,,21027,5,0,13,0,15,,21042,5,,,0,15,,21034,5,0,13,0,15,,21028,5,,,0,55,,21035,5,0,13,0,22,,21029,5,0,7 8,0,23,,21036,5,,,0,63,,21030,5,0,7 8,0,22,,21039,5,,,0,23,,21031,5,0,7 8,0,62,,21038,5,,,0,23,,21032,5,0,7 8,0,62,,21037,5,,,0,45,,21033,5,,,0,85,,21041,5,0,7 8,0,80,,21040,5,0,7 8,0
130003019,'996',753,,21043,5,,,0,60,,21075,5,0,7 8,0,20,,21044,5,,,0,20,,21069,5,0,7 8,0,60,,21045,5,,,0,20,,21072,5,0,7 8,0,20,,21046,5,,,0,60,,21070,5,0,7 8,0,20,,21047,5,,,0,23,,21073,5,0,7 8,0,62,,21048,5,,,0,23,,21071,5,0,7 8,0,62,,21049,5,,,0,23,,21074,5,0,7 8,0,22,,21050,5,,,0,63,,21051,5,0,7 8,0,22,,21052,5,,,0,23,,21053,5,0,7 8,0,62,,21054,5,,,0,23,,21055,5,0,7 8,0,62,,21056,5,,,0,23,,21057,5,0,7 8,0,22,,21058,5,,,0,63,,21059,5,0,7 8,0,22,,21060,5,,,0,23,,21061,5,0,7 8,0,62,,21062,5,,,0,23,,21063,5,0,7 8,0,62,,21064,5,,,0,23,,21077,5,0,7 8,0,22,,21076,5,,,0,85,,21065,5,,,0,85,,21066,5,,,0,85,,21067,5,,,0,45,,21078,5,,,0,85,,21068,5,0,7 8,0
