8019,'1038',1014,,18854,2,,,0,40,,18838,2,,,0,83,,18855,2,,,0,85,,18839,2,,,0,85,,18856,2,,,0,45,,18840,2,,,0,85,,18857,2,,,0,85,,18830,2,,,0,85,,18841,2,,,0,45,,18842,2,,,0,85,,18843,2,,,0
8019,'1039',641,,18922,2,,,0,17,,18923,2,,,0,74,,18924,2,,,0,25,,18925,2,,,0,70,,18926,2,,,0,30,,18927,2,,,0,70,,18928,2,,,0,30,,18886,2,,,0,70,,18887,2,,,0,30,,18888,2,,,0,70,,18889,2,,,0,30,,18890,2,,,0,71,,18891,2,,,0,74,,18892,2,,,0,30,,18893,2,,,0,70,,18894,2,,,0,30,,18895,2,,,0,70,,18896,2,,,0,30,,18897,2,,,0,70,,18898,2,,,0,30,,18899,2,,,0,70,,18900,2,,,0,30,,18901,2,,,0,69,,18929,2,,,0,30,,18910,2,,,0,27,,18911,2,,,0
8019,'1040',941,,18969,2,,,0,65,,18970,2,,,0,17,,18971,2,,,0,36,,18972,2,,,0,70,,18973,2,,,0,30,,18974,2,,,0,70,,18975,2,,,0,30,,18976,2,,,0,72,,18977,2,,,0,70,,18978,2,,,0,30,,18979,2,,,0,70,,18980,2,,,0,30,,18981,2,,,0,70,,18982,2,,,0,30,,18983,2,,,0,70,,18984,2,,,0,30,,18985,2,,,0,70,,18986,2,,,0,30,,18989,2,,,0,27,,18988,2,,,0
8019,'996',1014,,19015,2,,,0,40,,18999,2,,,0,83,,19016,2,,,0,85,,19000,2,,,0,85,,19017,2,,,0,45,,19001,2,,,0,85,,19018,2,,,0,85,,18991,2,,,0,85,,19002,2,,,0,45,,19003,2,,,0,85,,19004,2,,,0
15029,'1038',829,,19998,2,,,0,80,,19999,2,,,0,40,,20000,2,,,0,82,,20001,2,,,0,83,,20002,2,,,0,45,,20003,2,,,0,85,,20004,2,,,0,85,,20005,2,,,0,85,,20006,2,,,0,45,,20007,2,,,0,85,,20008,2,,,0,85,,20009,2,,,0,85,,20010,2,,,0,45,,20011,2,,,0,82,,20012,2,,,0,85,,20013,2,,,0,85,,20014,2,,,0,45,,20015,2,,,0,85,,20016,2,,,0,85,,20017,2,,,0
15029,'1039',639,,20018,2,,,0,67,,20019,2,,,0,30,,20020,2,,,0,70,,20021,2,,,0,30,,20022,2,,,0,70,,20023,2,,,0,30,,20024,2,,,0,70,,20025,2,,,0,30,,20026,2,,,0,70,,20027,2,,,0,30,,20028,2,,,0,70,,20029,2,,,0,30,,20030,2,,,0,70,,20031,2,,,0,30,,20032,2,,,0,70,,20033,2,,,0,30,,20034,2,,,0,70,,20035,2,,,0,30,,20036,2,,,0,70,,20037,2,,,0,30,,20038,2,,,0,70,,20039,2,,,0,30,,20040,2,,,0,70,,20041,2,,,0,30,,20042,2,,,0,69,,20043,2,,,0,40,,20044,2,,,0,85,,20045,2,,,0,81,,20046,2,,,0,45,,20048,2,,,0,85,,20049,2,,,0,85,,20047,2,,,0
15029,'1040',639,,20050,2,,,0,80,,20052,2,,,0,40,,20053,2,,,0,80,,20051,2,,,0,83,,20054,2,,,0,80,,20055,2,,,0,35,,20057,2,,,0,70,,20058,2,,,0,30,,20059,2,,,0,70,,20060,2,,,0,30,,20061,2,,,0,70,,20062,2,,,0,30,,20063,2,,,0,70,,20064,2,,,0,30,,20065,2,,,0,70,,20066,2,,,0,30,,20067,2,,,0,70,,20068,2,,,0,30,,20069,2,,,0,70,,20070,2,,,0,30,,20071,2,,,0,70,,20072,2,,,0,30,,20073,2,,,0,70,,20074,2,,,0,37,,20075,2,,,0,85,,20076,2,,,0,82,,20077,2,,,0,45,,20078,2,,,0,85,,20079,2,,,0,85,,20056,2,,,0
15029,'996',829,,20080,2,,,0,80,,20081,2,,,0,40,,20082,2,,,0,82,,20083,2,,,0,83,,20084,2,,,0,45,,20085,2,,,0,85,,20086,2,,,0,85,,20087,2,,,0,85,,20088,2,,,0,45,,20089,2,,,0,85,,20090,2,,,0,85,,20091,2,,,0,85,,20092,2,,,0,45,,20093,2,,,0,82,,20094,2,,,0,85,,20095,2,,,0,85,,20096,2,,,0,45,,20097,2,,,0,85,,20098,2,,,0,85,,20099,2,,,0
130003029,'1035',836,,21085,10,0,9,0,80,,21091,10,0,9,0,40,,21088,10,0,9,0,82,,21089,10,0,9,0,83,,21087,10,0,9,0,85,,21090,10,0,9,0,45,,21086,10,0,9,0,85,,21079,10,0,9,0,85,,21080,10,0,9,0,85,,21081,10,0,9,0,45,,21082,10,0,9,0,85,,21083,10,0,9,0,85,,21084,10,0,9,0,85,,21092,10,0,9,0
130003029,'1038',816,,21093,10,,,0,40,,21094,10,,,0,80,,21095,10,,,0,80,,21096,10,,,0,43,,21097,10,,,0,85,,21098,10,,,0,85,,21099,10,,,0,85,,21100,10,,,0,45,,21101,10,,,0,85,,21102,10,,,0,85,,21103,10,,,0,85,,21104,10,,,0,45,,21105,10,,,0,85,,21106,10,,,0,85,,21112,10,,,0,85,,21107,10,,,0,45,,21108,10,,,0,85,,21109,10,,,0,85,,21110,10,,,0,85,,21111,10,,,0,44,,21113,10,0,9,0
130003029,'1039',615,,21155,10,,,0,15,,21156,10,0,10 11,0,27,,21157,11,0,10 11,0,55,,21158,11,,,0,15,,21159,11,0,10 11,0,15,,21160,11,,,0,15,,21161,11,0,10 11,0,55,,21162,11,,,0,15,,21163,11,0,10 11,0,15,,21164,11,,,0,15,,21165,11,0,10 11,0,55,,21166,11,,,0,15,,21167,11,0,10 11,0,15,,21168,11,,,0,15,,21169,11,0,10 11,0,55,,21114,11,,,0,15,,21115,11,0,10 11,0,15,,21116,11,,,0,15,,21117,11,0,10 11,0,55,,21118,11,,,0,15,,21119,11,0,10 11,0,15,,21120,11,,,0,15,,21121,11,0,10 11,0,55,,21122,11,,,0,15,,21123,11,0,10 11,0,15,,21124,11,,,0,15,,21125,11,0,10 11,0,55,,21126,11,,,0,15,,21127,11,0,10 11,0,15,,21128,11,,,0,15,,21129,11,0,10 11,0,55,,21130,11,,,0,15,,21131,11,0,10 11,0,15,,21132,11,,,0,15,,21133,11,0,10 11,0,55,,21134,11,,,0,15,,21135,11,0,10 11,0,15,,21136,11,,,0,15,,21137,11,0,10 11,0,55,,21138,11,,,0,15,,21139,11,0,10 11,0,15,,21140,11,,,0,15,,21141,11,0,10 11,0,55,,21142,11,,,0,15,,21143,11,0,10 11,0,15,,21144,11,,,0,15,,21152,11,0,10 11,0,55,,21151,11,,,0,15,,21153,11,0,10 11,0,15,,21145,11,,,0,9,,21154,10,0,9,0,55,,21149,10,0,9,0,22,,21170,10,,,0,23,,21148,10,0,9,0,62,,21171,10,,,0,23,,21147,10,0,9,0,22,,21172,10,,,0,63,,21146,10,0,9,0,22,,21174,10,,,0,63,,21176,10,0,9,0,22,,21150,10,,,0,85,,21173,10,0,9,0,43,,21175,10,0,9,0,79,,21177,10,0,9,0
130003029,'1040',605,,21178,10,0,9,0,20,,21179,10,,,0,20,,21180,10,0,9,0,60,,21181,10,,,0,20,,21182,10,0,9,0,20,,21183,10,,,0,60,,21184,10,0,9,0,20,,21185,10,,,0,20,,21186,10,0,9,0,60,,21187,10,,,0,20,,21188,10,0,9,0,20,,21189,10,,,0,67,,21190,11,,,0,15,,21191,11,0,10 11,0,15,,21192,11,,,0,15,,21193,11,0,10 11,0,55,,21194,11,,,0,15,,21195,11,0,10 11,0,15,,21196,11,,,0,15,,21197,11,0,10 11,0,55,,21198,11,,,0,15,,21199,11,0,10 11,0,15,,21200,11,,,0,15,,21201,11,0,10 11,0,55,,21202,11,,,0,15,,21203,11,0,10 11,0,15,,21204,11,,,0,15,,21205,11,0,10 11,0,55,,21206,11,,,0,15,,21207,11,0,10 11,0,15,,21208,11,,,0,15,,21209,11,0,10 11,0,55,,21210,11,,,0,15,,21211,11,0,10 11,0,15,,21212,11,,,0,15,,21213,11,0,10 11,0,55,,21214,11,,,0,15,,21215,11,0,10 11,0,15,,21216,11,,,0,15,,21217,11,0,10 11,0,55,,21218,11,,,0,15,,21219,11,0,10 11,0,15,,21236,11,,,0,15,,21237,11,0,10 11,0,55,,21231,11,,,0,15,,21232,11,0,10 11,0,15,,21234,11,,,0,9,,21235,10,0,9,0,55,,21233,10,0,9,0,22,,21238,10,,,0,23,,21225,10,0,9,0,62,,21220,10,,,0,23,,21226,10,0,9,0,22,,21221,10,,,0,63,,21227,10,0,9,0,22,,21222,10,,,0,63,,21228,10,0,9,0,22,,21223,10,,,0,85,,21224,10,0,9,0,43,,21229,10,0,9,0,79,,21230,10,0,9,0
130003029,'996',816,,21239,10,,,0,20,,21264,10,0,9,0,20,,21240,10,,,0,60,,21270,10,0,9,0,20,,21241,10,,,0,20,,21267,10,0,9,0,60,,21242,10,,,0,22,,21268,10,0,9,0,21,,21243,10,,,0,62,,21266,10,0,9,0,23,,21244,10,,,0,62,,21269,10,0,9,0,23,,21245,10,,,0,22,,21265,10,0,9,0,63,,21246,10,,,0,22,,21247,10,0,9,0,23,,21248,10,,,0,62,,21249,10,0,9,0,23,,21250,10,,,0,62,,21251,10,0,9,0,23,,21252,10,,,0,22,,21253,10,0,9,0,63,,21254,10,,,0,22,,21255,10,0,9,0,23,,21256,10,,,0,62,,21257,10,0,9,0,23,,21258,10,,,0,62,,21272,10,0,9,0,23,,21271,10,,,0,85,,21259,10,,,0,45,,21260,10,,,0,85,,21261,10,,,0,85,,21262,10,,,0,85,,21263,10,,,0,44,,21273,10,0,9,0
