11029,'1039',605,,19500,9,,,0,30,,19501,9,,,0,70,,19502,9,,,0,30,,19503,9,,,0,70,,19504,9,,,0,30,,19505,9,,,0,70,,19506,9,,,0,30,,19499,9,,,0,70,,19483,9,,,0,30,,19484,9,,,0,70,,19485,9,,,0,30,,19486,9,,,0,70,,19487,9,,,0,30,,19488,9,,,0,70,,19489,9,,,0,30,,19490,9,,,0,70,,19491,9,,,0,30,,19492,9,,,0,70,,19493,9,,,0,30,,19494,9,,,0,70,,19495,9,,,0,30,,19496,9,,,0,70,,19497,9,,,0,30,,19498,9,,,0,70,,19508,9,,,0,30,,19507,9,,,0
11029,'1040',1005,,19509,9,,,0,30,,19510,9,,,0,70,,19511,9,,,0,30,,19512,9,,,0,70,,19513,9,,,0,30,,19514,9,,,0,70,,19515,9,,,0,30,,19516,9,,,0,70,,19517,9,,,0,30,,19518,9,,,0,70,,19519,9,,,0,30,,19520,9,,,0,70,,19521,9,,,0,30,,19522,9,,,0,70,,19523,9,,,0,30,,19524,9,,,0,70,,19525,9,,,0,30,,19526,9,,,0
13019,'1038',834,,19577,9,,,0,80,,19578,9,,,0,40,,19579,9,,,0,80,,19580,9,,,0,85,,19581,9,,,0,85,,19582,9,,,0,45,,19583,9,,,0,85,,19584,9,,,0,85,,19585,9,,,0,85,,19586,9,,,0,45,,19587,9,,,0,85,,19588,9,,,0,85,,19589,9,,,0,85,,19590,9,,,0,45,,19591,9,,,0,85,,19592,9,,,0,85,,19593,9,,,0,85,,19594,9,,,0,45,,19595,9,,,0
13019,'1039',1904,,19601,9,,,0,45,,19596,9,,,0,85,,19597,9,,,0,85,,19599,9,,,0,84,,19598,9,,,0,45,,19600,9,,,0
13019,'1040',603,,19602,9,,,0,40,,19603,9,,,0,80,,19604,9,,,0,80,,19605,9,,,0,40,,19606,9,,,0,80,,19607,9,,,0,981,,19608,9,,,0,45,,19609,9,,,0,85,,19610,9,,,0,85,,19611,9,,,0,85,,19612,9,,,0,45,,19613,9,,,0
13019,'996',834,,19614,9,,,0,80,,19615,9,,,0,40,,19616,9,,,0,80,,19617,9,,,0,85,,19618,9,,,0,85,,19619,9,,,0,45,,19620,9,,,0,85,,19621,9,,,0,85,,19622,9,,,0,85,,19623,9,,,0,45,,19624,9,,,0,85,,19625,9,,,0,85,,19626,9,,,0,85,,19627,9,,,0,45,,19628,9,,,0,85,,19629,9,,,0,85,,19630,9,,,0,85,,19631,9,,,0,45,,19632,9,,,0
130003019,'1035',815,,20897,8,0,7 8,0,40,,20891,8,0,7 8,0,80,,20894,8,0,7 8,0,80,,20892,8,0,7 8,0,43,,20895,8,0,7 8,0,85,,20893,8,0,7 8,0,86,,20896,8,0,7 8,0,85,,20884,8,0,7 8,0,45,,20885,8,0,7 8,0,85,,20886,8,0,7 8,0,85,,20887,8,0,7 8,0,85,,20888,8,0,7 8,0,45,,20889,8,0,7 8,0,85,,20890,8,0,7 8,0,85,,20898,8,0,7 8,0
130003019,'1038',755,,20899,8,,,0,80,,20900,8,,,0,80,,20901,8,,,0,40,,20902,8,,,0,80,,20903,8,,,0,85,,20904,8,,,0,86,,20905,8,,,0,45,,20906,8,,,0,85,,20907,8,,,0,85,,20908,8,,,0,85,,20909,8,,,0,45,,20910,8,,,0,85,,20911,8,,,0,85,,20912,8,,,0,85,,20913,8,,,0,45,,20918,8,,,0,85,,20914,8,,,0,85,,20915,8,,,0,85,,20916,8,,,0,45,,20919,8,,,0,85,,20917,8,0,7 8,0
130003019,'1039',615,,20963,8,0,13,0,15,,20964,8,,,0,21,,20965,8,,,0,55,,20966,8,0,13,0,15,,20967,8,,,0,15,,20968,8,0,13,0,15,,20969,8,,,0,55,,20970,8,0,13,0,15,,20971,8,,,0,15,,20972,8,0,13,0,15,,20973,8,,,0,55,,20974,8,0,13,0,15,,20975,8,,,0,15,,20976,8,0,13,0,15,,20962,8,,,0,55,,20920,8,0,13,0,15,,20921,8,,,0,15,,20922,8,0,13,0,15,,20923,8,,,0,55,,20924,8,0,13,0,15,,20925,8,,,0,15,,20926,8,0,13,0,15,,20927,8,,,0,55,,20928,8,0,13,0,15,,20929,8,,,0,15,,20930,8,0,13,0,15,,20931,8,,,0,55,,20932,8,0,13,0,15,,20933,8,,,0,15,,20934,8,0,13,0,15,,20935,8,,,0,55,,20936,8,0,13,0,15,,20937,8,,,0,15,,20938,8,0,13,0,15,,20939,8,,,0,55,,20940,8,0,13,0,15,,20941,8,,,0,15,,20942,8,0,13,0,15,,20943,8,,,0,55,,20944,8,0,13,0,15,,20945,8,,,0,15,,20946,8,0,13,0,15,,20947,8,,,0,55,,20948,8,0,13,0,15,,20949,8,,,0,15,,20950,8,0,13,0,15,,20951,8,,,0,55,,20957,8,0,13,0,15,,20959,8,,,0,15,,20955,8,0,13,0,15,,20960,8,,,0,55,,20953,8,0,13,0,23,,20961,8,0,7 8,0,22,,20952,8,,,0,63,,20977,8,0,7 8,0,22,,20958,8,,,0,23,,20978,8,0,7 8,0,62,,20956,8,,,0,23,,20979,8,0,7 8,0,62,,20954,8,,,0,45,,20981,8,,,0,83,,20980,8,0,7 8,0,80,,20982,8,0,7 8,0
130003019,'1040',605,,20983,8,,,0,20,,20984,8,0,7 8,0,20,,20985,8,,,0,60,,20986,8,0,7 8,0,20,,20987,8,,,0,20,,20988,8,0,7 8,0,60,,20989,8,,,0,20,,20990,8,0,7 8,0,20,,20991,8,,,0,60,,20992,8,0,7 8,0,20,,20993,8,,,0,20,,20994,8,0,13,0,61,,20995,8,0,13,0,15,,20996,8,,,0,15,,20997,8,0,13,0,15,,20998,8,,,0,55,,20999,8,0,13,0,15,,21000,8,,,0,15,,21001,8,0,13,0,15,,21002,8,,,0,55,,21003,8,0,13,0,15,,21004,8,,,0,15,,21005,8,0,13,0,15,,21006,8,,,0,55,,21007,8,0,13,0,15,,21008,8,,,0,15,,21009,8,0,13,0,15,,21010,8,,,0,55,,21011,8,0,13,0,15,,21012,8,,,0,15,,21013,8,0,13,0,15,,21014,8,,,0,55,,21015,8,0,13,0,15,,21016,8,,,0,15,,21017,8,0,13,0,15,,21018,8,,,0,55,,21019,8,0,13,0,15,,21020,8,,,0,15,,21021,8,0,13,0,15,,21022,8,,,0,55,,21023,8,0,13,0,15,,21024,8,,,0,15,,21025,8,0,13,0,15,,21026,8,,,0,55,,21027,8,0,13,0,15,,21042,8,,,0,15,,21034,8,0,13,0,15,,21028,8,,,0,55,,21035,8,0,13,0,22,,21029,8,0,7 8,0,23,,21036,8,,,0,63,,21030,8,0,7 8,0,22,,21039,8,,,0,23,,21031,8,0,7 8,0,62,,21038,8,,,0,23,,21032,8,0,7 8,0,62,,21037,8,,,0,45,,21033,8,,,0,83,,21041,8,0,7 8,0,80,,21040,8,0,7 8,0
130003019,'996',755,,21043,8,,,0,60,,21075,8,0,7 8,0,20,,21044,8,,,0,20,,21069,8,0,7 8,0,60,,21045,8,,,0,20,,21072,8,0,7 8,0,20,,21046,8,,,0,60,,21070,8,0,7 8,0,20,,21047,8,,,0,23,,21073,8,0,7 8,0,62,,21048,8,,,0,23,,21071,8,0,7 8,0,63,,21049,8,,,0,23,,21074,8,0,7 8,0,22,,21050,8,,,0,63,,21051,8,0,7 8,0,22,,21052,8,,,0,23,,21053,8,0,7 8,0,62,,21054,8,,,0,23,,21055,8,0,7 8,0,62,,21056,8,,,0,23,,21057,8,0,7 8,0,22,,21058,8,,,0,63,,21059,8,0,7 8,0,22,,21060,8,,,0,23,,21061,8,0,7 8,0,62,,21062,8,,,0,23,,21063,8,0,7 8,0,62,,21064,8,,,0,23,,21077,8,0,7 8,0,22,,21076,8,,,0,85,,21065,8,,,0,85,,21066,8,,,0,85,,21067,8,,,0,45,,21078,8,,,0,85,,21068,8,0,7 8,0
