7029,'993',859,,7131,14,,,0,78,,7132,14,,,0,80,,7133,14,,,0,40,,7134,14,,,0,85,,7135,14,,,0,85,,7136,14,,,0,85,,7137,14,,,0,45,,7138,14,,,0,85,,7139,14,,,0,85,,7140,14,,,0,85,,7141,14,,,0,45,,7142,14,,,0,85,,7143,14,,,0,85,,7144,14,,,0,85,,7145,14,,,0,45,,7146,14,,,0,85,,7147,14,,,0,85,,7148,14,,,0,82,,7149,14,,,0
7029,'994',624,,7173,14,,,0,30,,7174,14,,,0,70,,7175,14,,,0,30,,7176,14,,,0,70,,7177,14,,,0,30,,7178,14,,,0,70,,7179,14,,,0,30,,7180,14,,,0,70,,7172,14,,,0,30,,7164,14,,,0,70,,7171,14,,,0,30,,7159,14,,,0,70,,7170,14,,,0,30,,7163,14,,,0,70,,7169,14,,,0,30,,7158,14,,,0,70,,7168,14,,,0,30,,7162,14,,,0,70,,7167,14,,,0,30,,7157,14,,,0,70,,7166,14,,,0,30,,7161,14,,,0,70,,7165,14,,,0,30,,7160,14,,,0,70,,7150,14,,,0,30,,7151,14,,,0,70,,7152,14,,,0,85,,7153,14,,,0,45,,7154,14,,,0,85,,7155,14,,,0,85,,7156,14,,,0,85,,7181,14,,,0
7029,'995',629,,7182,14,,,0,80,,7183,14,,,0,40,,7184,14,,,0,80,,7185,14,,,0,80,,7186,14,,,0,40,,7187,14,,,0,75,,7188,14,,,0,30,,7189,14,,,0,70,,7190,14,,,0,30,,7191,14,,,0,70,,7192,14,,,0,30,,7193,14,,,0,70,,7194,14,,,0,30,,7195,14,,,0,70,,7196,14,,,0,30,,7197,14,,,0,70,,7198,14,,,0,30,,7199,14,,,0,70,,7200,14,,,0,30,,7201,14,,,0,70,,7202,14,,,0,30,,7203,14,,,0,70,,7204,14,,,0,30,,7205,14,,,0,70,,7206,14,,,0,85,,7207,14,,,0,45,,7208,14,,,0,85,,7209,14,,,0,85,,7210,14,,,0,85,,7211,14,,,0
7029,'996',859,,7212,14,,,0,78,,7213,14,,,0,80,,7214,14,,,0,40,,7215,14,,,0,85,,7216,14,,,0,85,,7217,14,,,0,85,,7218,14,,,0,45,,7219,14,,,0,85,,7220,14,,,0,85,,7221,14,,,0,85,,7222,14,,,0,45,,7223,14,,,0,85,,7224,14,,,0,85,,7225,14,,,0,85,,7226,14,,,0,45,,7227,14,,,0,85,,7228,14,,,0,85,,7229,14,,,0,82,,7230,14,,,0
9029,'993',905,,7545,25,,,0,40,,7548,25,,,0,80,,7533,25,,,0,85,,7534,25,,,0,44,,7535,25,,,0,85,,7536,25,,,0,85,,7537,25,,,0,85,,7538,25,,,0,45,,7539,25,,,0,85,,7541,25,,,0,85,,7540,25,,,0,85,,7542,25,,,0,45,,7543,25,,,0,85,,7544,25,,,0,81,,7549,25,,,0,85,,7550,25,,,0,45,,7551,25,,,0,85,,7546,25,,,0,85,,7547,25,,,0
9029,'994',656,,7575,25,,,0,68,,7576,25,,,0,28,,7577,25,,,0,70,,7578,25,,,0,30,,7579,25,,,0,70,,7580,25,,,0,30,,7581,25,,,0,70,,7559,25,,,0,30,,7562,25,,,0,70,,7560,25,,,0,30,,7561,25,,,0,70,,7563,25,,,0,30,,7564,25,,,0,70,,7565,25,,,0,30,,7566,25,,,0,70,,7567,25,,,0,30,,7568,25,,,0,70,,7569,25,,,0,30,,7570,25,,,0,70,,7571,25,,,0,30,,7572,25,,,0,70,,7573,25,,,0,30,,7574,25,,,0,70,,7554,25,,,0,30,,7555,25,,,0,67,,7556,25,,,0,30,,7584,25,,,0,77,,7557,25,,,0,85,,7552,25,,,0,37,,7553,25,,,0,85,,7558,25,,,0,85,,7582,25,,,0,85,,7583,25,,,0
9029,'995',635,,7607,25,,,0,80,,7608,25,,,0,40,,7609,25,,,0,80,,7610,25,,,0,82,,7611,25,,,0,85,,7586,25,,,0,17,,7587,25,,,0,30,,7588,25,,,0,70,,7589,25,,,0,30,,7590,25,,,0,70,,7592,25,,,0,30,,7591,25,,,0,70,,7593,25,,,0,30,,7594,25,,,0,71,,7595,25,,,0,30,,7596,25,,,0,70,,7597,25,,,0,30,,7598,25,,,0,70,,7599,25,,,0,30,,7600,25,,,0,70,,7601,25,,,0,30,,7602,25,,,0,70,,7603,25,,,0,30,,7604,25,,,0,69,,7615,25,,,0,30,,7605,25,,,0,77,,7606,25,,,0,85,,7612,25,,,0,37,,7613,25,,,0,85,,7585,25,,,0,85,,7614,25,,,0,85,,7616,25,,,0
9029,'996',905,,7629,25,,,0,40,,7632,25,,,0,80,,7617,25,,,0,85,,7618,25,,,0,44,,7619,25,,,0,85,,7620,25,,,0,85,,7621,25,,,0,85,,7622,25,,,0,45,,7623,25,,,0,85,,7625,25,,,0,85,,7624,25,,,0,85,,7626,25,,,0,45,,7627,25,,,0,85,,7628,25,,,0,81,,7633,25,,,0,85,,7634,25,,,0,45,,7635,25,,,0,85,,7630,25,,,0,85,,7631,25,,,0
30003019,'993',903,,8991,28,,,0,40,,8992,28,,,0,80,,8993,28,,,0,80,,8994,28,,,0,48,,8995,28,,,0,88,,8996,28,,,0,85,,8997,28,,,0,85,,8998,28,,,0,45,,8999,28,,,0,85,,9000,28,,,0,85,,9001,28,,,0,85,,9002,28,,,0,45,,9003,28,,,0,85,,9004,28,,,0,85,,9005,28,,,0,85,,9006,28,,,0,45,,9007,28,,,0,85,,9008,28,,,0,85,,9010,28,0,9,0,82,,9009,28,0,9,0
30003019,'994',641,,9034,28,,,0,66,,9035,28,,,0,30,,9036,28,,,0,70,,9037,28,,,0,30,,9038,28,,,0,70,,9039,28,,,0,30,,9040,28,,,0,70,,9041,28,,,0,28,,9011,28,,,0,72,,9012,28,,,0,30,,9013,28,,,0,70,,9014,28,,,0,30,,9015,28,,,0,70,,9016,28,,,0,30,,9017,28,,,0,70,,9018,28,,,0,30,,9019,28,,,0,70,,9020,28,,,0,30,,9021,28,,,0,70,,9022,28,,,0,30,,9023,28,,,0,70,,9024,28,,,0,30,,9025,28,,,0,70,,9026,28,,,0,30,,9028,28,,,0,70,,9027,28,0,9,0,30,,9033,28,,,0,85,,9031,28,,,0,85,,9030,28,,,0,45,,9032,28,,,0,85,,9029,28,,,0,85,,9042,28,0,7 8,0
30003019,'995',638,,9043,28,,,0,75,,9044,28,,,0,40,,9045,28,,,0,80,,9046,28,,,0,80,,9047,28,,,0,40,,9048,28,,,0,82,,9049,28,,,0,72,,9050,28,,,0,30,,9051,28,,,0,70,,9052,28,,,0,30,,9053,28,,,0,70,,9054,28,,,0,30,,9055,28,,,0,70,,9056,28,,,0,30,,9057,28,,,0,70,,9058,28,,,0,30,,9059,28,,,0,70,,9060,28,,,0,30,,9061,28,,,0,70,,9062,28,,,0,30,,9063,28,,,0,70,,9064,28,,,0,27,,9065,28,,,0,68,,9066,28,0,9,0,30,,9072,28,,,0,85,,9067,28,,,0,85,,9068,28,,,0,48,,9069,28,,,0,85,,9070,28,,,0,82,,9071,28,0,9,0
30003019,'996',903,,9073,28,,,0,40,,9074,28,,,0,80,,9075,28,,,0,80,,9076,28,,,0,48,,9077,28,,,0,88,,9078,28,,,0,85,,9079,28,,,0,85,,9080,28,,,0,45,,9081,28,,,0,85,,9082,28,,,0,85,,9083,28,,,0,85,,9084,28,,,0,45,,9085,28,,,0,85,,9086,28,,,0,85,,9087,28,,,0,85,,9088,28,,,0,45,,9089,28,,,0,85,,9090,28,,,0,85,,9092,28,0,9,0,82,,9091,28,0,9,0
100003019,'994',652,,9212,20,,,0,70,,9213,22,,,0,30,,9214,22,,,0,70,,9215,22,,,0,30,,9216,22,,,0,70,,9217,22,,,0,30,,9218,22,,,0,70,,9195,22,,,0,30,,9196,22,,,0,70,,9197,22,,,0,30,,9198,22,,,0,70,,9199,22,,,0,30,,9200,22,,,0,70,,9201,22,,,0,30,,9202,22,,,0,70,,9203,22,,,0,30,,9204,22,,,0,70,,9205,22,,,0,30,,9206,22,,,0,70,,9207,22,,,0,30,,9208,22,,,0,70,,9209,22,,,0,30,,9210,22,,,0,70,,9211,22,,,0,30,,9219,22,,,0,70,,9220,22,0,9,0
100003019,'995',1022,,9221,22,,,0,30,,9222,22,,,0,70,,9223,22,,,0,30,,9224,22,,,0,70,,9225,22,,,0,30,,9226,22,,,0,70,,9227,22,,,0,30,,9228,22,,,0,70,,9229,22,,,0,30,,9230,22,,,0,70,,9231,22,,,0,30,,9232,22,,,0,70,,9233,22,,,0,30,,9234,22,,,0,70,,9235,22,,,0,30,,9236,22,,,0,70,,9237,22,,,0,30,,9238,22,,,0,70,,9239,22,0,9,0
