5019,'1038',837,,18419,18,,,0,80,,18420,18,,,0,40,,18421,18,,,0,80,,18422,18,,,0,85,,18423,18,,,0,90,,18424,18,,,0,45,,18425,18,,,0,85,,18426,18,,,0,85,,18427,18,,,0,85,,18428,18,,,0,45,,18429,18,,,0,85,,18430,18,,,0,85,,18431,18,,,0,85,,18432,18,,,0,45,,18433,18,,,0,85,,18434,18,,,0,85,,18435,18,,,0,85,,18436,18,,,0,45,,18437,18,,,0,85,,18438,18,,,0
5019,'1039',642,,18462,18,,,0,70,,18463,18,,,0,30,,18464,18,,,0,70,,18465,18,,,0,29,,18466,18,,,0,71,,18467,18,,,0,30,,18468,18,,,0,70,,18446,18,,,0,30,,18447,18,,,0,70,,18448,18,,,0,30,,18449,18,,,0,70,,18450,18,,,0,30,,18451,18,,,0,70,,18452,18,,,0,30,,18453,18,,,0,70,,18454,18,,,0,30,,18455,18,,,0,70,,18456,18,,,0,30,,18457,18,,,0,70,,18458,18,,,0,30,,18459,18,,,0,70,,18460,18,,,0,30,,18461,18,,,0,70,,18439,18,,,0,30,,18440,18,,,0,70,,18441,18,,,0,44,,18442,18,,,0,84,,18443,18,,,0,86,,18444,18,,,0,85,,18445,18,,,0,44,,18469,18,,,0,86,,18470,18,,,0
5019,'1040',607,,18471,18,,,0,40,,18472,18,,,0,80,,18473,18,,,0,80,,18474,18,,,0,40,,18475,18,,,0,80,,18476,18,,,0,85,,18477,18,,,0,30,,18478,18,,,0,70,,18479,18,,,0,30,,18480,18,,,0,70,,18481,18,,,0,30,,18482,18,,,0,70,,18483,18,,,0,30,,18484,18,,,0,70,,18485,18,,,0,30,,18486,18,,,0,70,,18487,18,,,0,30,,18488,18,,,0,70,,18489,18,,,0,30,,18490,18,,,0,70,,18491,18,,,0,30,,18492,18,,,0,70,,18493,18,,,0,30,,18494,18,,,0,70,,18495,18,,,0,44,,18496,18,,,0,84,,18497,18,,,0,86,,18498,18,,,0,85,,18499,18,,,0,45,,18501,18,,,0,85,,18500,18,,,0
5019,'996',837,,18502,18,,,0,80,,18503,18,,,0,40,,18504,18,,,0,80,,18505,18,,,0,85,,18506,18,,,0,90,,18507,18,,,0,45,,18508,18,,,0,85,,18509,18,,,0,85,,18510,18,,,0,85,,18511,18,,,0,45,,18512,18,,,0,85,,18513,18,,,0,85,,18514,18,,,0,85,,18515,18,,,0,45,,18516,18,,,0,85,,18517,18,,,0,85,,18518,18,,,0,85,,18519,18,,,0,45,,18520,18,,,0,85,,18521,18,,,0
8019,'1038',1025,,18854,13,,,0,80,,18838,13,,,0,43,,18855,13,,,0,85,,18839,13,,,0,85,,18856,13,,,0,85,,18840,13,,,0,45,,18857,13,,,0,85,,18830,13,,,0,85,,18841,13,,,0,85,,18842,13,,,0,45,,18843,13,,,0
8019,'1039',651,,18922,13,,,0,59,,18923,13,,,0,34,,18924,13,,,0,65,,18925,13,,,0,30,,18926,13,,,0,70,,18927,13,,,0,30,,18928,13,,,0,70,,18886,13,,,0,30,,18887,13,,,0,70,,18888,13,,,0,30,,18889,13,,,0,70,,18890,13,,,0,32,,18891,13,,,0,74,,18892,13,,,0,30,,18893,13,,,0,70,,18894,13,,,0,30,,18895,13,,,0,70,,18896,13,,,0,30,,18897,13,,,0,70,,18898,13,,,0,30,,18899,13,,,0,70,,18900,13,,,0,30,,18901,13,,,0,68,,18929,13,,,0,30,,18910,13,,,0,67,,18911,13,,,0
8019,'1040',952,,18969,13,,,0,65,,18970,13,,,0,17,,18971,13,,,0,76,,18972,13,,,0,30,,18973,13,,,0,70,,18974,13,,,0,30,,18975,13,,,0,70,,18976,13,,,0,32,,18977,13,,,0,70,,18978,13,,,0,30,,18979,13,,,0,70,,18980,13,,,0,30,,18981,13,,,0,70,,18982,13,,,0,30,,18983,13,,,0,70,,18984,13,,,0,30,,18985,13,,,0,70,,18986,13,,,0,30,,18989,13,,,0,67,,18988,13,,,0
8019,'996',1025,,19015,13,,,0,80,,18999,13,,,0,43,,19016,13,,,0,85,,19000,13,,,0,85,,19017,13,,,0,85,,19001,13,,,0,45,,19018,13,,,0,85,,18991,13,,,0,85,,19002,13,,,0,85,,19003,13,,,0,45,,19004,13,,,0
16029,'1039',627,,20165,12,,,0,28,,20166,12,,,0,70,,20167,12,,,0,30,,20168,12,,,0,70,,20169,12,,,0,30,,20170,12,,,0,70,,20171,12,,,0,30,,20172,12,,,0,70,,20150,12,,,0,30,,20151,12,,,0,70,,20152,12,,,0,30,,20153,12,,,0,70,,20154,12,,,0,30,,20155,12,,,0,70,,20156,12,,,0,30,,20157,12,,,0,70,,20158,12,,,0,30,,20159,12,,,0,70,,20160,12,,,0,30,,20161,12,,,0,70,,20162,12,,,0,30,,20163,12,,,0,70,,20164,12,,,0,30,,20173,12,,,0,70,,20174,12,,,0,30,,20175,12,,,0
16029,'1040',642,,20176,12,,,0,67,,20177,12,,,0,40,,20178,12,,,0,80,,20179,12,,,0,80,,20180,12,,,0,40,,20181,12,,,0,76,,20182,12,,,0,30,,20183,12,,,0,70,,20184,12,,,0,30,,20185,12,,,0,70,,20186,12,,,0,30,,20187,12,,,0,70,,20188,12,,,0,30,,20189,12,,,0,70,,20190,12,,,0,30,,20191,12,,,0,70,,20192,12,,,0,30,,20193,12,,,0,70,,20194,12,,,0,30,,20195,12,,,0,70,,20196,12,,,0,30,,20197,12,,,0,70,,20198,12,,,0,30,,20199,12,,,0
