8019,'1038',1015,,18854,4,,,0,40,,18838,4,,,0,83,,18855,4,,,0,85,,18839,4,,,0,85,,18856,4,,,0,46,,18840,4,,,0,85,,18857,4,,,0,85,,18830,4,,,0,85,,18841,4,,,0,45,,18842,4,,,0,85,,18843,4,,,0
8019,'1039',642,,18922,4,,,0,58,,18923,4,,,0,34,,18924,4,,,0,25,,18925,4,,,0,70,,18926,4,,,0,30,,18927,4,,,0,70,,18928,4,,,0,30,,18886,4,,,0,70,,18887,4,,,0,30,,18888,4,,,0,70,,18889,4,,,0,30,,18890,4,,,0,71,,18891,4,,,0,74,,18892,4,,,0,30,,18893,4,,,0,70,,18894,4,,,0,30,,18895,4,,,0,70,,18896,4,,,0,30,,18897,4,,,0,70,,18898,4,,,0,30,,18899,4,,,0,70,,18900,4,,,0,30,,18901,4,,,0,69,,18929,4,,,0,30,,18910,4,,,0,67,,18911,4,,,0
8019,'1040',942,,18969,4,,,0,65,,18970,4,,,0,17,,18971,4,,,0,76,,18972,4,,,0,30,,18973,4,,,0,70,,18974,4,,,0,30,,18975,4,,,0,70,,18976,4,,,0,33,,18977,4,,,0,70,,18978,4,,,0,30,,18979,4,,,0,70,,18980,4,,,0,30,,18981,4,,,0,70,,18982,4,,,0,30,,18983,4,,,0,70,,18984,4,,,0,30,,18985,4,,,0,70,,18986,4,,,0,30,,18989,4,,,0,67,,18988,4,,,0
8019,'996',1015,,19015,4,,,0,40,,18999,4,,,0,83,,19016,4,,,0,85,,19000,4,,,0,85,,19017,4,,,0,46,,19001,4,,,0,85,,19018,4,,,0,85,,18991,4,,,0,85,,19002,4,,,0,45,,19003,4,,,0,85,,19004,4,,,0
15029,'1038',831,,19998,4,,,0,80,,19999,4,,,0,40,,20000,4,,,0,82,,20001,4,,,0,83,,20002,4,,,0,85,,20003,4,,,0,45,,20004,4,,,0,85,,20005,4,,,0,85,,20006,4,,,0,85,,20007,4,,,0,45,,20008,4,,,0,85,,20009,4,,,0,85,,20010,4,,,0,85,,20011,4,,,0,42,,20012,4,,,0,85,,20013,4,,,0,85,,20014,4,,,0,45,,20015,4,,,0,85,,20016,4,,,0,85,,20017,4,,,0
15029,'1039',641,,20018,4,,,0,67,,20019,4,,,0,30,,20020,4,,,0,70,,20021,4,,,0,30,,20022,4,,,0,70,,20023,4,,,0,30,,20024,4,,,0,70,,20025,4,,,0,30,,20026,4,,,0,70,,20027,4,,,0,30,,20028,4,,,0,70,,20029,4,,,0,30,,20030,4,,,0,70,,20031,4,,,0,30,,20032,4,,,0,70,,20033,4,,,0,30,,20034,4,,,0,70,,20035,4,,,0,30,,20036,4,,,0,70,,20037,4,,,0,30,,20038,4,,,0,70,,20039,4,,,0,30,,20040,4,,,0,70,,20041,4,,,0,30,,20042,4,,,0,69,,20043,4,,,0,40,,20044,4,,,0,85,,20045,4,,,0,81,,20046,4,,,0,45,,20048,4,,,0,85,,20049,4,,,0,85,,20047,4,,,0
15029,'1040',641,,20050,4,,,0,80,,20052,4,,,0,80,,20053,4,,,0,40,,20051,4,,,0,83,,20054,4,,,0,80,,20055,4,,,0,35,,20057,4,,,0,70,,20058,4,,,0,30,,20059,4,,,0,70,,20060,4,,,0,30,,20061,4,,,0,70,,20062,4,,,0,30,,20063,4,,,0,70,,20064,4,,,0,30,,20065,4,,,0,70,,20066,4,,,0,30,,20067,4,,,0,70,,20068,4,,,0,30,,20069,4,,,0,70,,20070,4,,,0,30,,20071,4,,,0,70,,20072,4,,,0,30,,20073,4,,,0,70,,20074,4,,,0,37,,20075,4,,,0,85,,20076,4,,,0,82,,20077,4,,,0,45,,20078,4,,,0,85,,20079,4,,,0,85,,20056,4,,,0
15029,'996',831,,20080,4,,,0,80,,20081,4,,,0,40,,20082,4,,,0,82,,20083,4,,,0,83,,20084,4,,,0,85,,20085,4,,,0,45,,20086,4,,,0,85,,20087,4,,,0,85,,20088,4,,,0,85,,20089,4,,,0,45,,20090,4,,,0,85,,20091,4,,,0,85,,20092,4,,,0,85,,20093,4,,,0,42,,20094,4,,,0,85,,20095,4,,,0,85,,20096,4,,,0,45,,20097,4,,,0,85,,20098,4,,,0,85,,20099,4,,,0
130003029,'1035',837,,21085,12,0,9,0,80,,21091,12,0,9,0,40,,21088,12,0,9,0,82,,21089,12,0,9,0,83,,21087,12,0,9,0,85,,21090,12,0,9,0,45,,21086,12,0,9,0,85,,21079,12,0,9,0,85,,21080,12,0,9,0,85,,21081,12,0,9,0,45,,21082,12,0,9,0,85,,21083,12,0,9,0,85,,21084,12,0,9,0,86,,21092,12,0,9,0
130003029,'1038',817,,21093,12,,,0,40,,21094,12,,,0,80,,21095,12,,,0,80,,21096,12,,,0,83,,21097,12,,,0,45,,21098,12,,,0,85,,21099,12,,,0,85,,21100,12,,,0,85,,21101,12,,,0,45,,21102,12,,,0,85,,21103,12,,,0,85,,21104,12,,,0,85,,21105,12,,,0,46,,21106,12,,,0,85,,21112,12,,,0,85,,21107,12,,,0,85,,21108,12,,,0,45,,21109,12,,,0,85,,21110,12,,,0,85,,21111,12,,,0,84,,21113,12,0,9,0
130003029,'1039',617,,21155,12,,,0,15,,21156,12,0,10 11,0,26,,21157,13,0,10 11,0,55,,21158,13,,,0,15,,21159,13,0,10 11,0,15,,21160,13,,,0,15,,21161,13,0,10 11,0,55,,21162,13,,,0,15,,21163,13,0,10 11,0,15,,21164,13,,,0,15,,21165,13,0,10 11,0,55,,21166,13,,,0,15,,21167,13,0,10 11,0,15,,21168,13,,,0,15,,21169,13,0,10 11,0,55,,21114,13,,,0,15,,21115,13,0,10 11,0,15,,21116,13,,,0,15,,21117,13,0,10 11,0,55,,21118,13,,,0,15,,21119,13,0,10 11,0,15,,21120,13,,,0,15,,21121,13,0,10 11,0,55,,21122,13,,,0,15,,21123,13,0,10 11,0,15,,21124,13,,,0,15,,21125,13,0,10 11,0,55,,21126,13,,,0,15,,21127,13,0,10 11,0,15,,21128,13,,,0,15,,21129,13,0,10 11,0,55,,21130,13,,,0,15,,21131,13,0,10 11,0,15,,21132,13,,,0,15,,21133,13,0,10 11,0,55,,21134,13,,,0,15,,21135,13,0,10 11,0,15,,21136,13,,,0,15,,21137,13,0,10 11,0,55,,21138,13,,,0,15,,21139,13,0,10 11,0,15,,21140,13,,,0,15,,21141,13,0,10 11,0,55,,21142,13,,,0,15,,21143,13,0,10 11,0,15,,21144,13,,,0,16,,21152,13,0,10 11,0,55,,21151,13,,,0,15,,21153,13,0,10 11,0,15,,21145,13,,,0,9,,21154,12,0,9,0,55,,21149,12,0,9,0,22,,21170,12,,,0,23,,21148,12,0,9,0,62,,21171,12,,,0,23,,21147,12,0,9,0,62,,21172,12,,,0,23,,21146,12,0,9,0,22,,21174,12,,,0,63,,21176,12,0,9,0,22,,21150,12,,,0,84,,21173,12,0,9,0,43,,21175,12,0,9,0,79,,21177,12,0,9,0
130003029,'1040',607,,21178,12,0,9,0,20,,21179,12,,,0,20,,21180,12,0,9,0,60,,21181,12,,,0,20,,21182,12,0,9,0,20,,21183,12,,,0,60,,21184,12,0,9,0,20,,21185,12,,,0,20,,21186,12,0,9,0,60,,21187,12,,,0,20,,21188,12,0,9,0,20,,21189,12,,,0,67,,21190,13,,,0,15,,21191,13,0,10 11,0,15,,21192,13,,,0,15,,21193,13,0,10 11,0,55,,21194,13,,,0,15,,21195,13,0,10 11,0,15,,21196,13,,,0,15,,21197,13,0,10 11,0,55,,21198,13,,,0,15,,21199,13,0,10 11,0,15,,21200,13,,,0,15,,21201,13,0,10 11,0,55,,21202,13,,,0,15,,21203,13,0,10 11,0,15,,21204,13,,,0,15,,21205,13,0,10 11,0,55,,21206,13,,,0,15,,21207,13,0,10 11,0,15,,21208,13,,,0,15,,21209,13,0,10 11,0,55,,21210,13,,,0,15,,21211,13,0,10 11,0,15,,21212,13,,,0,15,,21213,13,0,10 11,0,55,,21214,13,,,0,15,,21215,13,0,10 11,0,15,,21216,13,,,0,15,,21217,13,0,10 11,0,55,,21218,13,,,0,15,,21219,13,0,10 11,0,15,,21236,13,,,0,15,,21237,13,0,10 11,0,55,,21231,13,,,0,15,,21232,13,0,10 11,0,15,,21234,13,,,0,9,,21235,12,0,9,0,55,,21233,12,0,9,0,22,,21238,12,,,0,23,,21225,12,0,9,0,62,,21220,12,,,0,23,,21226,12,0,9,0,62,,21221,12,,,0,23,,21227,12,0,9,0,22,,21222,12,,,0,63,,21228,12,0,9,0,22,,21223,12,,,0,84,,21224,12,0,9,0,43,,21229,12,0,9,0,79,,21230,12,0,9,0
130003029,'996',817,,21239,12,,,0,20,,21264,12,0,9,0,20,,21240,12,,,0,60,,21270,12,0,9,0,20,,21241,12,,,0,20,,21267,12,0,9,0,60,,21242,12,,,0,22,,21268,12,0,9,0,61,,21243,12,,,0,22,,21266,12,0,9,0,23,,21244,12,,,0,62,,21269,12,0,9,0,23,,21245,12,,,0,22,,21265,12,0,9,0,63,,21246,12,,,0,22,,21247,12,0,9,0,63,,21248,12,,,0,22,,21249,12,0,9,0,23,,21250,12,,,0,62,,21251,12,0,9,0,23,,21252,12,,,0,22,,21253,12,0,9,0,63,,21254,12,,,0,22,,21255,12,0,9,0,63,,21256,12,,,0,22,,21257,12,0,9,0,24,,21258,12,,,0,62,,21272,12,0,9,0,23,,21271,12,,,0,85,,21259,12,,,0,85,,21260,12,,,0,45,,21261,12,,,0,85,,21262,12,,,0,85,,21263,12,,,0,84,,21273,12,0,9,0
