2019,'976',835,,451,10,0,12,0,80,,452,10,0,12,0,40,,453,10,0,12,0,80,,454,10,0,12,0,85,,455,10,0,12,0,85,,456,10,0,12,0,45,,457,10,0,12,0,85,,458,10,0,12,0,85,,459,10,0,12,0,85,,460,10,0,12,0,45,,461,10,0,12,0,85,,462,10,0,12,0,85,,463,10,0,12,0,85,,464,10,0,12,0,45,,465,10,0,12,0,85,,466,10,0,12,0,85,,467,10,0,12,0,85,,468,10,0,12,0,45,,469,10,0,12,0,85,,490,10,0,12,0
2019,'979',2014,,383,10,0,5,0,130,,380,10,0,5,0
2019,'980',626,,367,10,0,12,0,25,,368,10,0,12,0,70,,369,10,0,12,0,30,,370,10,0,12,0,70,,371,10,0,12,0,30,,372,10,0,12,0,70,,373,10,0,12,0,30,,366,10,0,12,0,70,,344,10,0,12,0,30,,345,10,0,12,0,70,,346,10,0,12,0,30,,347,10,0,12,0,70,,348,10,0,12,0,30,,349,10,0,12,0,70,,350,10,0,12,0,30,,351,10,0,12,0,70,,352,10,0,12,0,30,,353,10,0,12,0,70,,354,10,0,12,0,30,,355,10,0,12,0,70,,356,10,0,12,0,30,,357,10,0,12,0,70,,358,10,0,12,0,30,,317,10,0,12,0,70,,318,10,0,12,0,85,,319,10,0,12,0,22,,382,10,0,5,0,22,,320,10,0,12,0,86,,321,10,0,12,0,23,,384,10,0,5,0,62,,322,10,0,12,0,85,,323,10,0,12,0,45,,375,10,0,12,0,85,,377,10,0,5,0
2019,'984',835,,274,10,0,12,0,80,,275,10,0,12,0,40,,276,10,0,12,0,80,,277,10,0,12,0,85,,278,10,0,12,0,85,,279,10,0,12,0,45,,280,10,0,12,0,85,,281,10,0,12,0,85,,282,10,0,12,0,85,,283,10,0,12,0,45,,284,10,0,12,0,85,,285,10,0,12,0,85,,286,10,0,12,0,85,,287,10,0,12,0,45,,288,10,0,12,0,85,,289,10,0,12,0,85,,290,10,0,12,0,85,,291,10,0,12,0,45,,292,10,0,12,0,85,,313,10,0,12,0
2019,'985',2014,,3583,10,0,5,0,130,,3581,10,0,5,0
2019,'986',605,,3615,10,0,12,0,40,,3616,10,0,12,0,80,,3617,10,0,12,0,80,,3618,10,0,12,0,40,,3619,10,0,12,0,80,,3620,10,0,12,0,25,,3646,10,0,12,0,70,,3621,10,0,12,0,30,,3622,10,0,12,0,70,,3623,10,0,12,0,30,,3624,10,0,12,0,70,,3625,10,0,12,0,30,,3626,10,0,12,0,70,,3627,10,0,12,0,30,,3628,10,0,12,0,70,,3629,10,0,12,0,30,,3630,10,0,12,0,70,,3631,10,0,12,0,30,,3632,10,0,12,0,70,,3633,10,0,12,0,30,,3634,10,0,12,0,70,,3635,10,0,12,0,30,,3636,10,0,12,0,70,,3647,10,0,12,0,85,,3637,10,0,12,0,45,,3638,10,0,12,0,85,,3639,10,0,12,0,85,,3640,10,0,12,0,85,,3641,10,0,12,0,45,,3642,10,0,12,0,85,,3643,10,0,5,0
11029,'979',605,,1579,11,,,0,30,,1580,11,,,0,70,,1581,11,,,0,30,,1582,11,,,0,70,,1583,11,,,0,30,,1584,11,,,0,70,,1585,11,,,0,30,,1578,11,,,0,70,,1562,11,,,0,30,,1563,11,,,0,70,,1564,11,,,0,30,,1565,11,,,0,70,,1566,11,,,0,30,,1567,11,,,0,70,,1568,11,,,0,30,,1569,11,,,0,70,,1570,11,,,0,30,,1571,11,,,0,70,,1572,11,,,0,30,,1573,11,,,0,70,,1574,11,,,0,30,,1575,11,,,0,70,,1576,11,,,0,30,,1577,11,,,0,70,,1587,11,,,0,30,,1586,11,,,0
11029,'985',605,,4589,11,,,0,30,,4590,11,,,0,70,,4591,11,,,0,30,,4592,11,,,0,70,,4593,11,,,0,30,,4594,11,,,0,70,,4595,11,,,0,30,,4588,11,,,0,70,,4572,11,,,0,30,,4573,11,,,0,70,,4574,11,,,0,30,,4575,11,,,0,70,,4576,11,,,0,30,,4577,11,,,0,70,,4578,11,,,0,30,,4579,11,,,0,70,,4580,11,,,0,30,,4581,11,,,0,70,,4582,11,,,0,30,,4583,11,,,0,70,,4584,11,,,0,30,,4585,11,,,0,70,,4586,11,,,0,30,,4587,11,,,0,70,,4597,11,,,0,30,,4596,11,,,0
11029,'986',1005,,4598,11,,,0,30,,4599,11,,,0,70,,4600,11,,,0,30,,4601,11,,,0,70,,4602,11,,,0,30,,4603,11,,,0,70,,4604,11,,,0,30,,4605,11,,,0,70,,4606,11,,,0,30,,4607,11,,,0,70,,4608,11,,,0,30,,4609,11,,,0,70,,4610,11,,,0,30,,4611,11,,,0,70,,4612,11,,,0,30,,4613,11,,,0,70,,4614,11,,,0,30,,4615,11,,,0
13019,'976',834,,4654,11,,,0,80,,4655,11,,,0,40,,4656,11,,,0,80,,4657,11,,,0,85,,4658,11,,,0,85,,4659,11,,,0,45,,4660,11,,,0,85,,4661,11,,,0,85,,4662,11,,,0,85,,4663,11,,,0,45,,4664,11,,,0,85,,4665,11,,,0,85,,4666,11,,,0,85,,4667,11,,,0,45,,4668,11,,,0,85,,4669,11,,,0,85,,4670,11,,,0,85,,4671,11,,,0,45,,4672,11,,,0
13019,'979',1905,,1680,11,,,0,45,,1675,11,,,0,85,,1676,11,,,0,85,,1678,11,,,0,84,,1677,11,,,0,45,,1679,11,,,0
13019,'983',834,,1656,11,,,0,80,,1657,11,,,0,40,,1658,11,,,0,80,,1659,11,,,0,85,,1660,11,,,0,85,,1661,11,,,0,45,,1662,11,,,0,85,,1663,11,,,0,85,,1664,11,,,0,85,,1665,11,,,0,45,,1666,11,,,0,85,,1667,11,,,0,85,,1668,11,,,0,85,,1669,11,,,0,45,,1670,11,,,0,85,,1671,11,,,0,85,,1672,11,,,0,85,,1673,11,,,0,45,,1674,11,,,0
13019,'985',1905,,4678,11,,,0,45,,4673,11,,,0,85,,4674,11,,,0,85,,4676,11,,,0,84,,4675,11,,,0,45,,4677,11,,,0
13019,'986',604,,4679,11,,,0,40,,4680,11,,,0,80,,4681,11,,,0,80,,4682,11,,,0,40,,4683,11,,,0,80,,4684,11,,,0,981,,4685,11,,,0,45,,4686,11,,,0,85,,4687,11,,,0,85,,4688,11,,,0,85,,4689,11,,,0,45,,4690,11,,,0
13019,'987',834,,4691,11,,,0,80,,4692,11,,,0,40,,4693,11,,,0,80,,4694,11,,,0,85,,4695,11,,,0,85,,4696,11,,,0,45,,4697,11,,,0,85,,4698,11,,,0,85,,4699,11,,,0,85,,4700,11,,,0,45,,4701,11,,,0,85,,4702,11,,,0,85,,4703,11,,,0,85,,4704,11,,,0,45,,4705,11,,,0,85,,4706,11,,,0,85,,4707,11,,,0,85,,4708,11,,,0,45,,4709,11,,,0
