14019,'1010',738,,11394,10,0,10 11,0,270,,11399,10,0,10 11,0,232,,11373,10,0,10 11,0,270,,11378,10,0,10 11,0,230,,11383,10,0,10 11,0,260,,11388,10,,,0,45,,11389,10,,,0,85,,11387,10,,,0,85,,11390,10,,,0,85,,11386,10,,,0,45,,11401,10,,,0
14019,'1011',838,,11396,10,0,10 11,0,270,,11370,10,0,10 11,0,232,,11375,10,0,10 11,0,270,,11380,10,0,10 11,0,228,,11385,10,0,10 11,0
14019,'1012',838,,12868,10,0,10 11,0,270,,12864,10,0,10 11,0,232,,12865,10,0,10 11,0,270,,12866,10,0,10 11,0,228,,12867,10,0,9,0
14019,'1014',844,,11402,10,,,0,80,,11403,10,,,0,80,,11404,10,,,0,40,,11405,10,,,0,84,,11406,10,,,0,88,,11407,10,,,0,85,,11408,10,,,0,45,,11409,10,,,0,85,,11410,10,,,0,85,,11411,10,,,0,85,,11412,10,,,0,45,,11413,10,,,0,85,,11414,10,,,0,85,,11415,10,,,0,85,,11416,10,,,0,42,,11417,10,,,0,85,,11418,10,,,0,85,,11419,10,,,0,45,,11420,10,,,0,85,,11421,10,,,0
14019,'1015',738,,13587,10,0,10 11,0,270,,13588,10,0,10 11,0,232,,13579,10,0,10 11,0,270,,13580,10,0,10 11,0,230,,13581,10,0,10 11,0,260,,13584,10,,,0,45,,13585,10,,,0,85,,13583,10,,,0,85,,13586,10,,,0,85,,13582,10,,,0,45,,13589,10,,,0
14019,'1016',656,,13590,10,,,0,80,,13591,10,,,0,80,,13592,10,,,0,40,,13593,10,,,0,80,,13594,10,,,0,80,,13595,10,,,0,222,,13596,10,0,10 11,0,272,,13597,10,0,10 11,0,230,,13598,10,0,10 11,0,219,,13599,10,,,0,85,,13600,10,,,0,85,,13601,10,,,0,85,,13602,10,,,0,45,,13604,10,,,0,85,,13603,10,,,0
14019,'1017',844,,13605,10,,,0,80,,13606,10,,,0,80,,13607,10,,,0,40,,13608,10,,,0,84,,13609,10,,,0,88,,13610,10,,,0,85,,13611,10,,,0,45,,13612,10,,,0,85,,13613,10,,,0,85,,13614,10,,,0,85,,13615,10,,,0,45,,13616,10,,,0,85,,13617,10,,,0,85,,13618,10,,,0,85,,13619,10,,,0,42,,13620,10,,,0,85,,13621,10,,,0,85,,13622,10,,,0,45,,13623,10,,,0,85,,13624,10,,,0
14019,'1018',844,,13625,10,,,0,80,,13626,10,,,0,80,,13627,10,,,0,40,,13628,10,,,0,84,,13629,10,,,0,88,,13630,10,,,0,85,,13631,10,,,0,45,,13632,10,,,0,85,,13633,10,,,0,85,,13634,10,,,0,85,,13635,10,,,0,45,,13636,10,,,0,85,,13637,10,,,0,85,,13638,10,,,0,85,,13639,10,,,0,42,,13640,10,,,0,85,,13641,10,,,0,85,,13642,10,,,0,45,,13643,10,,,0,85,,13644,10,,,0
14019,'994',642,,11392,10,0,10 11,0,66,,11393,10,0,10 11,0,100,,11395,10,0,10 11,0,100,,11397,10,0,10 11,0,30,,11398,10,0,10 11,0,100,,11369,10,0,10 11,0,100,,11371,10,0,10 11,0,70,,11372,10,0,10 11,0,102,,11374,10,0,10 11,0,100,,11376,10,0,10 11,0,30,,11377,10,0,10 11,0,100,,11379,10,0,10 11,0,100,,11381,10,0,10 11,0,70,,11382,10,0,10 11,0,100,,11384,10,0,10 11,0,98,,11391,10,,,0,30,,11400,10,,,0
14019,'995',1036,,11428,10,0,10 11,0,72,,11429,10,0,10 11,0,30,,11430,10,0,10 11,0,70,,11431,10,0,10 11,0,100,,11433,10,0,10 11,0,30,,11434,10,0,10 11,0,70,,11435,10,0,10 11,0,32,,11436,10,0,10 11,0,100,,11438,10,0,10 11,0,70,,11439,10,0,10 11,0,30,,11440,10,0,10 11,0,70,,11441,10,0,10 11,0,100,,11443,10,0,10 11,0,27,,11444,10,0,9,0,70,,11445,10,,,0,30,,11452,10,,,0
