14019,'1010',737,,11394,9,0,10 11,0,270,,11399,9,0,10 11,0,232,,11373,9,0,10 11,0,270,,11378,9,0,10 11,0,230,,11383,9,0,10 11,0,220,,11388,9,,,0,85,,11389,9,,,0,85,,11387,9,,,0,85,,11390,9,,,0,45,,11386,9,,,0,85,,11401,9,,,0
14019,'1011',837,,11396,9,0,10 11,0,270,,11370,9,0,10 11,0,232,,11375,9,0,10 11,0,270,,11380,9,0,10 11,0,228,,11385,9,0,10 11,0
14019,'1012',837,,12868,9,0,10 11,0,270,,12864,9,0,10 11,0,232,,12865,9,0,10 11,0,270,,12866,9,0,10 11,0,228,,12867,9,0,9,0
14019,'1014',843,,11402,9,,,0,80,,11403,9,,,0,80,,11404,9,,,0,40,,11405,9,,,0,84,,11406,9,,,0,88,,11407,9,,,0,85,,11408,9,,,0,45,,11409,9,,,0,85,,11410,9,,,0,85,,11411,9,,,0,85,,11412,9,,,0,45,,11413,9,,,0,85,,11414,9,,,0,85,,11415,9,,,0,85,,11416,9,,,0,42,,11417,9,,,0,85,,11418,9,,,0,85,,11419,9,,,0,45,,11420,9,,,0,85,,11421,9,,,0
14019,'1015',737,,13587,9,0,10 11,0,270,,13588,9,0,10 11,0,232,,13579,9,0,10 11,0,270,,13580,9,0,10 11,0,230,,13581,9,0,10 11,0,220,,13584,9,,,0,85,,13585,9,,,0,85,,13583,9,,,0,85,,13586,9,,,0,45,,13582,9,,,0,85,,13589,9,,,0
14019,'1016',655,,13590,9,,,0,80,,13591,9,,,0,80,,13592,9,,,0,40,,13593,9,,,0,80,,13594,9,,,0,80,,13595,9,,,0,222,,13596,9,0,10 11,0,272,,13597,9,0,10 11,0,230,,13598,9,0,10 11,0,219,,13599,9,,,0,85,,13600,9,,,0,85,,13601,9,,,0,85,,13602,9,,,0,45,,13604,9,,,0,85,,13603,9,,,0
14019,'1017',843,,13605,9,,,0,80,,13606,9,,,0,80,,13607,9,,,0,40,,13608,9,,,0,84,,13609,9,,,0,88,,13610,9,,,0,85,,13611,9,,,0,45,,13612,9,,,0,85,,13613,9,,,0,85,,13614,9,,,0,85,,13615,9,,,0,45,,13616,9,,,0,85,,13617,9,,,0,85,,13618,9,,,0,85,,13619,9,,,0,42,,13620,9,,,0,85,,13621,9,,,0,85,,13622,9,,,0,45,,13623,9,,,0,85,,13624,9,,,0
14019,'1018',843,,13625,9,,,0,80,,13626,9,,,0,80,,13627,9,,,0,40,,13628,9,,,0,84,,13629,9,,,0,88,,13630,9,,,0,85,,13631,9,,,0,45,,13632,9,,,0,85,,13633,9,,,0,85,,13634,9,,,0,85,,13635,9,,,0,45,,13636,9,,,0,85,,13637,9,,,0,85,,13638,9,,,0,85,,13639,9,,,0,42,,13640,9,,,0,85,,13641,9,,,0,85,,13642,9,,,0,45,,13643,9,,,0,85,,13644,9,,,0
14019,'994',642,,11392,9,0,10 11,0,65,,11393,9,0,10 11,0,100,,11395,9,0,10 11,0,100,,11397,9,0,10 11,0,30,,11398,9,0,10 11,0,100,,11369,9,0,10 11,0,100,,11371,9,0,10 11,0,70,,11372,9,0,10 11,0,102,,11374,9,0,10 11,0,100,,11376,9,0,10 11,0,30,,11377,9,0,10 11,0,100,,11379,9,0,10 11,0,100,,11381,9,0,10 11,0,70,,11382,9,0,10 11,0,100,,11384,9,0,10 11,0,98,,11391,9,,,0,30,,11400,9,,,0
14019,'995',1035,,11428,9,0,10 11,0,72,,11429,9,0,10 11,0,30,,11430,9,0,10 11,0,70,,11431,9,0,10 11,0,100,,11433,9,0,10 11,0,30,,11434,9,0,10 11,0,70,,11435,9,0,10 11,0,32,,11436,9,0,10 11,0,100,,11438,9,0,10 11,0,70,,11439,9,0,10 11,0,30,,11440,9,0,10 11,0,70,,11441,9,0,10 11,0,100,,11443,9,0,10 11,0,27,,11444,9,0,9,0,70,,11445,9,,,0,30,,11452,9,,,0
