30003019,'1021',627,,12193,1,,,0,26,,12194,1,,,0,168,,12197,1,,,0,30,,12198,1,,,0,70,,12199,1,,,0,130,,12171,1,,,0,70,,12172,1,,,0,30,,12173,1,,,0,170,,12176,1,,,0,30,,12177,1,,,0,70,,12178,1,,,0,130,,12181,1,,,0,70,,12182,1,,,0,30,,12183,1,,,0,170,,12187,1,,,0,30,,12186,1,0,9,0,70,,12192,1,,,0,85,,12190,1,,,0,45,,12189,1,,,0,85,,12191,1,,,0,85,,12188,1,,,0,85,,12201,1,0,7 8,0
30003019,'1022',723,,12195,1,,,0,28,,14019,1,,,0,200,,12200,1,,,0,70,,14015,1,,,0,200,,12174,1,,,0,30,,14016,1,,,0,200,,12179,1,,,0,70,,14017,1,,,0,200,,12184,1,,,0,30,,14018,1,,,0
30003019,'1024',849,,12202,1,,,0,80,,12203,1,,,0,80,,12204,1,,,0,40,,12205,1,,,0,86,,12206,1,,,0,88,,12207,1,,,0,85,,12208,1,,,0,45,,12209,1,,,0,85,,12210,1,,,0,85,,12211,1,,,0,85,,12212,1,,,0,45,,12213,1,,,0,85,,12214,1,,,0,85,,12215,1,,,0,85,,12216,1,,,0,45,,12217,1,,,0,85,,12218,1,,,0,85,,12219,1,,,0,85,,12221,1,0,9,0,42,,12220,1,0,9,0
30003019,'1025',627,,15337,1,,,0,26,,15338,1,,,0,70,,15339,1,,,0,28,,15340,1,,,0,70,,15341,1,,,0,30,,15342,1,,,0,70,,15343,1,,,0,30,,15344,1,,,0,70,,15314,1,,,0,30,,15315,1,,,0,70,,15316,1,,,0,30,,15317,1,,,0,70,,15318,1,,,0,30,,15319,1,,,0,70,,15320,1,,,0,30,,15321,1,,,0,70,,15322,1,,,0,30,,15323,1,,,0,70,,15324,1,,,0,30,,15325,1,,,0,70,,15326,1,,,0,30,,15327,1,,,0,70,,15328,1,,,0,30,,15329,1,,,0,70,,15331,1,,,0,30,,15330,1,0,9,0,70,,15336,1,,,0,85,,15334,1,,,0,45,,15333,1,,,0,85,,15335,1,,,0,85,,15332,1,,,0,85,,15345,1,0,7 8,0
30003019,'1026',624,,15346,1,,,0,35,,15347,1,,,0,80,,15348,1,,,0,80,,15349,1,,,0,40,,15350,1,,,0,80,,15351,1,,,0,82,,15352,1,,,0,30,,15353,1,,,0,70,,15354,1,,,0,30,,15355,1,,,0,70,,15356,1,,,0,30,,15357,1,,,0,70,,15358,1,,,0,30,,15359,1,,,0,70,,15360,1,,,0,30,,15361,1,,,0,70,,15362,1,,,0,30,,15363,1,,,0,70,,15364,1,,,0,30,,15365,1,,,0,70,,15366,1,,,0,30,,15367,1,,,0,67,,15368,1,,,0,30,,15369,1,0,9,0,70,,15375,1,,,0,85,,15370,1,,,0,45,,15371,1,,,0,88,,15372,1,,,0,85,,15373,1,,,0,82,,15374,1,0,9,0
30003019,'1027',849,,15376,1,,,0,80,,15377,1,,,0,80,,15378,1,,,0,40,,15379,1,,,0,86,,15380,1,,,0,88,,15381,1,,,0,85,,15382,1,,,0,45,,15383,1,,,0,85,,15384,1,,,0,85,,15385,1,,,0,85,,15386,1,,,0,45,,15387,1,,,0,85,,15388,1,,,0,85,,15389,1,,,0,85,,15390,1,,,0,45,,15391,1,,,0,85,,15392,1,,,0,85,,15393,1,,,0,85,,15395,1,0,9,0,42,,15394,1,0,9,0
30003019,'996',849,,15396,1,,,0,80,,15397,1,,,0,80,,15398,1,,,0,40,,15399,1,,,0,86,,15400,1,,,0,88,,15401,1,,,0,85,,15402,1,,,0,45,,15403,1,,,0,85,,15404,1,,,0,85,,15405,1,,,0,85,,15406,1,,,0,45,,15407,1,,,0,85,,15408,1,,,0,85,,15409,1,,,0,85,,15410,1,,,0,45,,15411,1,,,0,85,,15412,1,,,0,85,,15413,1,,,0,85,,15415,1,0,9,0,42,,15414,1,0,9,0
30003029,'1021',626,,12295,32,4,,0,22,,12296,32,4,,0,172,,12299,32,4,,0,30,,12300,32,4,,0,70,,12301,32,4,,0,130,,12273,32,4,,0,70,,12274,32,4,,0,30,,12275,32,4,,0,170,,12278,32,4,,0,30,,12279,32,4,,0,70,,12280,32,4,,0,130,,12283,32,4,,0,70,,12284,32,4,,0,30,,12285,32,4,,0,170,,12288,32,4,,0,30,,12289,32,4,,0,70,,12290,32,4,,0,85,,12292,32,4,,0,45,,12293,32,4,,0,85,,12294,32,4,,0,85,,12291,32,4,,0,85,,12303,32,4,,0
30003029,'1022',718,,12297,32,4,,0,32,,14029,32,4,,0,200,,12302,32,4,,0,70,,14025,32,4,,0,200,,12276,32,4,,0,30,,14026,32,4,,0,200,,12281,32,4,,0,70,,14027,32,4,,0,200,,12286,32,4,,0,30,,14028,32,4,,0
30003029,'1024',849,,12304,32,4,,0,80,,12305,32,4,,0,80,,12306,32,4,,0,40,,12307,32,4,,0,86,,12308,32,4,,0,88,,12309,32,4,,0,85,,12310,32,4,,0,45,,12311,32,4,,0,85,,12312,32,4,,0,85,,12313,32,4,,0,85,,12314,32,4,,0,45,,12315,32,4,,0,85,,12316,32,4,,0,85,,12317,32,4,,0,85,,12318,32,4,,0,45,,12319,32,4,,0,85,,12320,32,4,,0,85,,12321,32,4,,0,85,,12322,32,4,,0,42,,12323,32,4,,0
30003029,'1025',626,,15439,32,4,,0,22,,15440,32,4,,0,70,,15441,32,4,,0,32,,15442,32,4,,0,70,,15443,32,4,,0,30,,15444,32,4,,0,70,,15445,32,4,,0,30,,15446,32,4,,0,70,,15416,32,4,,0,30,,15417,32,4,,0,70,,15418,32,4,,0,30,,15419,32,4,,0,70,,15420,32,4,,0,30,,15421,32,4,,0,70,,15422,32,4,,0,30,,15423,32,4,,0,70,,15424,32,4,,0,30,,15425,32,4,,0,70,,15426,32,4,,0,30,,15427,32,4,,0,70,,15428,32,4,,0,30,,15429,32,4,,0,70,,15430,32,4,,0,30,,15431,32,4,,0,70,,15432,32,4,,0,30,,15433,32,4,,0,70,,15434,32,4,,0,85,,15436,32,4,,0,45,,15437,32,4,,0,85,,15438,32,4,,0,85,,15435,32,4,,0,85,,15447,32,4,,0
30003029,'1026',622,,15448,32,4,,0,35,,15449,32,4,,0,80,,15450,32,4,,0,80,,15451,32,4,,0,40,,15452,32,4,,0,80,,15453,32,4,,0,83,,15454,32,4,,0,30,,15455,32,4,,0,70,,15456,32,4,,0,30,,15457,32,4,,0,70,,15458,32,4,,0,30,,15459,32,4,,0,70,,15460,32,4,,0,30,,15461,32,4,,0,70,,15462,32,4,,0,30,,15463,32,4,,0,70,,15464,32,4,,0,30,,15465,32,4,,0,70,,15466,32,4,,0,30,,15467,32,4,,0,70,,15468,32,4,,0,30,,15469,32,4,,0,67,,15470,32,4,,0,30,,15477,32,4,,0,70,,15471,32,4,,0,85,,15472,32,4,,0,45,,15473,32,4,,0,85,,15474,32,4,,0,85,,15475,32,4,,0,85,,15476,32,4,,0
30003029,'1027',849,,15478,32,4,,0,80,,15479,32,4,,0,80,,15480,32,4,,0,40,,15481,32,4,,0,86,,15482,32,4,,0,88,,15483,32,4,,0,85,,15484,32,4,,0,45,,15485,32,4,,0,85,,15486,32,4,,0,85,,15487,32,4,,0,85,,15488,32,4,,0,45,,15489,32,4,,0,85,,15490,32,4,,0,85,,15491,32,4,,0,85,,15492,32,4,,0,45,,15493,32,4,,0,85,,15494,32,4,,0,85,,15495,32,4,,0,85,,15496,32,4,,0,42,,15497,32,4,,0
30003029,'996',849,,15498,32,4,,0,80,,15499,32,4,,0,80,,15500,32,4,,0,40,,15501,32,4,,0,86,,15502,32,4,,0,88,,15503,32,4,,0,85,,15504,32,4,,0,45,,15505,32,4,,0,85,,15506,32,4,,0,85,,15507,32,4,,0,85,,15508,32,4,,0,45,,15509,32,4,,0,85,,15510,32,4,,0,85,,15511,32,4,,0,85,,15512,32,4,,0,45,,15513,32,4,,0,85,,15514,32,4,,0,85,,15515,32,4,,0,85,,15516,32,4,,0,42,,15517,32,4,,0
