13019,'1004',841,,11263,20,,,0,80,,11264,20,,,0,80,,11265,20,,,0,40,,11266,20,,,0,86,,11267,20,,,0,85,,11268,20,,,0,45,,11269,20,,,0,85,,11270,20,,,0,85,,11271,20,,,0,85,,11272,20,,,0,45,,11273,20,,,0,85,,11274,20,,,0,85,,11275,20,,,0,85,,11276,20,,,0,45,,11277,20,,,0,85,,11278,20,,,0,84,,11279,20,,,0,85,,11280,20,,,0,45,,11281,20,,,0
13019,'994',1913,,11262,20,,,0,45,,11257,20,,,0,85,,11258,20,,,0,85,,11260,20,,,0,83,,11259,20,,,0,45,,11261,20,,,0
13019,'995',610,,11282,20,,,0,40,,11283,20,,,0,80,,11284,20,,,0,80,,11285,20,,,0,41,,11286,20,,,0,80,,11287,20,,,0,982,,11288,20,,,0,45,,11289,20,,,0,85,,11290,20,,,0,85,,11291,20,,,0,85,,11292,20,,,0,45,,11293,20,,,0
13019,'996',841,,11294,20,,,0,80,,11295,20,,,0,80,,11296,20,,,0,40,,11297,20,,,0,86,,11298,20,,,0,85,,11299,20,,,0,45,,11300,20,,,0,85,,11301,20,,,0,85,,11302,20,,,0,85,,11303,20,,,0,45,,11304,20,,,0,85,,11305,20,,,0,85,,11306,20,,,0,85,,11307,20,,,0,45,,11308,20,,,0,85,,11309,20,,,0,84,,11310,20,,,0,85,,11311,20,,,0,45,,11312,20,,,0
100003029,'1010',828,,12440,22,,,0,230,,12420,22,,,0,270,,12425,22,,,0,230,,12430,22,,,0,270,,12444,22,,,0
100003029,'1011',656,,12437,22,,,0,272,,12442,22,,,0,230,,12422,22,,,0,270,,12427,22,,,0,230,,12432,22,,,0
100003029,'1012',656,,12892,22,,,0,272,,12893,22,,,0,230,,12889,22,,,0,270,,12890,22,,,0,230,,12891,22,,,0
100003029,'1015',828,,14047,22,,,0,230,,14044,22,,,0,270,,14045,22,,,0,230,,14046,22,,,0,270,,14048,22,,,0
100003029,'1016',1058,,14049,22,,,0,270,,14050,22,,,0,230,,14051,22,,,0,270,,14052,22,,,0
100003029,'994',631,,12436,22,,,0,95,,12438,22,,,0,32,,12439,22,,,0,100,,12441,22,,,0,100,,12435,22,,,0,70,,12419,22,,,0,100,,12421,22,,,0,100,,12423,22,,,0,30,,12424,22,,,0,100,,12426,22,,,0,100,,12428,22,,,0,70,,12429,22,,,0,100,,12431,22,,,0,100,,12433,22,,,0,30,,12434,22,,,0,100,,12443,22,,,0
100003029,'995',958,,12461,22,,,0,70,,12445,22,,,0,100,,12447,22,,,0,30,,12448,22,,,0,70,,12449,22,,,0,30,,12450,22,,,0,100,,12452,22,,,0,70,,12453,22,,,0,30,,12454,22,,,0,70,,12455,22,,,0,100,,12457,22,,,0,30,,12458,22,,,0,70,,12459,22,,,0,30,,12460,22,,,0,100,,12463,22,,,0
