15019,'976',816,,4974,8,,,0,40,,4975,8,,,0,80,,4976,8,,,0,79,,4977,8,,,0,43,,4978,8,,,0,85,,4979,8,,,0,85,,4980,8,,,0,85,,4981,8,,,0,45,,4982,8,,,0,85,,4983,8,,,0,85,,4984,8,,,0,85,,4985,8,,,0,45,,4986,8,,,0,85,,4987,8,,,0,85,,4988,8,,,0,85,,4989,8,,,0,45,,4990,8,,,0,85,,4991,8,,,0,85,,4992,8,,,0,85,,4993,8,,,0
15019,'979',649,,1996,8,,,0,70,,1997,8,,,0,30,,1998,8,,,0,70,,1999,8,,,0,30,,2000,8,,,0,70,,2001,8,,,0,30,,2002,8,,,0,70,,2003,8,,,0,30,,2004,8,,,0,70,,2005,8,,,0,30,,2006,8,,,0,70,,2007,8,,,0,30,,2008,8,,,0,70,,2009,8,,,0,30,,2010,8,,,0,70,,2011,8,,,0,30,,2012,8,,,0,70,,2013,8,,,0,30,,2014,8,,,0,70,,2015,8,,,0,30,,2016,8,,,0,70,,2017,8,,,0,30,,2018,8,,,0,70,,2019,8,,,0,30,,2020,8,,,0,80,,2021,8,,,0,85,,2022,8,,,0,44,,2023,8,,,0,85,,2025,8,,,0,85,,2026,8,,,0,85,,2024,8,,,0
15019,'983',816,,1976,8,,,0,40,,1977,8,,,0,80,,1978,8,,,0,79,,1979,8,,,0,43,,1980,8,,,0,85,,1981,8,,,0,85,,1982,8,,,0,85,,1983,8,,,0,45,,1984,8,,,0,85,,1985,8,,,0,85,,1986,8,,,0,85,,1987,8,,,0,45,,1988,8,,,0,85,,1989,8,,,0,85,,1990,8,,,0,85,,1991,8,,,0,45,,1992,8,,,0,85,,1993,8,,,0,85,,1994,8,,,0,85,,1995,8,,,0
15019,'985',649,,4994,8,,,0,70,,4995,8,,,0,30,,4996,8,,,0,70,,4997,8,,,0,30,,4998,8,,,0,70,,4999,8,,,0,30,,5000,8,,,0,70,,5001,8,,,0,30,,5002,8,,,0,70,,5003,8,,,0,30,,5004,8,,,0,70,,5005,8,,,0,30,,5006,8,,,0,70,,5007,8,,,0,30,,5008,8,,,0,70,,5009,8,,,0,30,,5010,8,,,0,70,,5011,8,,,0,30,,5012,8,,,0,70,,5013,8,,,0,30,,5014,8,,,0,70,,5015,8,,,0,30,,5016,8,,,0,70,,5017,8,,,0,30,,5018,8,,,0,80,,5019,8,,,0,85,,5020,8,,,0,44,,5021,8,,,0,85,,5023,8,,,0,85,,5024,8,,,0,85,,5022,8,,,0
15019,'986',625,,5025,8,,,0,80,,5027,8,,,0,40,,5028,8,,,0,80,,5026,8,,,0,81,,5029,8,,,0,40,,5030,8,,,0,75,,5032,8,,,0,30,,5033,8,,,0,70,,5034,8,,,0,30,,5035,8,,,0,70,,5036,8,,,0,30,,5037,8,,,0,70,,5038,8,,,0,30,,5039,8,,,0,70,,5040,8,,,0,30,,5041,8,,,0,70,,5042,8,,,0,30,,5043,8,,,0,70,,5044,8,,,0,30,,5045,8,,,0,70,,5046,8,,,0,30,,5047,8,,,0,70,,5048,8,,,0,30,,5049,8,,,0,77,,5050,8,,,0,85,,5051,8,,,0,44,,5052,8,,,0,85,,5053,8,,,0,85,,5054,8,,,0,85,,5031,8,,,0
15019,'987',816,,5055,8,,,0,40,,5056,8,,,0,80,,5057,8,,,0,79,,5058,8,,,0,43,,5059,8,,,0,85,,5060,8,,,0,85,,5061,8,,,0,85,,5062,8,,,0,45,,5063,8,,,0,85,,5064,8,,,0,85,,5065,8,,,0,85,,5066,8,,,0,45,,5067,8,,,0,85,,5068,8,,,0,85,,5069,8,,,0,85,,5070,8,,,0,45,,5071,8,,,0,85,,5072,8,,,0,85,,5073,8,,,0,85,,5074,8,,,0
15029,'976',843,,5075,18,,,0,80,,5076,18,,,0,80,,5077,18,,,0,43,,5078,18,,,0,83,,5079,18,,,0,85,,5080,18,,,0,45,,5081,18,,,0,85,,5082,18,,,0,85,,5083,18,,,0,85,,5084,18,,,0,45,,5085,18,,,0,85,,5086,18,,,0,85,,5087,18,,,0,85,,5088,18,,,0,41,,5089,18,,,0,85,,5090,18,,,0,85,,5091,18,,,0,85,,5092,18,,,0,45,,5093,18,,,0,85,,5094,18,,,0
15029,'979',656,,2097,18,,,0,67,,2098,18,,,0,30,,2099,18,,,0,70,,2100,18,,,0,30,,2101,18,,,0,70,,2102,18,,,0,30,,2103,18,,,0,70,,2104,18,,,0,30,,2105,18,,,0,70,,2106,18,,,0,30,,2107,18,,,0,70,,2108,18,,,0,30,,2109,18,,,0,70,,2110,18,,,0,30,,2111,18,,,0,70,,2112,18,,,0,30,,2113,18,,,0,70,,2114,18,,,0,30,,2115,18,,,0,70,,2116,18,,,0,30,,2117,18,,,0,70,,2118,18,,,0,30,,2119,18,,,0,70,,2120,18,,,0,30,,2121,18,,,0,70,,2122,18,,,0,78,,2123,18,,,0,45,,2124,18,,,0,79,,2125,18,,,0,85,,2127,18,,,0,45,,2128,18,,,0,85,,2126,18,,,0
15029,'983',843,,2077,18,,,0,80,,2078,18,,,0,80,,2079,18,,,0,43,,2080,18,,,0,83,,2081,18,,,0,85,,2082,18,,,0,45,,2083,18,,,0,85,,2084,18,,,0,85,,2085,18,,,0,85,,2086,18,,,0,45,,2087,18,,,0,85,,2088,18,,,0,85,,2089,18,,,0,85,,2090,18,,,0,41,,2091,18,,,0,85,,2092,18,,,0,85,,2093,18,,,0,85,,2094,18,,,0,45,,2095,18,,,0,85,,2096,18,,,0
15029,'985',656,,5095,18,,,0,67,,5096,18,,,0,30,,5097,18,,,0,70,,5098,18,,,0,30,,5099,18,,,0,70,,5100,18,,,0,30,,5101,18,,,0,70,,5102,18,,,0,30,,5103,18,,,0,70,,5104,18,,,0,30,,5105,18,,,0,70,,5106,18,,,0,30,,5107,18,,,0,70,,5108,18,,,0,30,,5109,18,,,0,70,,5110,18,,,0,30,,5111,18,,,0,70,,5112,18,,,0,30,,5113,18,,,0,70,,5114,18,,,0,30,,5115,18,,,0,70,,5116,18,,,0,30,,5117,18,,,0,70,,5118,18,,,0,30,,5119,18,,,0,70,,5120,18,,,0,78,,5121,18,,,0,45,,5122,18,,,0,79,,5123,18,,,0,85,,5125,18,,,0,45,,5126,18,,,0,85,,5124,18,,,0
15029,'986',653,,5127,18,,,0,80,,5129,18,,,0,80,,5130,18,,,0,40,,5128,18,,,0,84,,5131,18,,,0,80,,5132,18,,,0,35,,5134,18,,,0,70,,5135,18,,,0,30,,5136,18,,,0,70,,5137,18,,,0,30,,5138,18,,,0,70,,5139,18,,,0,30,,5140,18,,,0,70,,5141,18,,,0,30,,5142,18,,,0,70,,5143,18,,,0,30,,5144,18,,,0,70,,5145,18,,,0,30,,5146,18,,,0,70,,5147,18,,,0,30,,5148,18,,,0,70,,5149,18,,,0,30,,5150,18,,,0,70,,5151,18,,,0,37,,5152,18,,,0,85,,5153,18,,,0,81,,5154,18,,,0,85,,5155,18,,,0,45,,5156,18,,,0,85,,5133,18,,,0
15029,'987',843,,5157,18,,,0,80,,5158,18,,,0,80,,5159,18,,,0,43,,5160,18,,,0,83,,5161,18,,,0,85,,5162,18,,,0,45,,5163,18,,,0,85,,5164,18,,,0,85,,5165,18,,,0,85,,5166,18,,,0,45,,5167,18,,,0,85,,5168,18,,,0,85,,5169,18,,,0,85,,5170,18,,,0,41,,5171,18,,,0,85,,5172,18,,,0,85,,5173,18,,,0,85,,5174,18,,,0,45,,5175,18,,,0,85,,5176,18,,,0
