17019,'1011',636,,13875,10,,,0,170,,13876,10,,,0,100,,13877,10,,,0,130,,13878,10,,,0,100,,13879,10,,,0,170,,13880,10,,,0,100,,13881,10,,,0,130,,13882,10,,,0,100,,13883,10,,,0,170,,13884,10,,,0,100,,13885,10,,,0
17019,'1017',838,,11813,10,,,0,80,,11814,10,,,0,40,,11815,10,,,0,80,,11816,10,,,0,86,,11817,10,,,0,85,,11818,10,,,0,45,,11819,10,,,0,85,,11820,10,,,0,85,,11821,10,,,0,85,,11822,10,,,0,45,,11823,10,,,0,85,,11824,10,,,0,85,,11825,10,,,0,85,,11826,10,,,0,45,,11827,10,,,0,85,,11828,10,,,0,85,,11829,10,,,0,85,,11830,10,,,0,45,,11831,10,,,0,82,,11832,10,,,0
17019,'1022',1951,,13886,10,,,0,170,,13887,10,,,0,85,,13888,10,,,0,130,,13889,10,,,0
17019,'1025',1951,,15226,10,,,0,170,,15227,10,,,0,85,,15228,10,,,0,130,,15229,10,,,0
17019,'1026',606,,15238,10,,,0,40,,15230,10,,,0,80,,15231,10,,,0,80,,15232,10,,,0,40,,15233,10,,,0,1105,,15234,10,,,0,85,,15236,10,,,0,85,,15235,10,,,0,85,,15237,10,,,0,45,,15240,10,,,0,85,,15239,10,,,0
17019,'994',611,,11812,10,,,0,95,,11781,10,,,0,30,,11782,10,,,0,100,,11784,10,,,0,100,,11786,10,,,0,70,,11787,10,,,0,100,,11789,10,,,0,100,,11791,10,,,0,30,,11792,10,,,0,100,,11794,10,,,0,100,,11796,10,,,0,70,,11797,10,,,0,100,,11799,10,,,0,100,,11801,10,,,0,30,,11802,10,,,0,100,,11804,10,,,0,200,,11807,10,,,0,215,,11810,10,,,0
17019,'995',926,,11837,10,,,0,80,,11838,10,,,0,30,,13903,10,,,0,70,,13894,10,,,0,30,,13895,10,,,0,70,,13898,10,,,0,30,,11841,10,,,0,70,,13899,10,,,0,30,,13896,10,,,0,70,,13897,10,,,0,30,,13901,10,,,0,70,,11848,10,,,0,30,,13913,10,,,0,70,,13900,10,,,0,30,,13911,10,,,0,70,,13912,10,,,0,30,,11860,10,,,0,70,,13902,10,,,0,30,,13914,10,,,0,70,,13915,10,,,0
17019,'996',838,,11864,10,,,0,80,,11865,10,,,0,40,,11866,10,,,0,80,,11867,10,,,0,86,,11868,10,,,0,85,,11869,10,,,0,45,,11870,10,,,0,85,,11871,10,,,0,85,,11872,10,,,0,85,,11873,10,,,0,45,,11874,10,,,0,85,,11875,10,,,0,85,,11876,10,,,0,85,,11877,10,,,0,45,,11878,10,,,0,85,,11879,10,,,0,85,,11880,10,,,0,85,,11881,10,,,0,45,,11882,10,,,0,82,,11883,10,,,0
17029,'1011',656,,13916,26,,,0,170,,13925,26,,,0,100,,13926,26,,,0,130,,13927,26,,,0,100,,13917,26,,,0,170,,13928,26,,,0,100,,13929,26,,,0,130,,13918,26,,,0,100,,13919,26,,,0,170,,13924,26,,,0,100,,13920,26,,,0
17029,'1017',858,,11917,26,,,0,80,,11918,26,,,0,80,,11919,26,,,0,40,,11920,26,,,0,86,,11921,26,,,0,85,,11922,26,,,0,85,,11923,26,,,0,45,,11924,26,,,0,85,,11925,26,,,0,85,,11926,26,,,0,85,,11927,26,,,0,45,,11928,26,,,0,85,,11929,26,,,0,85,,11930,26,,,0,85,,11931,26,,,0,45,,11932,26,,,0,85,,11933,26,,,0,85,,11934,26,,,0,85,,11935,26,,,0,42,,11936,26,,,0
17029,'1022',2011,,13921,26,,,0,130,,13922,26,,,0,85,,13923,26,,,0,130,,13930,26,,,0
17029,'1025',2011,,15241,26,,,0,130,,15242,26,,,0,85,,15243,26,,,0,130,,15244,26,,,0
17029,'1026',626,,15245,26,,,0,80,,15246,26,,,0,40,,15247,26,,,0,80,,15248,26,,,0,80,,15249,26,,,0,1105,,15250,26,,,0,45,,15252,26,,,0,85,,15251,26,,,0,85,,15253,26,,,0,85,,15255,26,,,0,45,,15254,26,,,0
17029,'994',631,,11916,26,,,0,95,,11885,26,,,0,30,,11886,26,,,0,100,,11887,26,,,0,100,,11888,26,,,0,70,,11889,26,,,0,100,,11911,26,,,0,100,,11912,26,,,0,30,,11890,26,,,0,100,,11892,26,,,0,100,,11893,26,,,0,70,,11907,26,,,0,100,,11906,26,,,0,100,,11905,26,,,0,30,,11896,26,,,0,100,,11897,26,,,0,200,,11900,26,,,0,255,,11903,26,,,0
17029,'995',946,,11942,26,,,0,80,,11943,26,,,0,30,,13945,26,,,0,70,,13936,26,,,0,30,,13937,26,,,0,70,,13940,26,,,0,30,,11946,26,,,0,70,,13941,26,,,0,30,,13938,26,,,0,70,,13939,26,,,0,30,,13943,26,,,0,70,,11953,26,,,0,30,,13952,26,,,0,70,,13942,26,,,0,30,,13953,26,,,0,70,,13954,26,,,0,30,,11964,26,,,0,70,,13944,26,,,0,30,,13955,26,,,0,70,,13956,26,,,0
17029,'996',858,,11968,26,,,0,80,,11969,26,,,0,80,,11970,26,,,0,40,,11971,26,,,0,86,,11972,26,,,0,85,,11973,26,,,0,85,,11974,26,,,0,45,,11975,26,,,0,85,,11976,26,,,0,85,,11977,26,,,0,85,,11978,26,,,0,45,,11979,26,,,0,85,,11980,26,,,0,85,,11981,26,,,0,85,,11982,26,,,0,45,,11983,26,,,0,85,,11984,26,,,0,85,,11985,26,,,0,85,,11986,26,,,0,42,,11987,26,,,0
