11029,'994',605,,7901,9,,,0,30,,7902,9,,,0,70,,7903,9,,,0,30,,7904,9,,,0,70,,7905,9,,,0,30,,7906,9,,,0,70,,7907,9,,,0,30,,7900,9,,,0,70,,7884,9,,,0,30,,7885,9,,,0,70,,7886,9,,,0,30,,7887,9,,,0,70,,7888,9,,,0,30,,7889,9,,,0,70,,7890,9,,,0,30,,7891,9,,,0,70,,7892,9,,,0,30,,7893,9,,,0,70,,7894,9,,,0,30,,7895,9,,,0,70,,7896,9,,,0,30,,7897,9,,,0,70,,7898,9,,,0,30,,7899,9,,,0,70,,7909,9,,,0,30,,7908,9,,,0
11029,'995',1005,,7910,9,,,0,30,,7911,9,,,0,70,,7912,9,,,0,30,,7913,9,,,0,70,,7914,9,,,0,30,,7915,9,,,0,70,,7916,9,,,0,30,,7917,9,,,0,70,,7918,9,,,0,30,,7919,9,,,0,70,,7920,9,,,0,30,,7921,9,,,0,70,,7922,9,,,0,30,,7923,9,,,0,70,,7924,9,,,0,30,,7925,9,,,0,70,,7926,9,,,0,30,,7927,9,,,0
13019,'993',833,,7978,9,,,0,80,,7979,9,,,0,40,,7980,9,,,0,80,,7981,9,,,0,85,,7982,9,,,0,85,,7983,9,,,0,45,,7984,9,,,0,85,,7985,9,,,0,85,,7986,9,,,0,85,,7987,9,,,0,45,,7988,9,,,0,85,,7989,9,,,0,85,,7990,9,,,0,85,,7991,9,,,0,45,,7992,9,,,0,85,,7993,9,,,0,85,,7994,9,,,0,85,,7995,9,,,0,45,,7996,9,,,0
13019,'994',1904,,8002,9,,,0,45,,7997,9,,,0,85,,7998,9,,,0,85,,8000,9,,,0,84,,7999,9,,,0,45,,8001,9,,,0
13019,'995',603,,8003,9,,,0,40,,8004,9,,,0,80,,8005,9,,,0,80,,8006,9,,,0,40,,8007,9,,,0,80,,8008,9,,,0,981,,8009,9,,,0,45,,8010,9,,,0,85,,8011,9,,,0,85,,8012,9,,,0,85,,8013,9,,,0,45,,8014,9,,,0
13019,'996',833,,8015,9,,,0,80,,8016,9,,,0,40,,8017,9,,,0,80,,8018,9,,,0,85,,8019,9,,,0,85,,8020,9,,,0,45,,8021,9,,,0,85,,8022,9,,,0,85,,8023,9,,,0,85,,8024,9,,,0,45,,8025,9,,,0,85,,8026,9,,,0,85,,8027,9,,,0,85,,8028,9,,,0,45,,8029,9,,,0,85,,8030,9,,,0,85,,8031,9,,,0,85,,8032,9,,,0,45,,8033,9,,,0
130003019,'993',755,,9285,8,0,14,0,60,,9317,8,0,7 8,0,20,,9286,8,0,14,0,20,,9311,8,0,7 8,0,60,,9287,8,0,14,0,20,,9314,8,0,7 8,0,20,,9288,8,0,14,0,60,,9312,8,0,7 8,0,20,,9289,8,0,14,0,23,,9315,8,0,7 8,0,62,,9290,8,0,14,0,23,,9313,8,0,7 8,0,63,,9291,8,0,14,0,23,,9316,8,0,7 8,0,22,,9292,8,0,14,0,63,,9293,8,0,7 8,0,22,,9294,8,0,14,0,23,,9295,8,0,7 8,0,62,,9296,8,0,14,0,23,,9297,8,0,7 8,0,62,,9298,8,0,14,0,23,,9299,8,0,7 8,0,22,,9300,8,0,14,0,63,,9301,8,0,7 8,0,22,,9302,8,0,14,0,23,,9303,8,0,7 8,0,62,,9304,8,0,14,0,23,,9305,8,0,7 8,0,62,,9306,8,0,14,0,23,,9319,8,0,7 8,0,22,,9318,8,0,14,0,85,,9307,8,0,14,0,85,,9308,8,0,14,0,85,,9309,8,0,14,0,45,,9320,8,0,14,0,85,,9310,8,0,7 8,0
130003019,'994',615,,9364,8,0,13,0,15,,9365,8,0,14,0,21,,9366,8,0,14,0,55,,9367,8,0,13,0,15,,9368,8,0,14,0,15,,9369,8,0,13,0,15,,9370,8,0,14,0,55,,9371,8,0,13,0,15,,9372,8,0,14,0,15,,9373,8,0,13,0,15,,9374,8,0,14,0,55,,9375,8,0,13,0,15,,9376,8,0,14,0,15,,9377,8,0,13,0,15,,9363,8,0,14,0,55,,9321,8,0,13,0,15,,9322,8,0,14,0,15,,9323,8,0,13,0,15,,9324,8,0,14,0,55,,9325,8,0,13,0,15,,9326,8,0,14,0,15,,9327,8,0,13,0,15,,9328,8,0,14,0,55,,9329,8,0,13,0,15,,9330,8,0,14,0,15,,9331,8,0,13,0,15,,9332,8,0,14,0,55,,9333,8,0,13,0,15,,9334,8,0,14,0,15,,9335,8,0,13,0,15,,9336,8,0,14,0,55,,9337,8,0,13,0,15,,9338,8,0,14,0,15,,9339,8,0,13,0,15,,9340,8,0,14,0,55,,9341,8,0,13,0,15,,9342,8,0,14,0,15,,9343,8,0,13,0,15,,9344,8,0,14,0,55,,9345,8,0,13,0,15,,9346,8,0,14,0,15,,9347,8,0,13,0,15,,9348,8,0,14,0,55,,9349,8,0,13,0,15,,9350,8,0,14,0,15,,9351,8,0,13,0,15,,9352,8,0,14,0,55,,9358,8,0,13,0,15,,9360,8,0,14,0,15,,9356,8,0,13,0,15,,9361,8,0,14,0,55,,9354,8,0,13,0,23,,9362,8,0,7 8,0,22,,9353,8,0,14,0,63,,9378,8,0,7 8,0,22,,9359,8,0,14,0,23,,9379,8,0,7 8,0,62,,9357,8,0,14,0,23,,9380,8,0,7 8,0,62,,9355,8,0,14,0,45,,9382,8,0,14,0,83,,9381,8,0,7 8,0,80,,9383,8,0,7 8,0
130003019,'995',605,,9384,8,0,14,0,20,,9385,8,0,7 8,0,20,,9386,8,0,14,0,60,,9387,8,0,7 8,0,20,,9388,8,0,14,0,20,,9389,8,0,7 8,0,60,,9390,8,0,14,0,20,,9391,8,0,7 8,0,20,,9392,8,0,14,0,60,,9393,8,0,7 8,0,20,,9394,8,0,14,0,20,,9395,8,0,13,0,61,,9396,8,0,13,0,15,,9397,8,0,14,0,15,,9398,8,0,13,0,15,,9399,8,0,14,0,55,,9400,8,0,13,0,15,,9401,8,0,14,0,15,,9402,8,0,13,0,15,,9403,8,0,14,0,55,,9404,8,0,13,0,15,,9405,8,0,14,0,15,,9406,8,0,13,0,15,,9407,8,0,14,0,55,,9408,8,0,13,0,15,,9409,8,0,14,0,15,,9410,8,0,13,0,15,,9411,8,0,14,0,55,,9412,8,0,13,0,15,,9413,8,0,14,0,15,,9414,8,0,13,0,15,,9415,8,0,14,0,55,,9416,8,0,13,0,15,,9417,8,0,14,0,15,,9418,8,0,13,0,15,,9419,8,0,14,0,55,,9420,8,0,13,0,15,,9421,8,0,14,0,15,,9422,8,0,13,0,15,,9423,8,0,14,0,55,,9424,8,0,13,0,15,,9425,8,0,14,0,15,,9426,8,0,13,0,15,,9427,8,0,14,0,55,,9428,8,0,13,0,15,,9443,8,0,14,0,15,,9435,8,0,13,0,15,,9429,8,0,14,0,55,,9436,8,0,13,0,22,,9430,8,0,7 8,0,23,,9437,8,0,14,0,63,,9431,8,0,7 8,0,22,,9440,8,0,14,0,23,,9432,8,0,7 8,0,62,,9439,8,0,14,0,23,,9433,8,0,7 8,0,62,,9438,8,0,14,0,45,,9434,8,0,14,0,83,,9442,8,0,7 8,0,80,,9441,8,0,7 8,0
130003019,'996',755,,9444,8,0,14,0,60,,9476,8,0,7 8,0,20,,9445,8,0,14,0,20,,9470,8,0,7 8,0,60,,9446,8,0,14,0,20,,9473,8,0,7 8,0,20,,9447,8,0,14,0,60,,9471,8,0,7 8,0,20,,9448,8,0,14,0,23,,9474,8,0,7 8,0,62,,9449,8,0,14,0,23,,9472,8,0,7 8,0,63,,9450,8,0,14,0,23,,9475,8,0,7 8,0,22,,9451,8,0,14,0,63,,9452,8,0,7 8,0,22,,9453,8,0,14,0,23,,9454,8,0,7 8,0,62,,9455,8,0,14,0,23,,9456,8,0,7 8,0,62,,9457,8,0,14,0,23,,9458,8,0,7 8,0,22,,9459,8,0,14,0,63,,9460,8,0,7 8,0,22,,9461,8,0,14,0,23,,9462,8,0,7 8,0,62,,9463,8,0,14,0,23,,9464,8,0,7 8,0,62,,9465,8,0,14,0,23,,9478,8,0,7 8,0,22,,9477,8,0,14,0,85,,9466,8,0,14,0,85,,9467,8,0,14,0,85,,9468,8,0,14,0,45,,9479,8,0,14,0,85,,9469,8,0,7 8,0
