1029,'976',815,,3473,10,,,0,40,,3474,10,,,0,60,,261,10,,,0,20,,3491,10,,,0,20,,263,10,,,0,60,,3475,10,,,0,20,,265,10,,,0,23,,3476,10,,,0,62,,260,10,,,0,23,,3477,10,,,0,62,,264,10,,,0,23,,3478,10,,,0,22,,262,10,,,0,63,,3479,10,,,0,22,,266,10,,,0,23,,3480,10,,,0,62,,267,10,,,0,23,,3481,10,,,0,62,,268,10,,,0,23,,3482,10,,,0,22,,269,10,,,0,63,,3483,10,,,0,22,,270,10,,,0,23,,3484,10,,,0,62,,271,10,,,0,23,,3485,10,,,0,62,,253,10,,,0,23,,3493,10,,,0,85,,3490,10,,,0,45,,3486,10,,,0,85,,3487,10,,,0,85,,3489,10,,,0,85,,3488,10,,,0,45,,3492,10,,,0
1029,'979',605,,174,10,,,0,30,,175,10,,,0,70,,176,10,,,0,30,,177,10,,,0,70,,178,10,,,0,30,,179,10,,,0,70,,180,10,,,0,30,,181,10,,,0,70,,182,10,,,0,30,,183,10,,,0,70,,184,10,,,0,30,,185,10,,,0,70,,186,10,,,0,30,,187,10,,,0,70,,188,10,,,0,30,,189,10,,,0,70,,190,10,,,0,30,,191,10,,,0,70,,192,10,,,0,30,,193,10,,,0,70,,194,10,,,0,30,,195,10,,,0,70,,196,10,,,0,30,,197,10,,,0,70,,198,10,,,0,30,,199,10,,,0,70,,207,10,,,0,21,,200,10,,,0,85,,201,10,,,0,45,,203,10,,,0,85,,204,10,,,0,85,,205,10,,,0,85,,202,10,,,0,45,,206,10,,,0
1029,'983',815,,140,10,,,0,40,,141,10,,,0,80,,159,10,,,0,80,,142,10,,,0,43,,143,10,,,0,85,,144,10,,,0,85,,145,10,,,0,85,,146,10,,,0,45,,147,10,,,0,85,,148,10,,,0,85,,149,10,,,0,85,,150,10,,,0,45,,151,10,,,0,85,,152,10,,,0,85,,173,10,,,0,85,,158,10,,,0,45,,154,10,,,0,85,,155,10,,,0,85,,157,10,,,0,85,,156,10,,,0,45,,172,10,,,0
1029,'984',915,,161,10,,,0,40,,163,10,,,0,80,,165,10,,,0,85,,160,10,,,0,85,,164,10,,,0,45,,162,10,,,0,85,,166,10,,,0,85,,167,10,,,0,85,,168,10,,,0,45,,169,10,,,0,85,,170,10,,,0,85,,171,10,,,0,85,,153,10,,,0
1029,'985',605,,3494,10,,,0,30,,3495,10,,,0,70,,3496,10,,,0,30,,3497,10,,,0,70,,3498,10,,,0,30,,3499,10,,,0,70,,3500,10,,,0,30,,3501,10,,,0,70,,3502,10,,,0,30,,3503,10,,,0,70,,3504,10,,,0,30,,3505,10,,,0,70,,3506,10,,,0,30,,3507,10,,,0,70,,3508,10,,,0,30,,3509,10,,,0,70,,3510,10,,,0,30,,3511,10,,,0,70,,3512,10,,,0,30,,3513,10,,,0,70,,3514,10,,,0,30,,3515,10,,,0,70,,3516,10,,,0,30,,3517,10,,,0,70,,3518,10,,,0,30,,3519,10,,,0,70,,3527,10,,,0,21,,3520,10,,,0,85,,3521,10,,,0,45,,3523,10,,,0,85,,3524,10,,,0,85,,3525,10,,,0,85,,3522,10,,,0,45,,3526,10,,,0
1029,'986',625,,3528,10,,,0,80,,3529,10,,,0,40,,3530,10,,,0,80,,3531,10,,,0,80,,3532,10,,,0,40,,3533,10,,,0,60,,3535,10,,,0,30,,3534,10,,,0,70,,3537,10,,,0,30,,3536,10,,,0,70,,3539,10,,,0,30,,3538,10,,,0,70,,3541,10,,,0,30,,3540,10,,,0,70,,3543,10,,,0,30,,3542,10,,,0,70,,3545,10,,,0,30,,3544,10,,,0,70,,3547,10,,,0,30,,3546,10,,,0,70,,3549,10,,,0,30,,3548,10,,,0,70,,3558,10,,,0,30,,3550,10,,,0,70,,3559,10,,,0,22,,3551,10,,,0,84,,3553,10,,,0,45,,3552,10,,,0,85,,3554,10,,,0,85,,3556,10,,,0,85,,3555,10,,,0,45,,3557,10,,,0
1029,'987',815,,3560,10,,,0,40,,3561,10,,,0,80,,3578,10,,,0,80,,3562,10,,,0,43,,3563,10,,,0,85,,3564,10,,,0,85,,3565,10,,,0,85,,3566,10,,,0,45,,3567,10,,,0,85,,3568,10,,,0,85,,3569,10,,,0,85,,3570,10,,,0,45,,3571,10,,,0,85,,3572,10,,,0,85,,3580,10,,,0,85,,3577,10,,,0,45,,3573,10,,,0,85,,3574,10,,,0,85,,3576,10,,,0,85,,3575,10,,,0,45,,3579,10,,,0
12019,'979',633,,1623,24,,,0,25,,1624,24,,,0,72,,1625,24,,,0,70,,1626,24,,,0,30,,1627,24,,,0,70,,1628,24,,,0,30,,1629,24,,,0,70,,1630,24,,,0,30,,1607,24,,,0,70,,1608,24,,,0,30,,1609,24,,,0,70,,1610,24,,,0,30,,1611,24,,,0,70,,1612,24,,,0,30,,1613,24,,,0,70,,1614,24,,,0,30,,1615,24,,,0,70,,1616,24,,,0,30,,1617,24,,,0,70,,1618,24,,,0,30,,1619,24,,,0,70,,1620,24,,,0,30,,1621,24,,,0,70,,1622,24,,,0,30,,1606,24,,,0,70,,1631,24,,,0
12019,'982',717,,1633,24,,,0,120,,1635,24,,,0,120,,1637,24,,,0,143,,1639,24,,,0,100,,1641,24,,,0,100,,1643,24,,,0,100,,1645,24,,,0,100,,1647,24,,,0,100,,1649,24,,,0,100,,1651,24,,,0,100,,1653,24,,,0,100,,1655,24,,,0
12019,'985',633,,4633,24,,,0,25,,4634,24,,,0,72,,4635,24,,,0,70,,4636,24,,,0,30,,4637,24,,,0,70,,4638,24,,,0,30,,4639,24,,,0,70,,4640,24,,,0,30,,4617,24,,,0,70,,4618,24,,,0,30,,4619,24,,,0,70,,4620,24,,,0,30,,4621,24,,,0,70,,4622,24,,,0,30,,4623,24,,,0,70,,4624,24,,,0,30,,4625,24,,,0,70,,4626,24,,,0,30,,4627,24,,,0,70,,4628,24,,,0,30,,4629,24,,,0,70,,4630,24,,,0,30,,4631,24,,,0,70,,4632,24,,,0,30,,4616,24,,,0,70,,4641,24,,,0
12019,'986',635,,4642,24,,,0,122,,4643,24,,,0,160,,4644,24,,,0,113,,4645,24,,,0,100,,4646,24,,,0,100,,4647,24,,,0,100,,4648,24,,,0,100,,4649,24,,,0,100,,4650,24,,,0,100,,4651,24,,,0,100,,4652,24,,,0,100,,4653,24,,,0
