2019,'1021',629,,9996,14,0,12,0,25,,9997,14,0,12,0,100,,9999,14,0,12,0,70,,10000,14,0,12,0,100,,10002,14,0,12,0,30,,9995,14,0,12,0,100,,9974,14,0,12,0,70,,9975,14,0,12,0,100,,9977,14,0,12,0,30,,9978,14,0,12,0,100,,9980,14,0,12,0,70,,9981,14,0,12,0,100,,9983,14,0,12,0,30,,9984,14,0,12,0,100,,9986,14,0,12,0,70,,9987,14,0,12,0,100,,9949,14,0,12,0,85,,9950,14,0,12,0,45,,9951,14,0,12,0,85,,9952,14,0,12,0,85,,9953,14,0,12,0,85,,9954,14,0,12,0,45,,10003,14,0,12,0,85,,10005,14,0,5,0
2019,'1024',838,,10013,14,0,12,0,80,,10014,14,0,12,0,40,,10015,14,0,12,0,80,,10016,14,0,12,0,85,,10017,14,0,12,0,85,,10018,14,0,12,0,45,,10019,14,0,12,0,85,,10020,14,0,12,0,85,,10021,14,0,12,0,85,,10022,14,0,12,0,45,,10023,14,0,12,0,85,,10024,14,0,12,0,85,,10025,14,0,12,0,85,,10026,14,0,12,0,45,,10027,14,0,12,0,85,,10028,14,0,12,0,85,,10029,14,0,12,0,85,,10030,14,0,12,0,45,,10031,14,0,12,0,85,,10052,14,0,12,0
2019,'1025',629,,14254,14,0,12,0,25,,14255,14,0,12,0,100,,14256,14,0,12,0,70,,14257,14,0,12,0,100,,14258,14,0,12,0,30,,14253,14,0,12,0,100,,14239,14,0,12,0,70,,14240,14,0,12,0,100,,14241,14,0,12,0,30,,14242,14,0,12,0,100,,14243,14,0,12,0,70,,14244,14,0,12,0,100,,14245,14,0,12,0,30,,14246,14,0,12,0,100,,14247,14,0,12,0,70,,14248,14,0,12,0,100,,14221,14,0,12,0,85,,14222,14,0,12,0,45,,14223,14,0,12,0,85,,14224,14,0,12,0,85,,14225,14,0,12,0,85,,14226,14,0,12,0,45,,14259,14,0,12,0,85,,14261,14,0,5,0
2019,'1026',608,,14298,14,0,12,0,40,,14299,14,0,12,0,80,,14300,14,0,12,0,80,,14301,14,0,12,0,40,,14302,14,0,12,0,80,,14303,14,0,12,0,25,,14329,14,0,12,0,70,,14304,14,0,12,0,30,,14305,14,0,12,0,70,,14306,14,0,12,0,30,,14307,14,0,12,0,70,,14308,14,0,12,0,30,,14309,14,0,12,0,70,,14310,14,0,12,0,30,,14311,14,0,12,0,70,,14312,14,0,12,0,30,,14313,14,0,12,0,70,,14314,14,0,12,0,30,,14315,14,0,12,0,70,,14316,14,0,12,0,30,,14317,14,0,12,0,70,,14318,14,0,12,0,30,,14319,14,0,12,0,70,,14330,14,0,12,0,85,,14320,14,0,12,0,45,,14321,14,0,12,0,85,,14322,14,0,12,0,85,,14323,14,0,12,0,85,,14324,14,0,12,0,45,,14325,14,0,12,0,85,,14326,14,0,5,0
2019,'1027',838,,14332,14,0,12,0,80,,14333,14,0,12,0,40,,14334,14,0,12,0,80,,14335,14,0,12,0,85,,14336,14,0,12,0,85,,14337,14,0,12,0,45,,14338,14,0,12,0,85,,14339,14,0,12,0,85,,14340,14,0,12,0,85,,14341,14,0,12,0,45,,14342,14,0,12,0,85,,14343,14,0,12,0,85,,14344,14,0,12,0,85,,14345,14,0,12,0,45,,14346,14,0,12,0,85,,14347,14,0,12,0,85,,14348,14,0,12,0,85,,14349,14,0,12,0,45,,14350,14,0,12,0,85,,14371,14,0,12,0
2019,'994',724,,9998,14,0,12,0,130,,10001,14,0,12,0,170,,9973,14,0,12,0,130,,9976,14,0,12,0,170,,9979,14,0,12,0,130,,9982,14,0,12,0,170,,9985,14,0,12,0,130,,9948,14,0,12,0
2019,'996',838,,14372,14,0,12,0,80,,14373,14,0,12,0,40,,14374,14,0,12,0,80,,14375,14,0,12,0,85,,14376,14,0,12,0,85,,14377,14,0,12,0,45,,14378,14,0,12,0,85,,14379,14,0,12,0,85,,14380,14,0,12,0,85,,14381,14,0,12,0,45,,14382,14,0,12,0,85,,14383,14,0,12,0,85,,14384,14,0,12,0,85,,14385,14,0,12,0,45,,14386,14,0,12,0,85,,14387,14,0,12,0,85,,14388,14,0,12,0,85,,14389,14,0,12,0,45,,14390,14,0,12,0,85,,14411,14,0,12,0
15029,'1011',725,,13793,21,,,0,100,,13794,21,,,0,130,,13795,21,,,0,100,,13796,21,,,0,170,,13797,21,,,0,100,,13798,21,,,0,130,,13799,21,,,0,100,,13800,21,,,0,170,,13801,21,,,0,100,,13802,21,,,0,178,,13803,21,,,0,45,,13804,21,,,0,78,,13805,21,,,0,85,,13807,21,,,0,45,,13808,21,,,0,85,,13806,21,,,0
15029,'1017',845,,13835,21,,,0,80,,13836,21,,,0,80,,13837,21,,,0,43,,13838,21,,,0,83,,13839,21,,,0,85,,13840,21,,,0,85,,13841,21,,,0,45,,13842,21,,,0,85,,13843,21,,,0,85,,13844,21,,,0,85,,13845,21,,,0,45,,13846,21,,,0,85,,13847,21,,,0,85,,13848,21,,,0,41,,13849,21,,,0,85,,13850,21,,,0,85,,13851,21,,,0,85,,13852,21,,,0,45,,13853,21,,,0,85,,13854,21,,,0
15029,'994',658,,11678,21,,,0,97,,11680,21,,,0,100,,11682,21,,,0,70,,11683,21,,,0,100,,11685,21,,,0,100,,11687,21,,,0,30,,11688,21,,,0,100,,11690,21,,,0,100,,11692,21,,,0,70,,11693,21,,,0,100,,11695,21,,,0,100,,11697,21,,,0,30,,11698,21,,,0,100,,11700,21,,,0,100,,11702,21,,,0,68,,11703,21,,,0
15029,'995',654,,13809,21,,,0,80,,13811,21,,,0,80,,13812,21,,,0,40,,13810,21,,,0,85,,13813,21,,,0,80,,13814,21,,,0,35,,13816,21,,,0,70,,13817,21,,,0,30,,11739,21,,,0,70,,13818,21,,,0,30,,13819,21,,,0,70,,13820,21,,,0,30,,13821,21,,,0,70,,11744,21,,,0,30,,13822,21,,,0,70,,13823,21,,,0,30,,13824,21,,,0,70,,13825,21,,,0,30,,11749,21,,,0,70,,13826,21,,,0,30,,13827,21,,,0,70,,13828,21,,,0,30,,13829,21,,,0,70,,11754,21,,,0,77,,13830,21,,,0,45,,13831,21,,,0,80,,13832,21,,,0,85,,13833,21,,,0,45,,13834,21,,,0,85,,13815,21,,,0
15029,'996',845,,13855,21,,,0,80,,13856,21,,,0,80,,13857,21,,,0,43,,13858,21,,,0,83,,13859,21,,,0,85,,13860,21,,,0,85,,13861,21,,,0,45,,13862,21,,,0,85,,13863,21,,,0,85,,13864,21,,,0,85,,13865,21,,,0,45,,13866,21,,,0,85,,13867,21,,,0,85,,13868,21,,,0,41,,13869,21,,,0,85,,13870,21,,,0,85,,13871,21,,,0,85,,13872,21,,,0,45,,13873,21,,,0,85,,13874,21,,,0
