30003019,'1003',636,,12193,17,,,0,66,,12194,17,,,0,99,,12196,17,,,0,30,,12197,17,,,0,70,,12198,17,,,0,30,,12199,17,,,0,99,,12170,17,,,0,71,,12171,17,,,0,30,,12172,17,,,0,70,,12173,17,,,0,100,,12175,17,,,0,30,,12176,17,,,0,70,,12177,17,,,0,30,,12178,17,,,0,100,,12180,17,,,0,70,,12181,17,,,0,30,,12182,17,,,0,70,,12183,17,,,0,100,,12185,17,,,0,29,,12187,17,,,0,70,,12186,17,0,9,0,30,,12192,17,,,0,85,,12190,17,,,0,85,,12189,17,,,0,45,,12191,17,,,0,85,,12188,17,,,0,85,,12201,17,0,7 8,0
30003019,'1004',858,,12202,17,,,0,80,,12203,17,,,0,80,,12204,17,,,0,40,,12205,17,,,0,86,,12206,17,,,0,88,,12207,17,,,0,85,,12208,17,,,0,85,,12209,17,,,0,45,,12210,17,,,0,85,,12211,17,,,0,85,,12212,17,,,0,85,,12213,17,,,0,45,,12214,17,,,0,85,,12215,17,,,0,85,,12216,17,,,0,85,,12217,17,,,0,45,,12218,17,,,0,85,,12219,17,,,0,85,,12221,17,0,9,0,42,,12220,17,0,9,0
30003019,'1006',732,,12195,17,,,0,269,,12200,17,,,0,230,,12174,17,,,0,270,,12179,17,,,0,230,,12184,17,,,0
30003019,'1007',732,,12877,17,,,0,269,,12878,17,,,0,230,,12874,17,,,0,270,,12875,17,,,0,230,,12876,17,,,0
30003019,'995',633,,12222,17,,,0,75,,12223,17,,,0,40,,12224,17,,,0,80,,12225,17,,,0,80,,12226,17,,,0,40,,12227,17,,,0,82,,12228,17,,,0,71,,12229,17,,,0,30,,12230,17,,,0,70,,12231,17,,,0,30,,12232,17,,,0,70,,12233,17,,,0,30,,12234,17,,,0,70,,12235,17,,,0,30,,12236,17,,,0,70,,12237,17,,,0,30,,12238,17,,,0,70,,12239,17,,,0,30,,12240,17,,,0,70,,12241,17,,,0,30,,12242,17,,,0,70,,12243,17,,,0,27,,12244,17,,,0,29,,12245,17,0,9,0,70,,12251,17,,,0,85,,12246,17,,,0,45,,12247,17,,,0,88,,12248,17,,,0,85,,12249,17,,,0,82,,12250,17,0,9,0
30003019,'996',858,,12252,17,,,0,80,,12253,17,,,0,80,,12254,17,,,0,40,,12255,17,,,0,86,,12256,17,,,0,88,,12257,17,,,0,85,,12258,17,,,0,85,,12259,17,,,0,45,,12260,17,,,0,85,,12261,17,,,0,85,,12262,17,,,0,85,,12263,17,,,0,45,,12264,17,,,0,85,,12265,17,,,0,85,,12266,17,,,0,85,,12267,17,,,0,45,,12268,17,,,0,85,,12269,17,,,0,85,,12271,17,0,9,0,42,,12270,17,0,9,0
100003019,'1003',645,,12391,9,,,0,97,,12393,9,,,0,70,,12394,9,,,0,30,,12395,9,,,0,70,,12396,9,,,0,100,,12374,9,,,0,30,,12375,9,,,0,70,,12376,9,,,0,30,,12377,9,,,0,100,,12379,9,,,0,70,,12380,9,,,0,30,,12381,9,,,0,70,,12382,9,,,0,100,,12384,9,,,0,30,,12385,9,,,0,70,,12386,9,,,0,30,,12387,9,,,0,100,,12389,9,,,0,70,,12390,9,,,0,30,,12398,9,,,0,70,,12399,9,0,9,0
100003019,'1006',712,,12392,9,,,0,230,,12397,9,,,0,270,,12378,9,,,0,230,,12383,9,,,0,270,,12388,9,,,0
100003019,'1007',712,,12887,9,,,0,230,,12888,9,,,0,270,,12884,9,,,0,230,,12885,9,,,0,270,,12886,9,,,0
100003019,'995',1012,,12400,9,,,0,30,,12401,9,,,0,70,,12402,9,,,0,30,,12403,9,,,0,70,,12404,9,,,0,30,,12405,9,,,0,70,,12406,9,,,0,30,,12407,9,,,0,70,,12408,9,,,0,30,,12409,9,,,0,70,,12410,9,,,0,30,,12411,9,,,0,70,,12412,9,,,0,30,,12413,9,,,0,70,,12414,9,,,0,30,,12415,9,,,0,70,,12416,9,,,0,30,,12417,9,,,0,70,,12418,9,0,9,0
