1019,'1002',600,,6368,1,,,0,30,,6369,1,,,0,70,,6370,1,,,0,30,,6371,1,,,0,70,,6372,1,,,0,30,,6373,1,,,0,70,,6374,1,,,0,30,,6375,1,,,0,70,,6376,1,,,0,30,,6377,1,,,0,70,,6378,1,,,0,30,,6379,1,,,0,70,,6380,1,,,0,30,,6381,1,,,0,70,,6382,1,,,0,30,,6383,1,,,0,70,,6384,1,,,0,30,,6385,1,,,0,70,,6386,1,,,0,30,,6387,1,,,0,70,,6388,1,,,0,30,,6389,1,,,0,70,,6390,1,,,0,30,,6391,1,,,0,70,,6392,1,,,0,30,,6394,1,,,0,70,,6401,1,,,0,45,,6396,1,,,0,85,,6395,1,,,0,85,,6397,1,,,0,85,,6398,1,,,0,45,,6399,1,,,0,85,,6393,1,,,0,80,,6400,1,,,0
1019,'1003',600,,9675,1,,,0,30,,9676,1,,,0,70,,9677,1,,,0,30,,9678,1,,,0,70,,9679,1,,,0,30,,9680,1,,,0,70,,9681,1,,,0,30,,9682,1,,,0,70,,9683,1,,,0,30,,9684,1,,,0,70,,9685,1,,,0,30,,9686,1,,,0,70,,9687,1,,,0,30,,9688,1,,,0,70,,9689,1,,,0,30,,9690,1,,,0,70,,9691,1,,,0,30,,9692,1,,,0,70,,9693,1,,,0,30,,9694,1,,,0,70,,9695,1,,,0,30,,9696,1,,,0,70,,9697,1,,,0,30,,9698,1,,,0,70,,9699,1,,,0,30,,9701,1,,,0,70,,9708,1,,,0,45,,9703,1,,,0,85,,9702,1,,,0,85,,9704,1,,,0,85,,9705,1,,,0,45,,9706,1,,,0,85,,9700,1,,,0,80,,9707,1,,,0
1019,'1004',750,,9709,1,,,0,80,,9710,1,,,0,20,,9730,1,,,0,60,,9711,1,,,0,20,,9712,1,,,0,20,,9732,1,,,0,60,,9713,1,,,0,20,,9734,1,,,0,23,,9714,1,,,0,62,,9736,1,,,0,23,,9715,1,,,0,62,,9731,1,,,0,23,,9716,1,,,0,22,,9733,1,,,0,63,,9717,1,,,0,22,,9735,1,,,0,23,,9718,1,,,0,62,,9737,1,,,0,23,,9719,1,,,0,62,,9738,1,,,0,23,,9720,1,,,0,22,,9739,1,,,0,63,,9721,1,,,0,22,,9740,1,,,0,23,,9722,1,,,0,62,,9741,1,,,0,23,,9742,1,,,0,62,,9723,1,,,0,23,,9743,1,,,0,22,,9724,1,,,0,85,,9726,1,,,0,85,,9725,1,,,0,85,,9727,1,,,0,45,,9729,1,,,0,85,,9728,1,,,0,83,,9744,1,,,0
1019,'995',600,,9745,1,,,0,40,,9746,1,,,0,80,,9747,1,,,0,80,,9748,1,,,0,40,,9749,1,,,0,80,,9750,1,,,0,20,,9777,1,,,0,60,,9775,1,,,0,30,,9755,1,,,0,70,,9754,1,,,0,30,,9757,1,,,0,70,,9756,1,,,0,30,,9759,1,,,0,70,,9758,1,,,0,30,,9761,1,,,0,70,,9760,1,,,0,30,,9763,1,,,0,70,,9762,1,,,0,30,,9765,1,,,0,70,,9764,1,,,0,30,,9767,1,,,0,70,,9766,1,,,0,30,,9753,1,,,0,70,,9768,1,,,0,30,,9776,1,,,0,70,,9770,1,,,0,45,,9769,1,,,0,85,,9771,1,,,0,85,,9773,1,,,0,85,,9772,1,,,0,45,,9751,1,,,0,85,,9774,1,,,0,80,,9752,1,,,0
1019,'996',750,,9778,1,,,0,80,,9779,1,,,0,20,,9799,1,,,0,60,,9780,1,,,0,20,,9781,1,,,0,20,,9801,1,,,0,60,,9782,1,,,0,20,,9803,1,,,0,23,,9783,1,,,0,62,,9805,1,,,0,23,,9784,1,,,0,62,,9800,1,,,0,23,,9785,1,,,0,22,,9802,1,,,0,63,,9786,1,,,0,22,,9804,1,,,0,23,,9787,1,,,0,62,,9806,1,,,0,23,,9788,1,,,0,62,,9807,1,,,0,23,,9789,1,,,0,22,,9808,1,,,0,63,,9790,1,,,0,22,,9809,1,,,0,23,,9791,1,,,0,62,,9810,1,,,0,23,,9811,1,,,0,62,,9792,1,,,0,23,,9812,1,,,0,22,,9793,1,,,0,85,,9795,1,,,0,85,,9794,1,,,0,85,,9796,1,,,0,45,,9798,1,,,0,85,,9797,1,,,0,83,,9813,1,,,0
1029,'1002',625,,6505,27,4,,0,30,,6506,27,4,,0,70,,6507,27,4,,0,30,,6508,27,4,,0,70,,6509,27,4,,0,30,,6510,27,4,,0,70,,6511,27,4,,0,30,,6512,27,4,,0,70,,6513,27,4,,0,30,,6514,27,4,,0,70,,6515,27,4,,0,30,,6516,27,4,,0,70,,6517,27,4,,0,30,,6518,27,4,,0,70,,6519,27,4,,0,30,,6520,27,4,,0,70,,6521,27,4,,0,30,,6522,27,4,,0,70,,6523,27,4,,0,30,,6524,27,4,,0,70,,6525,27,4,,0,30,,6526,27,4,,0,70,,6527,27,4,,0,30,,6528,27,4,,0,70,,6529,27,4,,0,30,,6530,27,4,,0,70,,6538,27,4,,0,17,,6531,27,4,,0,85,,6532,27,4,,0,85,,6534,27,4,,0,42,,6535,26,4,,0,85,,6536,26,4,,0,85,,6533,26,4,,0,82,,6537,26,4,,0
1029,'1003',625,,9814,27,4,,0,30,,9815,27,4,,0,70,,9816,27,4,,0,30,,9817,27,4,,0,70,,9818,27,4,,0,30,,9819,27,4,,0,70,,9820,27,4,,0,30,,9821,27,4,,0,70,,9822,27,4,,0,30,,9823,27,4,,0,70,,9824,27,4,,0,30,,9825,27,4,,0,70,,9826,27,4,,0,30,,9827,27,4,,0,70,,9828,27,4,,0,30,,9829,27,4,,0,70,,9830,27,4,,0,30,,9831,27,4,,0,70,,9832,27,4,,0,30,,9833,27,4,,0,70,,9834,27,4,,0,30,,9835,27,4,,0,70,,9836,27,4,,0,30,,9837,27,4,,0,70,,9838,27,4,,0,30,,9839,27,4,,0,70,,9847,27,4,,0,17,,9840,27,4,,0,85,,9841,27,4,,0,85,,9843,27,4,,0,42,,9844,26,4,,0,85,,9845,26,4,,0,85,,9842,26,4,,0,82,,9846,26,4,,0
1029,'1004',829,,9848,27,4,,0,80,,9849,27,4,,0,20,,9869,27,4,,0,20,,9867,27,4,,0,60,,9871,27,4,,0,20,,9850,27,4,,0,20,,9873,27,4,,0,63,,9851,27,4,,0,25,,9868,27,4,,0,63,,9852,27,4,,0,22,,9872,27,4,,0,23,,9853,27,4,,0,62,,9870,27,4,,0,23,,9854,27,4,,0,22,,9874,27,4,,0,63,,9855,27,4,,0,22,,9875,27,4,,0,63,,9856,27,4,,0,22,,9876,27,4,,0,23,,9857,27,4,,0,62,,9877,27,4,,0,23,,9858,27,4,,0,22,,9878,27,4,,0,63,,9859,27,4,,0,22,,9879,27,4,,0,63,,9860,27,4,,0,22,,9861,27,4,,0,23,,9881,27,4,,0,82,,9866,26,4,,0,85,,9862,26,4,,0,45,,9863,26,4,,0,85,,9865,26,4,,0,85,,9864,26,4,,0,85,,9880,26,4,,0
1029,'995',639,,9882,27,4,,0,80,,9883,27,4,,0,40,,9884,27,4,,0,80,,9885,27,4,,0,80,,9886,27,4,,0,40,,9887,27,4,,0,60,,9889,27,4,,0,30,,9888,27,4,,0,73,,9891,27,4,,0,30,,9890,27,4,,0,70,,9893,27,4,,0,30,,9892,27,4,,0,70,,9895,27,4,,0,30,,9894,27,4,,0,70,,9897,27,4,,0,30,,9896,27,4,,0,70,,9899,27,4,,0,30,,9898,27,4,,0,70,,9901,27,4,,0,30,,9900,27,4,,0,70,,9903,27,4,,0,30,,9902,27,4,,0,70,,9912,27,4,,0,30,,9904,27,4,,0,70,,9913,27,4,,0,20,,9905,27,4,,0,83,,9907,26,4,,0,85,,9906,26,4,,0,45,,9908,26,4,,0,85,,9910,26,4,,0,83,,9909,26,4,,0,84,,9911,26,4,,0
1029,'996',829,,9914,27,4,,0,80,,9915,27,4,,0,20,,9935,27,4,,0,20,,9933,27,4,,0,60,,9937,27,4,,0,20,,9916,27,4,,0,20,,9939,27,4,,0,63,,9917,27,4,,0,25,,9934,27,4,,0,63,,9918,27,4,,0,22,,9938,27,4,,0,23,,9919,27,4,,0,62,,9936,27,4,,0,23,,9920,27,4,,0,22,,9940,27,4,,0,63,,9921,27,4,,0,22,,9941,27,4,,0,63,,9922,27,4,,0,22,,9942,27,4,,0,23,,9923,27,4,,0,62,,9943,27,4,,0,23,,9924,27,4,,0,22,,9944,27,4,,0,63,,9925,27,4,,0,22,,9945,27,4,,0,63,,9926,27,4,,0,22,,9927,27,4,,0,23,,9947,27,4,,0,82,,9932,26,4,,0,85,,9928,26,4,,0,45,,9929,26,4,,0,85,,9931,26,4,,0,85,,9930,26,4,,0,85,,9946,26,4,,0
2019,'1002',620,,6693,1,,,0,25,,6694,1,,,0,64,,6685,24,4,,0,6,,6695,1,,,0,28,,6686,24,4,,0,2,,6696,1,,,0,68,,6687,24,4,,0,2,,6697,1,,,0,28,,6688,24,4,,0,2,,6698,1,,,0,67,,6689,24,4,,0,3,,6699,1,,,0,28,,6690,24,4,,0,2,,6692,1,,,0,68,,6691,24,4,,0,2,,6670,1,,,0,28,,6654,24,4,,0,2,,6671,1,,,0,68,,6655,24,4,,0,2,,6672,1,,,0,28,,6656,24,4,,0,2,,6673,1,,,0,68,,6657,24,4,,0,2,,6674,1,,,0,28,,6658,24,4,,0,2,,6675,1,,,0,68,,6659,24,4,,0,2,,6676,1,,,0,28,,6660,24,4,,0,2,,6677,1,,,0,68,,6661,24,4,,0,2,,6678,1,,,0,28,,6662,24,4,,0,2,,6679,1,,,0,68,,6663,24,4,,0,2,,6680,1,,,0,28,,6664,24,4,,0,2,,6681,1,,,0,68,,6665,24,4,,0,2,,6682,1,,,0,28,,6666,24,4,,0,2,,6683,1,,,0,68,,6667,24,4,,0,2,,6684,1,,,0,28,,6668,24,4,,0,2,,6645,1,,,0,68,,6669,24,4,,0,2,,6646,1,,,0,28,,6652,24,4,,0,57,,6647,1,,,0,13,,6653,24,4,,0,30,,6706,24,4,,0,2,,6648,1,,,0,83,,6707,24,4,,0,2,,6649,1,,,0,83,,6708,24,4,,0,2,,6650,1,,,0,43,,6704,24,4,,0,42,,6651,1,,,0,43,,6705,24,4,,0,2,,6700,1,,,0,83,,6709,24,4,,0,2,,6702,1,0,5,0,82,,6701,24,4,,0,16,,6703,24,4,,0
2019,'1003',620,,9996,1,,,0,25,,9997,1,,,0,64,,9988,24,4,,0,6,,9998,1,,,0,28,,9989,24,4,,0,2,,9999,1,,,0,68,,9990,24,4,,0,2,,10000,1,,,0,28,,9991,24,4,,0,2,,10001,1,,,0,67,,9992,24,4,,0,3,,10002,1,,,0,28,,9993,24,4,,0,2,,9995,1,,,0,68,,9994,24,4,,0,2,,9973,1,,,0,28,,9957,24,4,,0,2,,9974,1,,,0,68,,9958,24,4,,0,2,,9975,1,,,0,28,,9959,24,4,,0,2,,9976,1,,,0,68,,9960,24,4,,0,2,,9977,1,,,0,28,,9961,24,4,,0,2,,9978,1,,,0,68,,9962,24,4,,0,2,,9979,1,,,0,28,,9963,24,4,,0,2,,9980,1,,,0,68,,9964,24,4,,0,2,,9981,1,,,0,28,,9965,24,4,,0,2,,9982,1,,,0,68,,9966,24,4,,0,2,,9983,1,,,0,28,,9967,24,4,,0,2,,9984,1,,,0,68,,9968,24,4,,0,2,,9985,1,,,0,28,,9969,24,4,,0,2,,9986,1,,,0,68,,9970,24,4,,0,2,,9987,1,,,0,28,,9971,24,4,,0,2,,9948,1,,,0,68,,9972,24,4,,0,2,,9949,1,,,0,28,,9955,24,4,,0,57,,9950,1,,,0,13,,9956,24,4,,0,30,,10009,24,4,,0,2,,9951,1,,,0,83,,10010,24,4,,0,2,,9952,1,,,0,83,,10011,24,4,,0,2,,9953,1,,,0,43,,10007,24,4,,0,42,,9954,1,,,0,43,,10008,24,4,,0,2,,10003,1,,,0,83,,10012,24,4,,0,2,,10005,1,0,5,0,82,,10004,24,4,,0,16,,10006,24,4,,0
2019,'1004',830,,10013,1,,,0,78,,10040,24,4,,0,2,,10014,1,,,0,38,,10050,24,4,,0,2,,10015,1,,,0,78,,10041,24,4,,0,2,,10016,1,,,0,80,,10032,24,4,,0,5,,10017,1,,,0,35,,10042,24,4,,0,50,,10018,1,,,0,40,,10033,24,4,,0,5,,10019,1,,,0,80,,10043,24,4,,0,5,,10020,1,,,0,80,,10034,24,4,,0,5,,10021,1,,,0,40,,10044,24,4,,0,45,,10022,1,,,0,40,,10035,24,4,,0,5,,10023,1,,,0,80,,10045,24,4,,0,5,,10024,1,,,0,80,,10039,24,4,,0,5,,10025,1,,,0,40,,10036,24,4,,0,45,,10026,1,,,0,40,,10049,24,4,,0,5,,10027,1,,,0,80,,10046,24,4,,0,5,,10028,1,,,0,80,,10047,24,4,,0,5,,10029,1,,,0,40,,10048,24,4,,0,45,,10030,1,,,0,40,,10037,24,4,,0,5,,10031,1,,,0,80,,10038,24,4,,0,5,,10052,1,,,0,80,,10051,24,4,,0
2019,'995',600,,10082,1,,,0,34,,10053,24,4,,0,6,,10083,1,,,0,74,,10054,24,4,,0,6,,10084,1,,,0,34,,10055,24,4,,0,46,,10085,1,,,0,34,,10056,24,4,,0,6,,10086,1,,,0,74,,10057,24,4,,0,6,,10087,1,,,0,25,,10113,1,,,0,11,,10058,24,4,,0,59,,10088,1,,,0,26,,10059,24,4,,0,4,,10089,1,,,0,66,,10060,24,4,,0,4,,10090,1,,,0,26,,10061,24,4,,0,4,,10091,1,,,0,66,,10062,24,4,,0,4,,10092,1,,,0,26,,10063,24,4,,0,4,,10093,1,,,0,66,,10064,24,4,,0,4,,10094,1,,,0,26,,10065,24,4,,0,4,,10095,1,,,0,66,,10066,24,4,,0,4,,10096,1,,,0,26,,10067,24,4,,0,4,,10097,1,,,0,66,,10068,24,4,,0,4,,10098,1,,,0,26,,10069,24,4,,0,4,,10099,1,,,0,66,,10070,24,4,,0,4,,10100,1,,,0,26,,10071,24,4,,0,4,,10101,1,,,0,66,,10072,24,4,,0,4,,10102,1,,,0,26,,10073,24,4,,0,4,,10103,1,,,0,66,,10074,24,4,,0,4,,10114,1,,,0,26,,10075,24,4,,0,59,,10104,1,,,0,11,,10076,24,4,,0,30,,10077,24,4,,0,4,,10105,1,,,0,80,,10078,24,4,,0,5,,10106,1,,,0,78,,10079,24,4,,0,7,,10107,1,,,0,38,,10080,24,4,,0,47,,10108,1,,,0,38,,10081,24,4,,0,7,,10109,1,,,0,78,,10112,24,4,,0,7,,10110,1,0,5,0,78,,10111,24,4,,0,15,,10115,24,4,,0
2019,'996',830,,10116,1,,,0,78,,10143,24,4,,0,2,,10117,1,,,0,38,,10153,24,4,,0,2,,10118,1,,,0,78,,10144,24,4,,0,2,,10119,1,,,0,80,,10135,24,4,,0,5,,10120,1,,,0,35,,10145,24,4,,0,50,,10121,1,,,0,40,,10136,24,4,,0,5,,10122,1,,,0,80,,10146,24,4,,0,5,,10123,1,,,0,80,,10137,24,4,,0,5,,10124,1,,,0,40,,10147,24,4,,0,45,,10125,1,,,0,40,,10138,24,4,,0,5,,10126,1,,,0,80,,10148,24,4,,0,5,,10127,1,,,0,80,,10142,24,4,,0,5,,10128,1,,,0,40,,10139,24,4,,0,45,,10129,1,,,0,40,,10152,24,4,,0,5,,10130,1,,,0,80,,10149,24,4,,0,5,,10131,1,,,0,80,,10150,24,4,,0,5,,10132,1,,,0,40,,10151,24,4,,0,45,,10133,1,,,0,40,,10140,24,4,,0,5,,10134,1,,,0,80,,10141,24,4,,0,5,,10155,1,,,0,80,,10154,24,4,,0
7019,'1002',600,,7073,1,,,0,30,,7074,1,,,0,70,,7075,1,,,0,30,,7076,1,,,0,70,,7079,1,,,0,30,,7080,1,,,0,70,,7077,1,,,0,30,,7078,1,,,0,70,,7071,1,,,0,30,,7072,1,,,0,70,,7070,1,,,0,30,,7057,1,,,0,70,,7064,1,,,0,30,,7058,1,,,0,70,,7065,1,,,0,30,,7059,1,,,0,70,,7066,1,,,0,30,,7060,1,,,0,70,,7067,1,,,0,30,,7061,1,,,0,70,,7068,1,,,0,30,,7062,1,,,0,70,,7069,1,,,0,30,,7063,1,,,0,70,,7050,1,,,0,30,,7051,1,,,0,70,,7052,1,,,0,45,,7053,1,,,0,85,,7054,1,,,0,85,,7055,1,,,0,85,,7056,1,,,0,45,,7081,1,,,0
7019,'1003',600,,10383,1,,,0,30,,10384,1,,,0,70,,10385,1,,,0,30,,10386,1,,,0,70,,10389,1,,,0,30,,10390,1,,,0,70,,10387,1,,,0,30,,10388,1,,,0,70,,10381,1,,,0,30,,10382,1,,,0,70,,10380,1,,,0,30,,10367,1,,,0,70,,10374,1,,,0,30,,10368,1,,,0,70,,10375,1,,,0,30,,10369,1,,,0,70,,10376,1,,,0,30,,10370,1,,,0,70,,10377,1,,,0,30,,10371,1,,,0,70,,10378,1,,,0,30,,10372,1,,,0,70,,10379,1,,,0,30,,10373,1,,,0,70,,10360,1,,,0,30,,10361,1,,,0,70,,10362,1,,,0,45,,10363,1,,,0,85,,10364,1,,,0,85,,10365,1,,,0,85,,10366,1,,,0,45,,10391,1,,,0
7019,'1004',835,,10392,1,,,0,78,,10393,1,,,0,40,,10394,1,,,0,80,,10395,1,,,0,85,,10396,1,,,0,85,,10397,1,,,0,45,,10398,1,,,0,85,,10399,1,,,0,85,,10400,1,,,0,85,,10401,1,,,0,45,,10402,1,,,0,85,,10403,1,,,0,85,,10404,1,,,0,85,,10405,1,,,0,45,,10406,1,,,0,85,,10407,1,,,0,85,,10408,1,,,0,85,,10409,1,,,0,42,,10410,1,,,0
7019,'995',605,,10411,1,,,0,40,,10412,1,,,0,80,,10413,1,,,0,80,,10414,1,,,0,40,,10415,1,,,0,80,,10416,1,,,0,75,,10417,1,,,0,30,,10418,1,,,0,70,,10419,1,,,0,30,,10420,1,,,0,70,,10421,1,,,0,30,,10422,1,,,0,70,,10423,1,,,0,30,,10424,1,,,0,70,,10425,1,,,0,30,,10426,1,,,0,70,,10427,1,,,0,30,,10428,1,,,0,70,,10429,1,,,0,30,,10430,1,,,0,70,,10431,1,,,0,30,,10432,1,,,0,70,,10433,1,,,0,30,,10434,1,,,0,70,,10435,1,,,0,45,,10436,1,,,0,85,,10437,1,,,0,85,,10438,1,,,0,85,,10439,1,,,0,45,,10440,1,,,0
7019,'996',835,,10441,1,,,0,78,,10442,1,,,0,40,,10443,1,,,0,80,,10444,1,,,0,85,,10445,1,,,0,85,,10446,1,,,0,45,,10447,1,,,0,85,,10448,1,,,0,85,,10449,1,,,0,85,,10450,1,,,0,45,,10451,1,,,0,85,,10452,1,,,0,85,,10453,1,,,0,85,,10454,1,,,0,45,,10455,1,,,0,85,,10456,1,,,0,85,,10457,1,,,0,85,,10458,1,,,0,42,,10459,1,,,0
7029,'1002',626,,7173,15,4,,0,30,,7174,15,4,,0,70,,7175,15,4,,0,30,,7176,15,4,,0,70,,7177,15,4,,0,30,,7178,15,4,,0,70,,7179,15,4,,0,30,,7180,15,4,,0,70,,7172,15,4,,0,30,,7164,15,4,,0,70,,7171,15,4,,0,30,,7159,15,4,,0,70,,7170,15,4,,0,30,,7163,15,4,,0,70,,7169,15,4,,0,30,,7158,15,4,,0,70,,7168,15,4,,0,30,,7162,15,4,,0,70,,7167,15,4,,0,30,,7157,15,4,,0,70,,7166,15,4,,0,30,,7161,15,4,,0,70,,7165,15,4,,0,30,,7160,15,4,,0,70,,7150,15,4,,0,30,,7151,15,4,,0,70,,7152,15,4,,0,85,,7153,15,4,,0,45,,7154,15,4,,0,85,,7155,15,4,,0,85,,7156,15,4,,0,85,,7181,15,4,,0
7029,'1003',626,,10483,15,4,,0,30,,10484,15,4,,0,70,,10485,15,4,,0,30,,10486,15,4,,0,70,,10487,15,4,,0,30,,10488,15,4,,0,70,,10489,15,4,,0,30,,10490,15,4,,0,70,,10482,15,4,,0,30,,10474,15,4,,0,70,,10481,15,4,,0,30,,10469,15,4,,0,70,,10480,15,4,,0,30,,10473,15,4,,0,70,,10479,15,4,,0,30,,10468,15,4,,0,70,,10478,15,4,,0,30,,10472,15,4,,0,70,,10477,15,4,,0,30,,10467,15,4,,0,70,,10476,15,4,,0,30,,10471,15,4,,0,70,,10475,15,4,,0,30,,10470,15,4,,0,70,,10460,15,4,,0,30,,10461,15,4,,0,70,,10462,15,4,,0,85,,10463,15,4,,0,45,,10464,15,4,,0,85,,10465,15,4,,0,85,,10466,15,4,,0,85,,10491,15,4,,0
7029,'1004',901,,10492,15,4,,0,38,,10493,15,4,,0,80,,10494,15,4,,0,40,,10495,15,4,,0,85,,10496,15,4,,0,85,,10497,15,4,,0,85,,10498,15,4,,0,45,,10499,15,4,,0,85,,10500,15,4,,0,85,,10501,15,4,,0,85,,10502,15,4,,0,45,,10503,15,4,,0,85,,10504,15,4,,0,85,,10505,15,4,,0,85,,10506,15,4,,0,45,,10507,15,4,,0,85,,10508,15,4,,0,85,,10509,15,4,,0,82,,10510,15,4,,0
7029,'995',631,,10511,15,4,,0,80,,10512,15,4,,0,40,,10513,15,4,,0,80,,10514,15,4,,0,80,,10515,15,4,,0,40,,10516,15,4,,0,75,,10517,15,4,,0,30,,10518,15,4,,0,70,,10519,15,4,,0,30,,10520,15,4,,0,70,,10521,15,4,,0,30,,10522,15,4,,0,70,,10523,15,4,,0,30,,10524,15,4,,0,70,,10525,15,4,,0,30,,10526,15,4,,0,70,,10527,15,4,,0,30,,10528,15,4,,0,70,,10529,15,4,,0,30,,10530,15,4,,0,70,,10531,15,4,,0,30,,10532,15,4,,0,70,,10533,15,4,,0,30,,10534,15,4,,0,70,,10535,15,4,,0,85,,10536,15,4,,0,45,,10537,15,4,,0,85,,10538,15,4,,0,85,,10539,15,4,,0,85,,10540,15,4,,0
7029,'996',901,,10541,15,4,,0,38,,10542,15,4,,0,80,,10543,15,4,,0,40,,10544,15,4,,0,85,,10545,15,4,,0,85,,10546,15,4,,0,85,,10547,15,4,,0,45,,10548,15,4,,0,85,,10549,15,4,,0,85,,10550,15,4,,0,85,,10551,15,4,,0,45,,10552,15,4,,0,85,,10553,15,4,,0,85,,10554,15,4,,0,85,,10555,15,4,,0,45,,10556,15,4,,0,85,,10557,15,4,,0,85,,10558,15,4,,0,82,,10559,15,4,,0
9019,'1002',620,,7474,1,,,0,25,,7475,1,,,0,70,,7476,1,,,0,30,,7477,1,,,0,70,,7478,1,,,0,30,,7479,1,,,0,70,,7480,1,,,0,30,,7473,1,,,0,70,,7457,1,,,0,30,,7458,1,,,0,70,,7459,1,,,0,30,,7460,1,,,0,70,,7461,1,,,0,30,,7462,1,,,0,70,,7463,1,,,0,30,,7464,1,,,0,70,,7465,1,,,0,30,,7466,1,,,0,70,,7467,1,,,0,30,,7468,1,,,0,70,,7469,1,,,0,30,,7470,1,,,0,70,,7471,1,,,0,30,,7472,1,,,0,70,,7454,1,,,0,85,,7455,1,,,0,45,,7451,1,,,0,85,,7452,1,,,0,85,,7453,1,,,0,85,,7456,1,,,0,45,,7481,1,,,0,85,,7482,1,,,0
9019,'1003',620,,10784,1,,,0,25,,10785,1,,,0,70,,10786,1,,,0,30,,10787,1,,,0,70,,10788,1,,,0,30,,10789,1,,,0,70,,10790,1,,,0,30,,10783,1,,,0,70,,10767,1,,,0,30,,10768,1,,,0,70,,10769,1,,,0,30,,10770,1,,,0,70,,10771,1,,,0,30,,10772,1,,,0,70,,10773,1,,,0,30,,10774,1,,,0,70,,10775,1,,,0,30,,10776,1,,,0,70,,10777,1,,,0,30,,10778,1,,,0,70,,10779,1,,,0,30,,10780,1,,,0,70,,10781,1,,,0,30,,10782,1,,,0,70,,10764,1,,,0,85,,10765,1,,,0,45,,10761,1,,,0,85,,10762,1,,,0,85,,10763,1,,,0,85,,10766,1,,,0,45,,10791,1,,,0,85,,10792,1,,,0
9019,'1004',830,,10809,1,,,0,80,,10793,1,,,0,40,,10794,1,,,0,80,,10795,1,,,0,85,,10796,1,,,0,85,,10797,1,,,0,45,,10798,1,,,0,85,,10799,1,,,0,85,,10800,1,,,0,85,,10801,1,,,0,45,,10802,1,,,0,85,,10803,1,,,0,85,,10804,1,,,0,85,,10808,1,,,0,45,,10810,1,,,0,85,,10811,1,,,0,85,,10805,1,,,0,85,,10806,1,,,0,45,,10807,1,,,0
9019,'995',600,,10812,1,,,0,40,,10813,1,,,0,80,,10814,1,,,0,80,,10815,1,,,0,40,,10816,1,,,0,80,,10817,1,,,0,25,,10818,1,,,0,70,,10819,1,,,0,30,,10820,1,,,0,70,,10821,1,,,0,30,,10822,1,,,0,70,,10823,1,,,0,30,,10824,1,,,0,70,,10825,1,,,0,30,,10826,1,,,0,70,,10827,1,,,0,30,,10828,1,,,0,70,,10829,1,,,0,30,,10830,1,,,0,70,,10831,1,,,0,30,,10832,1,,,0,70,,10833,1,,,0,30,,10834,1,,,0,70,,10835,1,,,0,85,,10837,1,,,0,45,,10836,1,,,0,85,,10838,1,,,0,85,,10841,1,,,0,85,,10840,1,,,0,45,,10842,1,,,0,85,,10839,1,,,0
9019,'996',830,,10859,1,,,0,80,,10843,1,,,0,40,,10844,1,,,0,80,,10845,1,,,0,85,,10846,1,,,0,85,,10847,1,,,0,45,,10848,1,,,0,85,,10849,1,,,0,85,,10850,1,,,0,85,,10851,1,,,0,45,,10852,1,,,0,85,,10853,1,,,0,85,,10854,1,,,0,85,,10858,1,,,0,45,,10860,1,,,0,85,,10861,1,,,0,85,,10855,1,,,0,85,,10856,1,,,0,45,,10857,1,,,0
9029,'1002',659,,7575,26,4,,0,68,,7576,26,4,,0,28,,7577,26,4,,0,70,,7578,26,4,,0,30,,7579,26,4,,0,70,,7580,26,4,,0,30,,7581,26,4,,0,70,,7559,26,4,,0,30,,7562,26,4,,0,70,,7560,26,4,,0,30,,7561,26,4,,0,70,,7563,26,4,,0,30,,7564,26,4,,0,70,,7565,26,4,,0,30,,7566,26,4,,0,70,,7567,26,4,,0,30,,7568,26,4,,0,70,,7569,26,4,,0,30,,7570,26,4,,0,70,,7571,26,4,,0,30,,7572,26,4,,0,70,,7573,26,4,,0,30,,7574,26,4,,0,70,,7554,26,4,,0,30,,7555,26,4,,0,67,,7556,26,4,,0,30,,7584,26,4,,0,77,,7557,26,4,,0,85,,7552,26,4,,0,37,,7553,26,4,,0,85,,7558,26,4,,0,85,,7582,26,4,,0,85,,7583,26,4,,0
9029,'1003',659,,10885,26,4,,0,68,,10886,26,4,,0,28,,10887,26,4,,0,70,,10888,26,4,,0,30,,10889,26,4,,0,70,,10890,26,4,,0,30,,10891,26,4,,0,70,,10869,26,4,,0,30,,10872,26,4,,0,70,,10870,26,4,,0,30,,10871,26,4,,0,70,,10873,26,4,,0,30,,10874,26,4,,0,70,,10875,26,4,,0,30,,10876,26,4,,0,70,,10877,26,4,,0,30,,10878,26,4,,0,70,,10879,26,4,,0,30,,10880,26,4,,0,70,,10881,26,4,,0,30,,10882,26,4,,0,70,,10883,26,4,,0,30,,10884,26,4,,0,70,,10864,26,4,,0,30,,10865,26,4,,0,67,,10866,26,4,,0,30,,10894,26,4,,0,77,,10867,26,4,,0,85,,10862,26,4,,0,37,,10863,26,4,,0,85,,10868,26,4,,0,85,,10892,26,4,,0,85,,10893,26,4,,0
9029,'1004',908,,10907,26,4,,0,40,,10910,26,4,,0,80,,10895,26,4,,0,85,,10896,26,4,,0,44,,10897,26,4,,0,85,,10898,26,4,,0,85,,10899,26,4,,0,85,,10900,26,4,,0,45,,10901,26,4,,0,85,,10903,26,4,,0,85,,10902,26,4,,0,85,,10904,26,4,,0,45,,10905,26,4,,0,85,,10906,26,4,,0,81,,10911,26,4,,0,85,,10912,26,4,,0,45,,10913,26,4,,0,85,,10908,26,4,,0,85,,10909,26,4,,0
9029,'995',637,,10936,26,4,,0,80,,10937,26,4,,0,40,,10938,26,4,,0,80,,10939,26,4,,0,82,,10940,26,4,,0,85,,10915,26,4,,0,18,,10916,26,4,,0,30,,10917,26,4,,0,70,,10918,26,4,,0,30,,10919,26,4,,0,70,,10921,26,4,,0,30,,10920,26,4,,0,70,,10922,26,4,,0,30,,10923,26,4,,0,71,,10924,26,4,,0,30,,10925,26,4,,0,70,,10926,26,4,,0,30,,10927,26,4,,0,70,,10928,26,4,,0,30,,10929,26,4,,0,70,,10930,26,4,,0,30,,10931,26,4,,0,70,,10932,26,4,,0,30,,10933,26,4,,0,68,,10944,26,4,,0,30,,10934,26,4,,0,77,,10935,26,4,,0,85,,10941,26,4,,0,37,,10942,26,4,,0,85,,10914,26,4,,0,85,,10943,26,4,,0,85,,10945,26,4,,0
9029,'996',908,,10958,26,4,,0,40,,10961,26,4,,0,80,,10946,26,4,,0,85,,10947,26,4,,0,44,,10948,26,4,,0,85,,10949,26,4,,0,85,,10950,26,4,,0,85,,10951,26,4,,0,45,,10952,26,4,,0,85,,10954,26,4,,0,85,,10953,26,4,,0,85,,10955,26,4,,0,45,,10956,26,4,,0,85,,10957,26,4,,0,81,,10962,26,4,,0,85,,10963,26,4,,0,45,,10964,26,4,,0,85,,10959,26,4,,0,85,,10960,26,4,,0
11019,'1002',629,,7856,20,4,,0,30,,7857,20,4,,0,70,,7858,20,4,,0,30,,7859,20,4,,0,70,,7860,20,4,,0,30,,7861,20,4,,0,70,,7862,20,4,,0,30,,7863,20,4,,0,70,,7840,20,4,,0,30,,7841,20,4,,0,70,,7842,20,4,,0,30,,7843,20,4,,0,70,,7844,20,4,,0,30,,7845,20,4,,0,70,,7846,20,4,,0,30,,7847,20,4,,0,70,,7848,20,4,,0,30,,7849,20,4,,0,70,,7850,20,4,,0,30,,7851,20,4,,0,70,,7852,20,4,,0,30,,7853,20,4,,0,70,,7854,20,4,,0,30,,7855,20,4,,0,70,,7865,20,4,,0,30,,7864,20,4,,0
11019,'1003',629,,11185,20,4,,0,30,,11186,20,4,,0,70,,11187,20,4,,0,30,,11188,20,4,,0,70,,11189,20,4,,0,30,,11190,20,4,,0,70,,11191,20,4,,0,30,,11192,20,4,,0,70,,11169,20,4,,0,30,,11170,20,4,,0,70,,11171,20,4,,0,30,,11172,20,4,,0,70,,11173,20,4,,0,30,,11174,20,4,,0,70,,11175,20,4,,0,30,,11176,20,4,,0,70,,11177,20,4,,0,30,,11178,20,4,,0,70,,11179,20,4,,0,30,,11180,20,4,,0,70,,11181,20,4,,0,30,,11182,20,4,,0,70,,11183,20,4,,0,30,,11184,20,4,,0,70,,11194,20,4,,0,30,,11193,20,4,,0
11019,'995',1029,,11195,20,4,,0,30,,11196,20,4,,0,70,,11197,20,4,,0,30,,11198,20,4,,0,70,,11199,20,4,,0,30,,11200,20,4,,0,70,,11201,20,4,,0,30,,11202,20,4,,0,70,,11203,20,4,,0,30,,11204,20,4,,0,70,,11205,20,4,,0,30,,11206,20,4,,0,70,,11207,20,4,,0,30,,11208,20,4,,0,70,,11209,20,4,,0,30,,11210,20,4,,0,70,,11211,20,4,,0,30,,11212,20,4,,0
11029,'1002',600,,7901,1,,,0,30,,7902,1,,,0,70,,7903,1,,,0,30,,7904,1,,,0,70,,7905,1,,,0,30,,7906,1,,,0,70,,7907,1,,,0,30,,7900,1,,,0,70,,7884,1,,,0,30,,7885,1,,,0,70,,7886,1,,,0,30,,7887,1,,,0,70,,7888,1,,,0,30,,7889,1,,,0,70,,7890,1,,,0,30,,7891,1,,,0,70,,7892,1,,,0,30,,7893,1,,,0,70,,7894,1,,,0,30,,7895,1,,,0,70,,7896,1,,,0,30,,7897,1,,,0,70,,7898,1,,,0,30,,7899,1,,,0,70,,7909,1,,,0,30,,7908,1,,,0
11029,'1003',600,,11230,1,,,0,30,,11231,1,,,0,70,,11232,1,,,0,30,,11233,1,,,0,70,,11234,1,,,0,30,,11235,1,,,0,70,,11236,1,,,0,30,,11229,1,,,0,70,,11213,1,,,0,30,,11214,1,,,0,70,,11215,1,,,0,30,,11216,1,,,0,70,,11217,1,,,0,30,,11218,1,,,0,70,,11219,1,,,0,30,,11220,1,,,0,70,,11221,1,,,0,30,,11222,1,,,0,70,,11223,1,,,0,30,,11224,1,,,0,70,,11225,1,,,0,30,,11226,1,,,0,70,,11227,1,,,0,30,,11228,1,,,0,70,,11238,1,,,0,30,,11237,1,,,0
11029,'995',1000,,11239,1,,,0,30,,11240,1,,,0,70,,11241,1,,,0,30,,11242,1,,,0,70,,11243,1,,,0,30,,11244,1,,,0,70,,11245,1,,,0,30,,11246,1,,,0,70,,11247,1,,,0,30,,11248,1,,,0,70,,11249,1,,,0,30,,11250,1,,,0,70,,11251,1,,,0,30,,11252,1,,,0,70,,11253,1,,,0,30,,11254,1,,,0,70,,11255,1,,,0,30,,11256,1,,,0
13019,'1002',1900,,8002,1,,,0,45,,7997,1,,,0,85,,7998,1,,,0,85,,8000,1,,,0,85,,7999,1,,,0,45,,8001,1,,,0
13019,'1003',1900,,11262,1,,,0,45,,11257,1,,,0,85,,11258,1,,,0,85,,11260,1,,,0,85,,11259,1,,,0,45,,11261,1,,,0
13019,'1004',830,,11263,1,,,0,80,,11264,1,,,0,40,,11265,1,,,0,80,,11266,1,,,0,85,,11267,1,,,0,85,,11268,1,,,0,45,,11269,1,,,0,85,,11270,1,,,0,85,,11271,1,,,0,85,,11272,1,,,0,45,,11273,1,,,0,85,,11274,1,,,0,85,,11275,1,,,0,85,,11276,1,,,0,45,,11277,1,,,0,85,,11278,1,,,0,85,,11279,1,,,0,85,,11280,1,,,0,45,,11281,1,,,0
13019,'995',600,,11282,1,,,0,40,,11283,1,,,0,80,,11284,1,,,0,80,,11285,1,,,0,40,,11286,1,,,0,80,,11287,1,,,0,980,,11288,1,,,0,45,,11289,1,,,0,85,,11290,1,,,0,85,,11291,1,,,0,85,,11292,1,,,0,45,,11293,1,,,0
13019,'996',830,,11294,1,,,0,80,,11295,1,,,0,40,,11296,1,,,0,80,,11297,1,,,0,85,,11298,1,,,0,85,,11299,1,,,0,45,,11300,1,,,0,85,,11301,1,,,0,85,,11302,1,,,0,85,,11303,1,,,0,45,,11304,1,,,0,85,,11305,1,,,0,85,,11306,1,,,0,85,,11307,1,,,0,45,,11308,1,,,0,85,,11309,1,,,0,85,,11310,1,,,0,85,,11311,1,,,0,45,,11312,1,,,0
13029,'1002',1940,,8058,24,4,,0,85,,8053,24,4,,0,85,,8054,24,4,,0,44,,8056,24,4,,0,83,,8055,24,4,,0,85,,8057,24,4,,0
13029,'1003',1940,,11318,24,4,,0,85,,11313,24,4,,0,85,,11314,24,4,,0,44,,11316,24,4,,0,83,,11315,24,4,,0,85,,11317,24,4,,0
13029,'1004',909,,11319,24,4,,0,40,,11320,24,4,,0,80,,11321,24,4,,0,80,,11322,24,4,,0,46,,11323,24,4,,0,85,,11324,24,4,,0,85,,11325,24,4,,0,85,,11326,24,4,,0,45,,11327,24,4,,0,85,,11328,24,4,,0,85,,11329,24,4,,0,85,,11330,24,4,,0,45,,11331,24,4,,0,85,,11332,24,4,,0,85,,11333,24,4,,0,83,,11334,24,4,,0,44,,11335,24,4,,0,85,,11336,24,4,,0,85,,11337,24,4,,0
13029,'995',636,,11338,24,4,,0,80,,11339,24,4,,0,40,,11340,24,4,,0,80,,11341,24,4,,0,81,,11342,24,4,,0,40,,11343,24,4,,0,982,,11344,24,4,,0,85,,11345,24,4,,0,85,,11346,24,4,,0,45,,11347,24,4,,0,85,,11348,24,4,,0,85,,11349,24,4,,0
13029,'996',909,,11350,24,4,,0,40,,11351,24,4,,0,80,,11352,24,4,,0,80,,11353,24,4,,0,46,,11354,24,4,,0,85,,11355,24,4,,0,85,,11356,24,4,,0,85,,11357,24,4,,0,45,,11358,24,4,,0,85,,11359,24,4,,0,85,,11360,24,4,,0,85,,11361,24,4,,0,45,,11362,24,4,,0,85,,11363,24,4,,0,85,,11364,24,4,,0,83,,11365,24,4,,0,44,,11366,24,4,,0,85,,11367,24,4,,0,85,,11368,24,4,,0
17019,'1002',605,,8653,1,,,0,25,,8621,1,,,0,70,,8622,1,,,0,30,,8623,1,,,0,70,,8624,1,,,0,30,,8625,1,,,0,70,,8626,1,,,0,30,,8627,1,,,0,70,,8628,1,,,0,30,,8629,1,,,0,70,,8630,1,,,0,30,,8631,1,,,0,70,,8632,1,,,0,30,,8633,1,,,0,70,,8634,1,,,0,30,,8635,1,,,0,70,,8636,1,,,0,30,,8637,1,,,0,70,,8638,1,,,0,30,,8639,1,,,0,70,,8640,1,,,0,30,,8641,1,,,0,70,,8642,1,,,0,30,,8643,1,,,0,70,,8644,1,,,0,30,,8645,1,,,0,70,,8646,1,,,0,45,,8647,1,,,0,85,,8648,1,,,0,85,,8649,1,,,0,85,,8650,1,,,0,45,,8651,1,,,0,85,,8652,1,,,0
17019,'1003',605,,11812,1,,,0,25,,11780,1,,,0,70,,11781,1,,,0,30,,11782,1,,,0,70,,11783,1,,,0,30,,11784,1,,,0,70,,11785,1,,,0,30,,11786,1,,,0,70,,11787,1,,,0,30,,11788,1,,,0,70,,11789,1,,,0,30,,11790,1,,,0,70,,11791,1,,,0,30,,11792,1,,,0,70,,11793,1,,,0,30,,11794,1,,,0,70,,11795,1,,,0,30,,11796,1,,,0,70,,11797,1,,,0,30,,11798,1,,,0,70,,11799,1,,,0,30,,11800,1,,,0,70,,11801,1,,,0,30,,11802,1,,,0,70,,11803,1,,,0,30,,11804,1,,,0,70,,11805,1,,,0,45,,11806,1,,,0,85,,11807,1,,,0,85,,11808,1,,,0,85,,11809,1,,,0,45,,11810,1,,,0,85,,11811,1,,,0
17019,'1004',832,,11813,1,,,0,80,,11814,1,,,0,40,,11815,1,,,0,80,,11816,1,,,0,86,,11817,1,,,0,85,,11818,1,,,0,45,,11819,1,,,0,85,,11820,1,,,0,85,,11821,1,,,0,85,,11822,1,,,0,45,,11823,1,,,0,85,,11824,1,,,0,85,,11825,1,,,0,85,,11826,1,,,0,45,,11827,1,,,0,85,,11828,1,,,0,85,,11829,1,,,0,85,,11830,1,,,0,45,,11831,1,,,0,82,,11832,1,,,0
17019,'995',600,,11855,1,,,0,40,,11833,1,,,0,80,,11834,1,,,0,80,,11835,1,,,0,40,,11836,1,,,0,80,,11837,1,,,0,80,,11838,1,,,0,30,,11850,1,,,0,70,,11839,1,,,0,30,,11840,1,,,0,70,,11844,1,,,0,30,,11841,1,,,0,70,,11845,1,,,0,30,,11842,1,,,0,70,,11843,1,,,0,30,,11847,1,,,0,70,,11848,1,,,0,30,,11861,1,,,0,70,,11846,1,,,0,30,,11858,1,,,0,70,,11859,1,,,0,30,,11860,1,,,0,70,,11849,1,,,0,30,,11862,1,,,0,70,,11863,1,,,0,45,,11851,1,,,0,85,,11853,1,,,0,85,,11852,1,,,0,85,,11854,1,,,0,45,,11857,1,,,0,85,,11856,1,,,0
17019,'996',832,,11864,1,,,0,80,,11865,1,,,0,40,,11866,1,,,0,80,,11867,1,,,0,86,,11868,1,,,0,85,,11869,1,,,0,45,,11870,1,,,0,85,,11871,1,,,0,85,,11872,1,,,0,85,,11873,1,,,0,45,,11874,1,,,0,85,,11875,1,,,0,85,,11876,1,,,0,85,,11877,1,,,0,45,,11878,1,,,0,85,,11879,1,,,0,85,,11880,1,,,0,85,,11881,1,,,0,45,,11882,1,,,0,82,,11883,1,,,0
17029,'1002',643,,8757,38,4,,0,65,,8725,38,4,,0,30,,8726,38,4,,0,70,,8727,38,4,,0,30,,8749,38,4,,0,70,,8728,38,4,,0,30,,8750,38,4,,0,70,,8729,38,4,,0,30,,8730,38,4,,0,70,,8751,38,4,,0,30,,8752,38,4,,0,70,,8732,38,4,,0,30,,8753,38,4,,0,70,,8731,38,4,,0,30,,8754,38,4,,0,70,,8733,38,4,,0,30,,8755,38,4,,0,70,,8734,38,4,,0,30,,8748,38,4,,0,70,,8735,38,4,,0,30,,8747,38,4,,0,70,,8736,38,4,,0,30,,8746,38,4,,0,70,,8737,38,4,,0,29,,8745,38,4,,0,70,,8738,38,4,,0,30,,8739,38,4,,0,85,,8740,38,4,,0,85,,8741,38,4,,0,45,,8742,38,4,,0,85,,8743,38,4,,0,85,,8744,38,4,,0,85,,8756,38,4,,0
17029,'1003',643,,11916,38,4,,0,65,,11884,38,4,,0,30,,11885,38,4,,0,70,,11886,38,4,,0,30,,11908,38,4,,0,70,,11887,38,4,,0,30,,11909,38,4,,0,70,,11888,38,4,,0,30,,11889,38,4,,0,70,,11910,38,4,,0,30,,11911,38,4,,0,70,,11891,38,4,,0,30,,11912,38,4,,0,70,,11890,38,4,,0,30,,11913,38,4,,0,70,,11892,38,4,,0,30,,11914,38,4,,0,70,,11893,38,4,,0,30,,11907,38,4,,0,70,,11894,38,4,,0,30,,11906,38,4,,0,70,,11895,38,4,,0,30,,11905,38,4,,0,70,,11896,38,4,,0,29,,11904,38,4,,0,70,,11897,38,4,,0,30,,11898,38,4,,0,85,,11899,38,4,,0,85,,11900,38,4,,0,45,,11901,38,4,,0,85,,11902,38,4,,0,85,,11903,38,4,,0,85,,11915,38,4,,0
17029,'1004',909,,11917,38,4,,0,40,,11918,38,4,,0,80,,11919,38,4,,0,80,,11920,38,4,,0,46,,11921,38,4,,0,85,,11922,38,4,,0,85,,11923,38,4,,0,85,,11924,38,4,,0,45,,11925,38,4,,0,85,,11926,38,4,,0,85,,11927,38,4,,0,85,,11928,38,4,,0,45,,11929,38,4,,0,85,,11930,38,4,,0,85,,11931,38,4,,0,85,,11932,38,4,,0,45,,11933,38,4,,0,85,,11934,38,4,,0,85,,11935,38,4,,0,82,,11936,38,4,,0
17029,'995',637,,11937,38,4,,0,80,,11938,38,4,,0,40,,11939,38,4,,0,80,,11940,38,4,,0,80,,11941,38,4,,0,40,,11942,38,4,,0,80,,11943,38,4,,0,70,,11955,38,4,,0,31,,11944,38,4,,0,70,,11945,38,4,,0,30,,11949,38,4,,0,70,,11946,38,4,,0,30,,11950,38,4,,0,70,,11947,38,4,,0,30,,11948,38,4,,0,70,,11952,38,4,,0,30,,11953,38,4,,0,70,,11962,38,4,,0,30,,11951,38,4,,0,70,,11963,38,4,,0,30,,11965,38,4,,0,70,,11964,38,4,,0,29,,11954,38,4,,0,70,,11966,38,4,,0,30,,11967,38,4,,0,85,,11956,38,4,,0,85,,11958,38,4,,0,45,,11957,38,4,,0,85,,11959,38,4,,0,85,,11961,38,4,,0,85,,11960,38,4,,0
17029,'996',909,,11968,38,4,,0,40,,11969,38,4,,0,80,,11970,38,4,,0,80,,11971,38,4,,0,46,,11972,38,4,,0,85,,11973,38,4,,0,85,,11974,38,4,,0,85,,11975,38,4,,0,45,,11976,38,4,,0,85,,11977,38,4,,0,85,,11978,38,4,,0,85,,11979,38,4,,0,45,,11980,38,4,,0,85,,11981,38,4,,0,85,,11982,38,4,,0,85,,11983,38,4,,0,45,,11984,38,4,,0,85,,11985,38,4,,0,85,,11986,38,4,,0,82,,11987,38,4,,0
30003019,'1002',643,,9034,29,4,,0,66,,9035,29,4,,0,30,,9036,29,4,,0,71,,9037,29,4,,0,30,,9038,29,4,,0,70,,9039,29,4,,0,30,,9040,29,4,,0,70,,9041,29,4,,0,27,,9011,29,4,,0,73,,9012,29,4,,0,30,,9013,29,4,,0,70,,9014,29,4,,0,30,,9015,29,4,,0,70,,9016,29,4,,0,30,,9017,29,4,,0,70,,9018,29,4,,0,30,,9019,29,4,,0,70,,9020,29,4,,0,30,,9021,29,4,,0,70,,9022,29,4,,0,30,,9023,29,4,,0,70,,9024,29,4,,0,30,,9025,29,4,,0,70,,9026,29,4,,0,30,,9028,29,4,,0,70,,9027,29,4,,0,30,,9033,29,4,,0,85,,9031,29,4,,0,85,,9030,29,4,,0,45,,9032,29,4,,0,85,,9029,29,4,,0,85,,9042,29,4,,0
30003019,'1003',643,,12193,29,4,,0,66,,12194,29,4,,0,30,,12195,29,4,,0,71,,12196,29,4,,0,30,,12197,29,4,,0,70,,12198,29,4,,0,30,,12199,29,4,,0,70,,12200,29,4,,0,27,,12170,29,4,,0,73,,12171,29,4,,0,30,,12172,29,4,,0,70,,12173,29,4,,0,30,,12174,29,4,,0,70,,12175,29,4,,0,30,,12176,29,4,,0,70,,12177,29,4,,0,30,,12178,29,4,,0,70,,12179,29,4,,0,30,,12180,29,4,,0,70,,12181,29,4,,0,30,,12182,29,4,,0,70,,12183,29,4,,0,30,,12184,29,4,,0,70,,12185,29,4,,0,30,,12187,29,4,,0,70,,12186,29,4,,0,30,,12192,29,4,,0,85,,12190,29,4,,0,85,,12189,29,4,,0,45,,12191,29,4,,0,85,,12188,29,4,,0,85,,12201,29,4,,0
30003019,'1004',905,,12202,29,4,,0,40,,12203,29,4,,0,80,,12204,29,4,,0,80,,12205,29,4,,0,49,,12206,29,4,,0,88,,12207,29,4,,0,85,,12208,29,4,,0,85,,12209,29,4,,0,45,,12210,29,4,,0,85,,12211,29,4,,0,85,,12212,29,4,,0,85,,12213,29,4,,0,45,,12214,29,4,,0,85,,12215,29,4,,0,85,,12216,29,4,,0,85,,12217,29,4,,0,45,,12218,29,4,,0,85,,12219,29,4,,0,85,,12221,29,4,,0,82,,12220,29,4,,0
30003019,'995',640,,12222,29,4,,0,75,,12223,29,4,,0,40,,12224,29,4,,0,80,,12225,29,4,,0,80,,12226,29,4,,0,40,,12227,29,4,,0,82,,12228,29,4,,0,73,,12229,29,4,,0,30,,12230,29,4,,0,70,,12231,29,4,,0,30,,12232,29,4,,0,70,,12233,29,4,,0,30,,12234,29,4,,0,70,,12235,29,4,,0,30,,12236,29,4,,0,70,,12237,29,4,,0,30,,12238,29,4,,0,70,,12239,29,4,,0,30,,12240,29,4,,0,70,,12241,29,4,,0,30,,12242,29,4,,0,70,,12243,29,4,,0,27,,12244,29,4,,0,67,,12245,29,4,,0,30,,12251,29,4,,0,85,,12246,29,4,,0,85,,12247,29,4,,0,48,,12248,29,4,,0,85,,12249,29,4,,0,82,,12250,29,4,,0
30003019,'996',905,,12252,29,4,,0,40,,12253,29,4,,0,80,,12254,29,4,,0,80,,12255,29,4,,0,49,,12256,29,4,,0,88,,12257,29,4,,0,85,,12258,29,4,,0,85,,12259,29,4,,0,45,,12260,29,4,,0,85,,12261,29,4,,0,85,,12262,29,4,,0,85,,12263,29,4,,0,45,,12264,29,4,,0,85,,12265,29,4,,0,85,,12266,29,4,,0,85,,12267,29,4,,0,45,,12268,29,4,,0,85,,12269,29,4,,0,85,,12271,29,4,,0,82,,12270,29,4,,0
30003029,'1002',610,,9136,1,,,0,20,,9137,1,,,0,70,,9138,1,,,0,30,,9139,1,,,0,70,,9140,1,,,0,30,,9141,1,,,0,70,,9142,1,,,0,30,,9143,1,,,0,70,,9113,1,,,0,30,,9114,1,,,0,70,,9115,1,,,0,30,,9116,1,,,0,70,,9117,1,,,0,30,,9118,1,,,0,70,,9119,1,,,0,30,,9120,1,,,0,70,,9121,1,,,0,30,,9122,1,,,0,70,,9123,1,,,0,30,,9124,1,,,0,70,,9125,1,,,0,30,,9126,1,,,0,70,,9127,1,,,0,30,,9128,1,,,0,70,,9129,1,,,0,30,,9130,1,,,0,70,,9131,1,,,0,45,,9133,1,,,0,85,,9134,1,,,0,85,,9135,1,,,0,85,,9132,1,,,0,45,,9144,1,,,0
30003029,'1003',610,,12295,1,,,0,20,,12296,1,,,0,70,,12297,1,,,0,30,,12298,1,,,0,70,,12299,1,,,0,30,,12300,1,,,0,70,,12301,1,,,0,30,,12302,1,,,0,70,,12272,1,,,0,30,,12273,1,,,0,70,,12274,1,,,0,30,,12275,1,,,0,70,,12276,1,,,0,30,,12277,1,,,0,70,,12278,1,,,0,30,,12279,1,,,0,70,,12280,1,,,0,30,,12281,1,,,0,70,,12282,1,,,0,30,,12283,1,,,0,70,,12284,1,,,0,30,,12285,1,,,0,70,,12286,1,,,0,30,,12287,1,,,0,70,,12288,1,,,0,30,,12289,1,,,0,70,,12290,1,,,0,45,,12292,1,,,0,85,,12293,1,,,0,85,,12294,1,,,0,85,,12291,1,,,0,45,,12303,1,,,0
30003029,'1004',832,,12304,1,,,0,80,,12305,1,,,0,40,,12306,1,,,0,80,,12307,1,,,0,86,,12308,1,,,0,85,,12309,1,,,0,45,,12310,1,,,0,85,,12311,1,,,0,85,,12312,1,,,0,85,,12313,1,,,0,45,,12314,1,,,0,85,,12315,1,,,0,85,,12316,1,,,0,85,,12317,1,,,0,45,,12318,1,,,0,85,,12319,1,,,0,85,,12320,1,,,0,85,,12321,1,,,0,45,,12322,1,,,0,82,,12323,1,,,0
30003029,'995',605,,12324,1,,,0,35,,12325,1,,,0,80,,12326,1,,,0,80,,12327,1,,,0,40,,12328,1,,,0,80,,12329,1,,,0,80,,12330,1,,,0,30,,12331,1,,,0,70,,12332,1,,,0,30,,12333,1,,,0,70,,12334,1,,,0,30,,12335,1,,,0,70,,12336,1,,,0,30,,12337,1,,,0,70,,12338,1,,,0,30,,12339,1,,,0,70,,12340,1,,,0,30,,12341,1,,,0,70,,12342,1,,,0,30,,12343,1,,,0,70,,12344,1,,,0,30,,12345,1,,,0,70,,12346,1,,,0,30,,12353,1,,,0,70,,12347,1,,,0,45,,12348,1,,,0,85,,12349,1,,,0,85,,12350,1,,,0,85,,12351,1,,,0,45,,12352,1,,,0
30003029,'996',832,,12354,1,,,0,80,,12355,1,,,0,40,,12356,1,,,0,80,,12357,1,,,0,86,,12358,1,,,0,85,,12359,1,,,0,45,,12360,1,,,0,85,,12361,1,,,0,85,,12362,1,,,0,85,,12363,1,,,0,45,,12364,1,,,0,85,,12365,1,,,0,85,,12366,1,,,0,85,,12367,1,,,0,45,,12368,1,,,0,85,,12369,1,,,0,85,,12370,1,,,0,85,,12371,1,,,0,45,,12372,1,,,0,82,,12373,1,,,0
100003019,'1002',655,,9212,21,4,,0,70,,9213,23,4,,0,30,,9214,23,4,,0,70,,9215,23,4,,0,30,,9216,23,4,,0,70,,9217,23,4,,0,30,,9218,23,4,,0,70,,9195,23,4,,0,30,,9196,23,4,,0,70,,9197,23,4,,0,30,,9198,23,4,,0,70,,9199,23,4,,0,30,,9200,23,4,,0,70,,9201,23,4,,0,30,,9202,23,4,,0,70,,9203,23,4,,0,30,,9204,23,4,,0,70,,9205,23,4,,0,30,,9206,23,4,,0,70,,9207,23,4,,0,30,,9208,23,4,,0,70,,9209,23,4,,0,30,,9210,23,4,,0,70,,9211,23,4,,0,30,,9219,23,4,,0,70,,9220,23,4,,0
100003019,'1003',655,,12391,21,4,,0,70,,12392,23,4,,0,30,,12393,23,4,,0,70,,12394,23,4,,0,30,,12395,23,4,,0,70,,12396,23,4,,0,30,,12397,23,4,,0,70,,12374,23,4,,0,30,,12375,23,4,,0,70,,12376,23,4,,0,30,,12377,23,4,,0,70,,12378,23,4,,0,30,,12379,23,4,,0,70,,12380,23,4,,0,30,,12381,23,4,,0,70,,12382,23,4,,0,30,,12383,23,4,,0,70,,12384,23,4,,0,30,,12385,23,4,,0,70,,12386,23,4,,0,30,,12387,23,4,,0,70,,12388,23,4,,0,30,,12389,23,4,,0,70,,12390,23,4,,0,30,,12398,23,4,,0,70,,12399,23,4,,0
100003019,'995',1025,,12400,23,4,,0,30,,12401,23,4,,0,70,,12402,23,4,,0,30,,12403,23,4,,0,70,,12404,23,4,,0,30,,12405,23,4,,0,70,,12406,23,4,,0,30,,12407,23,4,,0,70,,12408,23,4,,0,30,,12409,23,4,,0,70,,12410,23,4,,0,30,,12411,23,4,,0,70,,12412,23,4,,0,30,,12413,23,4,,0,70,,12414,23,4,,0,30,,12415,23,4,,0,70,,12416,23,4,,0,30,,12417,23,4,,0,70,,12418,23,4,,0
100003029,'1002',620,,9257,1,,,0,25,,9258,1,,,0,70,,9259,1,,,0,30,,9260,1,,,0,70,,9261,1,,,0,30,,9262,1,,,0,70,,9263,1,,,0,30,,9256,1,,,0,70,,9240,1,,,0,30,,9241,1,,,0,70,,9242,1,,,0,30,,9243,1,,,0,70,,9244,1,,,0,30,,9245,1,,,0,70,,9246,1,,,0,30,,9247,1,,,0,70,,9248,1,,,0,30,,9249,1,,,0,70,,9250,1,,,0,30,,9251,1,,,0,70,,9252,1,,,0,30,,9253,1,,,0,70,,9254,1,,,0,30,,9255,1,,,0,70,,9265,1,,,0,30,,9264,1,,,0
100003029,'1003',620,,12436,1,,,0,25,,12437,1,,,0,70,,12438,1,,,0,30,,12439,1,,,0,70,,12440,1,,,0,30,,12441,1,,,0,70,,12442,1,,,0,30,,12435,1,,,0,70,,12419,1,,,0,30,,12420,1,,,0,70,,12421,1,,,0,30,,12422,1,,,0,70,,12423,1,,,0,30,,12424,1,,,0,70,,12425,1,,,0,30,,12426,1,,,0,70,,12427,1,,,0,30,,12428,1,,,0,70,,12429,1,,,0,30,,12430,1,,,0,70,,12431,1,,,0,30,,12432,1,,,0,70,,12433,1,,,0,30,,12434,1,,,0,70,,12444,1,,,0,30,,12443,1,,,0
100003029,'995',945,,12461,1,,,0,70,,12445,1,,,0,30,,12446,1,,,0,70,,12447,1,,,0,30,,12448,1,,,0,70,,12449,1,,,0,30,,12450,1,,,0,70,,12451,1,,,0,30,,12452,1,,,0,70,,12453,1,,,0,30,,12454,1,,,0,70,,12455,1,,,0,30,,12456,1,,,0,70,,12457,1,,,0,30,,12458,1,,,0,70,,12459,1,,,0,30,,12460,1,,,0,70,,12462,1,,,0,30,,12463,1,,,0
130003019,'1002',610,,9364,1,0,13,0,15,,9365,1,,,0,20,,9366,1,,,0,55,,9367,1,0,13,0,15,,9368,1,,,0,15,,9369,1,0,13,0,15,,9370,1,,,0,55,,9371,1,0,13,0,15,,9372,1,,,0,15,,9373,1,0,13,0,15,,9374,1,,,0,55,,9375,1,0,13,0,15,,9376,1,,,0,15,,9377,1,0,13,0,15,,9363,1,,,0,55,,9321,1,0,13,0,15,,9322,1,,,0,15,,9323,1,0,13,0,15,,9324,1,,,0,55,,9325,1,0,13,0,15,,9326,1,,,0,15,,9327,1,0,13,0,15,,9328,1,,,0,55,,9329,1,0,13,0,15,,9330,1,,,0,15,,9331,1,0,13,0,15,,9332,1,,,0,55,,9333,1,0,13,0,15,,9334,1,,,0,15,,9335,1,0,13,0,15,,9336,1,,,0,55,,9337,1,0,13,0,15,,9338,1,,,0,15,,9339,1,0,13,0,15,,9340,1,,,0,55,,9341,1,0,13,0,15,,9342,1,,,0,15,,9343,1,0,13,0,15,,9344,1,,,0,55,,9345,1,0,13,0,15,,9346,1,,,0,15,,9347,1,0,13,0,15,,9348,1,,,0,55,,9349,1,0,13,0,15,,9350,1,,,0,15,,9351,1,0,13,0,15,,9352,1,,,0,55,,9358,1,0,13,0,15,,9360,1,,,0,15,,9356,1,0,13,0,15,,9361,1,,,0,55,,9354,1,0,13,0,23,,9362,1,0,7 8,0,22,,9353,1,,,0,63,,9378,1,0,7 8,0,22,,9359,1,,,0,23,,9379,1,0,7 8,0,62,,9357,1,,,0,23,,9380,1,0,7 8,0,62,,9355,1,,,0,45,,9382,1,,,0,85,,9381,1,0,7 8,0,80,,9383,1,0,7 8,0
130003019,'1003',610,,12507,1,0,13,0,15,,12508,1,,,0,20,,12509,1,,,0,55,,12510,1,0,13,0,15,,12511,1,,,0,15,,12512,1,0,13,0,15,,12513,1,,,0,55,,12514,1,0,13,0,15,,12515,1,,,0,15,,12516,1,0,13,0,15,,12517,1,,,0,55,,12518,1,0,13,0,15,,12519,1,,,0,15,,12520,1,0,13,0,15,,12506,1,,,0,55,,12464,1,0,13,0,15,,12465,1,,,0,15,,12466,1,0,13,0,15,,12467,1,,,0,55,,12468,1,0,13,0,15,,12469,1,,,0,15,,12470,1,0,13,0,15,,12471,1,,,0,55,,12472,1,0,13,0,15,,12473,1,,,0,15,,12474,1,0,13,0,15,,12475,1,,,0,55,,12476,1,0,13,0,15,,12477,1,,,0,15,,12478,1,0,13,0,15,,12479,1,,,0,55,,12480,1,0,13,0,15,,12481,1,,,0,15,,12482,1,0,13,0,15,,12483,1,,,0,55,,12484,1,0,13,0,15,,12485,1,,,0,15,,12486,1,0,13,0,15,,12487,1,,,0,55,,12488,1,0,13,0,15,,12489,1,,,0,15,,12490,1,0,13,0,15,,12491,1,,,0,55,,12492,1,0,13,0,15,,12493,1,,,0,15,,12494,1,0,13,0,15,,12495,1,,,0,55,,12501,1,0,13,0,15,,12503,1,,,0,15,,12499,1,0,13,0,15,,12504,1,,,0,55,,12497,1,0,13,0,23,,12505,1,0,7 8,0,22,,12496,1,,,0,63,,12521,1,0,7 8,0,22,,12502,1,,,0,23,,12522,1,0,7 8,0,62,,12500,1,,,0,23,,12523,1,0,7 8,0,62,,12498,1,,,0,45,,12525,1,,,0,85,,12524,1,0,7 8,0,80,,12526,1,0,7 8,0
130003019,'1004',750,,12527,1,,,0,60,,12559,1,0,7 8,0,20,,12528,1,,,0,20,,12553,1,0,7 8,0,60,,12529,1,,,0,20,,12556,1,0,7 8,0,20,,12530,1,,,0,60,,12554,1,0,7 8,0,20,,12531,1,,,0,23,,12557,1,0,7 8,0,62,,12532,1,,,0,23,,12555,1,0,7 8,0,62,,12533,1,,,0,23,,12558,1,0,7 8,0,22,,12534,1,,,0,63,,12535,1,0,7 8,0,22,,12536,1,,,0,23,,12537,1,0,7 8,0,62,,12538,1,,,0,23,,12539,1,0,7 8,0,62,,12540,1,,,0,23,,12541,1,0,7 8,0,22,,12542,1,,,0,63,,12543,1,0,7 8,0,22,,12544,1,,,0,23,,12545,1,0,7 8,0,62,,12546,1,,,0,23,,12547,1,0,7 8,0,62,,12548,1,,,0,23,,12561,1,0,7 8,0,22,,12560,1,,,0,85,,12549,1,,,0,85,,12550,1,,,0,85,,12551,1,,,0,45,,12562,1,,,0,85,,12552,1,0,7 8,0
130003019,'995',600,,12563,1,,,0,20,,12564,1,0,7 8,0,20,,12565,1,,,0,60,,12566,1,0,7 8,0,20,,12567,1,,,0,20,,12568,1,0,7 8,0,60,,12569,1,,,0,20,,12570,1,0,7 8,0,20,,12571,1,,,0,60,,12572,1,0,7 8,0,20,,12573,1,,,0,20,,12574,1,0,13,0,60,,12575,1,0,13,0,15,,12576,1,,,0,15,,12577,1,0,13,0,15,,12578,1,,,0,55,,12579,1,0,13,0,15,,12580,1,,,0,15,,12581,1,0,13,0,15,,12582,1,,,0,55,,12583,1,0,13,0,15,,12584,1,,,0,15,,12585,1,0,13,0,15,,12586,1,,,0,55,,12587,1,0,13,0,15,,12588,1,,,0,15,,12589,1,0,13,0,15,,12590,1,,,0,55,,12591,1,0,13,0,15,,12592,1,,,0,15,,12593,1,0,13,0,15,,12594,1,,,0,55,,12595,1,0,13,0,15,,12596,1,,,0,15,,12597,1,0,13,0,15,,12598,1,,,0,55,,12599,1,0,13,0,15,,12600,1,,,0,15,,12601,1,0,13,0,15,,12602,1,,,0,55,,12603,1,0,13,0,15,,12604,1,,,0,15,,12605,1,0,13,0,15,,12606,1,,,0,55,,12607,1,0,13,0,15,,12622,1,,,0,15,,12614,1,0,13,0,15,,12608,1,,,0,55,,12615,1,0,13,0,22,,12609,1,0,7 8,0,23,,12616,1,,,0,63,,12610,1,0,7 8,0,22,,12619,1,,,0,23,,12611,1,0,7 8,0,62,,12618,1,,,0,23,,12612,1,0,7 8,0,62,,12617,1,,,0,45,,12613,1,,,0,85,,12621,1,0,7 8,0,80,,12620,1,0,7 8,0
130003019,'996',750,,12623,1,,,0,60,,12655,1,0,7 8,0,20,,12624,1,,,0,20,,12649,1,0,7 8,0,60,,12625,1,,,0,20,,12652,1,0,7 8,0,20,,12626,1,,,0,60,,12650,1,0,7 8,0,20,,12627,1,,,0,23,,12653,1,0,7 8,0,62,,12628,1,,,0,23,,12651,1,0,7 8,0,62,,12629,1,,,0,23,,12654,1,0,7 8,0,22,,12630,1,,,0,63,,12631,1,0,7 8,0,22,,12632,1,,,0,23,,12633,1,0,7 8,0,62,,12634,1,,,0,23,,12635,1,0,7 8,0,62,,12636,1,,,0,23,,12637,1,0,7 8,0,22,,12638,1,,,0,63,,12639,1,0,7 8,0,22,,12640,1,,,0,23,,12641,1,0,7 8,0,62,,12642,1,,,0,23,,12643,1,0,7 8,0,62,,12644,1,,,0,23,,12657,1,0,7 8,0,22,,12656,1,,,0,85,,12645,1,,,0,85,,12646,1,,,0,85,,12647,1,,,0,45,,12658,1,,,0,85,,12648,1,0,7 8,0
130003029,'1002',629,,9556,28,4,,0,15,,9557,28,4,,0,67,,9558,29,4,,0,15,,9559,29,4,,0,15,,9560,29,4,,0,15,,9561,29,4,,0,55,,9562,29,4,,0,15,,9563,29,4,,0,15,,9564,29,4,,0,15,,9565,29,4,,0,55,,9566,29,4,,0,15,,9567,29,4,,0,15,,9568,29,4,,0,15,,9569,29,4,,0,55,,9570,29,4,,0,15,,9515,29,4,,0,15,,9516,29,4,,0,15,,9517,29,4,,0,55,,9518,29,4,,0,15,,9519,29,4,,0,15,,9520,29,4,,0,15,,9521,29,4,,0,55,,9522,29,4,,0,15,,9523,29,4,,0,15,,9524,29,4,,0,15,,9525,29,4,,0,55,,9526,29,4,,0,15,,9527,29,4,,0,15,,9528,29,4,,0,15,,9529,29,4,,0,55,,9530,29,4,,0,15,,9531,29,4,,0,15,,9532,29,4,,0,15,,9533,29,4,,0,55,,9534,29,4,,0,15,,9535,29,4,,0,15,,9536,29,4,,0,15,,9537,29,4,,0,55,,9538,29,4,,0,15,,9539,29,4,,0,15,,9540,29,4,,0,15,,9541,29,4,,0,55,,9542,29,4,,0,15,,9543,29,4,,0,15,,9544,29,4,,0,15,,9545,29,4,,0,58,,9553,29,4,,0,15,,9552,29,4,,0,15,,9554,29,4,,0,15,,9546,29,4,,0,48,,9555,28,4,,0,15,,9550,28,4,,0,22,,9571,28,4,,0,63,,9549,28,4,,0,22,,9572,28,4,,0,23,,9548,28,4,,0,62,,9573,28,4,,0,23,,9547,28,4,,0,22,,9575,28,4,,0,63,,9577,28,4,,0,22,,9551,28,4,,0,82,,9574,28,4,,0,80,,9576,28,4,,0,39,,9578,28,4,,0
130003029,'1003',629,,12700,28,4,,0,15,,12701,28,4,,0,67,,12702,29,4,,0,15,,12703,29,4,,0,15,,12704,29,4,,0,15,,12705,29,4,,0,55,,12706,29,4,,0,15,,12707,29,4,,0,15,,12708,29,4,,0,15,,12709,29,4,,0,55,,12710,29,4,,0,15,,12711,29,4,,0,15,,12712,29,4,,0,15,,12713,29,4,,0,55,,12714,29,4,,0,15,,12659,29,4,,0,15,,12660,29,4,,0,15,,12661,29,4,,0,55,,12662,29,4,,0,15,,12663,29,4,,0,15,,12664,29,4,,0,15,,12665,29,4,,0,55,,12666,29,4,,0,15,,12667,29,4,,0,15,,12668,29,4,,0,15,,12669,29,4,,0,55,,12670,29,4,,0,15,,12671,29,4,,0,15,,12672,29,4,,0,15,,12673,29,4,,0,55,,12674,29,4,,0,15,,12675,29,4,,0,15,,12676,29,4,,0,15,,12677,29,4,,0,55,,12678,29,4,,0,15,,12679,29,4,,0,15,,12680,29,4,,0,15,,12681,29,4,,0,55,,12682,29,4,,0,15,,12683,29,4,,0,15,,12684,29,4,,0,15,,12685,29,4,,0,55,,12686,29,4,,0,15,,12687,29,4,,0,15,,12688,29,4,,0,15,,12689,29,4,,0,58,,12697,29,4,,0,15,,12696,29,4,,0,15,,12698,29,4,,0,15,,12690,29,4,,0,48,,12699,28,4,,0,15,,12694,28,4,,0,22,,12715,28,4,,0,63,,12693,28,4,,0,22,,12716,28,4,,0,23,,12692,28,4,,0,62,,12717,28,4,,0,23,,12691,28,4,,0,22,,12719,28,4,,0,63,,12721,28,4,,0,22,,12695,28,4,,0,82,,12718,28,4,,0,80,,12720,28,4,,0,39,,12722,28,4,,0
130003029,'1004',829,,12723,28,4,,0,20,,12748,28,4,,0,60,,12724,28,4,,0,20,,12754,28,4,,0,20,,12725,28,4,,0,60,,12751,28,4,,0,20,,12726,28,4,,0,22,,12752,28,4,,0,61,,12727,28,4,,0,22,,12750,28,4,,0,25,,12728,28,4,,0,62,,12753,28,4,,0,23,,12729,28,4,,0,62,,12749,28,4,,0,23,,12730,28,4,,0,22,,12731,28,4,,0,63,,12732,28,4,,0,22,,12733,28,4,,0,23,,12734,28,4,,0,62,,12735,28,4,,0,23,,12736,28,4,,0,62,,12737,28,4,,0,23,,12738,28,4,,0,22,,12739,28,4,,0,63,,12740,28,4,,0,22,,12741,28,4,,0,64,,12742,28,4,,0,22,,12756,28,4,,0,23,,12755,28,4,,0,85,,12743,28,4,,0,85,,12744,28,4,,0,85,,12745,28,4,,0,45,,12746,28,4,,0,85,,12747,28,4,,0,83,,12757,28,4,,0
130003029,'995',619,,12758,28,4,,0,20,,12759,28,4,,0,20,,12760,28,4,,0,60,,12761,28,4,,0,20,,12762,28,4,,0,20,,12763,28,4,,0,60,,12764,28,4,,0,20,,12765,28,4,,0,20,,12766,28,4,,0,60,,12767,28,4,,0,20,,12768,28,4,,0,20,,12769,28,4,,0,70,,12770,29,4,,0,15,,12771,29,4,,0,15,,12772,29,4,,0,55,,12773,29,4,,0,15,,12774,29,4,,0,15,,12775,29,4,,0,15,,12776,29,4,,0,55,,12777,29,4,,0,15,,12778,29,4,,0,15,,12779,29,4,,0,15,,12780,29,4,,0,55,,12781,29,4,,0,15,,12782,29,4,,0,15,,12783,29,4,,0,15,,12784,29,4,,0,55,,12785,29,4,,0,15,,12786,29,4,,0,15,,12787,29,4,,0,15,,12788,29,4,,0,55,,12789,29,4,,0,15,,12790,29,4,,0,15,,12791,29,4,,0,15,,12792,29,4,,0,55,,12793,29,4,,0,15,,12794,29,4,,0,15,,12795,29,4,,0,15,,12796,29,4,,0,55,,12797,29,4,,0,15,,12798,29,4,,0,15,,12799,29,4,,0,15,,12816,29,4,,0,55,,12817,29,4,,0,15,,12811,29,4,,0,15,,12812,29,4,,0,15,,12814,29,4,,0,48,,12815,28,4,,0,15,,12813,28,4,,0,22,,12818,28,4,,0,63,,12805,28,4,,0,22,,12800,28,4,,0,23,,12806,28,4,,0,62,,12801,28,4,,0,23,,12807,28,4,,0,22,,12802,28,4,,0,63,,12808,28,4,,0,22,,12803,28,4,,0,82,,12804,28,4,,0,81,,12809,28,4,,0,39,,12810,28,4,,0
130003029,'996',829,,12819,28,4,,0,20,,12844,28,4,,0,60,,12820,28,4,,0,20,,12850,28,4,,0,20,,12821,28,4,,0,60,,12847,28,4,,0,20,,12822,28,4,,0,22,,12848,28,4,,0,61,,12823,28,4,,0,22,,12846,28,4,,0,25,,12824,28,4,,0,62,,12849,28,4,,0,23,,12825,28,4,,0,62,,12845,28,4,,0,23,,12826,28,4,,0,22,,12827,28,4,,0,63,,12828,28,4,,0,22,,12829,28,4,,0,23,,12830,28,4,,0,62,,12831,28,4,,0,23,,12832,28,4,,0,62,,12833,28,4,,0,23,,12834,28,4,,0,22,,12835,28,4,,0,63,,12836,28,4,,0,22,,12837,28,4,,0,64,,12838,28,4,,0,22,,12852,28,4,,0,23,,12851,28,4,,0,85,,12839,28,4,,0,85,,12840,28,4,,0,85,,12841,28,4,,0,45,,12842,28,4,,0,85,,12843,28,4,,0,83,,12853,28,4,,0
