11019,'994',624,,11185,15,,,0,30,,11186,15,,,0,70,,11187,15,,,0,30,,11188,15,,,0,70,,11189,15,,,0,30,,11190,15,,,0,70,,11191,15,,,0,30,,11192,15,,,0,70,,11169,15,,,0,30,,11170,15,,,0,70,,11171,15,,,0,30,,11172,15,,,0,70,,11173,15,,,0,30,,11174,15,,,0,70,,11175,15,,,0,30,,11176,15,,,0,70,,11177,15,,,0,30,,11178,15,,,0,70,,11179,15,,,0,30,,11180,15,,,0,70,,11181,15,,,0,30,,11182,15,,,0,70,,11183,15,,,0,30,,11184,15,,,0,70,,11194,15,,,0,30,,11193,15,,,0
11019,'995',1024,,11195,15,,,0,30,,11196,15,,,0,70,,11197,15,,,0,30,,11198,15,,,0,70,,11199,15,,,0,30,,11200,15,,,0,70,,11201,15,,,0,30,,11202,15,,,0,70,,11203,15,,,0,30,,11204,15,,,0,70,,11205,15,,,0,30,,11206,15,,,0,70,,11207,15,,,0,30,,11208,15,,,0,70,,11209,15,,,0,30,,11210,15,,,0,70,,11211,15,,,0,30,,11212,15,,,0
13029,'1017',904,,11319,19,,,0,40,,11320,19,,,0,80,,11321,19,,,0,80,,11322,19,,,0,46,,11323,19,,,0,85,,11324,19,,,0,85,,11325,19,,,0,85,,11326,19,,,0,45,,11327,19,,,0,85,,11328,19,,,0,85,,11329,19,,,0,85,,11330,19,,,0,45,,11331,19,,,0,85,,11332,19,,,0,85,,11333,19,,,0,84,,11334,19,,,0,44,,11335,19,,,0,85,,11336,19,,,0,85,,11337,19,,,0
13029,'994',1936,,11318,19,,,0,85,,11313,19,,,0,85,,11314,19,,,0,44,,11316,19,,,0,83,,11315,19,,,0,85,,11317,19,,,0
13029,'995',632,,11338,19,,,0,80,,11339,19,,,0,40,,11340,19,,,0,80,,11341,19,,,0,81,,11342,19,,,0,40,,11343,19,,,0,982,,11344,19,,,0,85,,11345,19,,,0,85,,11346,19,,,0,45,,11347,19,,,0,85,,11348,19,,,0,85,,11349,19,,,0
13029,'996',904,,11350,19,,,0,40,,11351,19,,,0,80,,11352,19,,,0,80,,11353,19,,,0,46,,11354,19,,,0,85,,11355,19,,,0,85,,11356,19,,,0,85,,11357,19,,,0,45,,11358,19,,,0,85,,11359,19,,,0,85,,11360,19,,,0,85,,11361,19,,,0,45,,11362,19,,,0,85,,11363,19,,,0,85,,11364,19,,,0,84,,11365,19,,,0,44,,11366,19,,,0,85,,11367,19,,,0,85,,11368,19,,,0
130003029,'1021',625,,12700,23,,,0,82,,12702,24,0,10 11,0,30,,12704,24,0,10 11,0,15,,12705,24,,,0,70,,12707,24,,,0,15,,12708,24,0,10 11,0,15,,12709,24,,,0,85,,12712,24,0,10 11,0,70,,12714,24,0,10 11,0,15,,12659,24,,,0,30,,12661,24,,,0,55,,12662,24,0,10 11,0,15,,12663,24,,,0,85,,12666,24,0,10 11,0,30,,12668,24,0,10 11,0,15,,12669,24,,,0,70,,12671,24,,,0,15,,12672,24,0,10 11,0,15,,12673,24,,,0,85,,12676,24,0,10 11,0,70,,12678,24,0,10 11,0,15,,12679,24,,,0,30,,12681,24,,,0,55,,12682,24,0,10 11,0,15,,12683,24,,,0,85,,12686,24,0,10 11,0,30,,12688,24,0,10 11,0,15,,12689,24,,,0,73,,12696,24,,,0,15,,12698,24,0,10 11,0,15,,12690,24,,,0,85,,12715,23,,,0,85,,12716,23,,,0,85,,12717,23,,,0,45,,12719,23,,,0,85,,12695,23,,,0,82,,12718,23,0,9,0,81,,12720,23,0,9,0,39,,12722,23,0,9,0
130003029,'1022',640,,12701,23,0,10 11,0,82,,14079,24,,,0,85,,14080,24,0,10 11,0,100,,12710,24,0,10 11,0,15,,12711,24,,,0,30,,14081,24,,,0,85,,14072,24,0,10 11,0,100,,12664,24,0,10 11,0,15,,12665,24,,,0,70,,14073,24,,,0,85,,14074,24,0,10 11,0,100,,12674,24,0,10 11,0,15,,12675,24,,,0,30,,14075,24,,,0,85,,14076,24,0,10 11,0,100,,12684,24,0,10 11,0,15,,12685,24,,,0,70,,14077,24,,,0,88,,14078,24,0,10 11,0,93,,12699,23,0,9,0,15,,12694,23,0,9,0,85,,12693,23,0,9,0,45,,12692,23,0,9,0,85,,12691,23,0,9,0,85,,12721,23,0,9,0
130003029,'1024',825,,12723,23,,,0,20,,12748,23,0,9,0,60,,12724,23,,,0,20,,12754,23,0,9,0,20,,12725,23,,,0,60,,12751,23,0,9,0,20,,12726,23,,,0,22,,12752,23,0,9,0,61,,12727,23,,,0,22,,12750,23,0,9,0,25,,12728,23,,,0,62,,12753,23,0,9,0,23,,12729,23,,,0,62,,12749,23,0,9,0,23,,12730,23,,,0,22,,12731,23,0,9,0,63,,12732,23,,,0,22,,12733,23,0,9,0,23,,12734,23,,,0,62,,12735,23,0,9,0,23,,12736,23,,,0,62,,12737,23,0,9,0,23,,12738,23,,,0,22,,12739,23,0,9,0,63,,12740,23,,,0,22,,12741,23,0,9,0,24,,12742,23,,,0,62,,12756,23,0,9,0,23,,12755,23,,,0,85,,12743,23,,,0,85,,12744,23,,,0,45,,12745,23,,,0,85,,12746,23,,,0,85,,12747,23,,,0,83,,12757,23,0,9,0
130003029,'1025',625,,15844,23,,,0,15,,15845,23,0,10 11,0,67,,15846,24,0,10 11,0,15,,15847,24,,,0,15,,15848,24,0,10 11,0,15,,15849,24,,,0,55,,15850,24,0,10 11,0,15,,15851,24,,,0,15,,15852,24,0,10 11,0,15,,15853,24,,,0,55,,15854,24,0,10 11,0,15,,15855,24,,,0,15,,15856,24,0,10 11,0,15,,15857,24,,,0,55,,15858,24,0,10 11,0,15,,15803,24,,,0,15,,15804,24,0,10 11,0,15,,15805,24,,,0,55,,15806,24,0,10 11,0,15,,15807,24,,,0,15,,15808,24,0,10 11,0,15,,15809,24,,,0,55,,15810,24,0,10 11,0,15,,15811,24,,,0,15,,15812,24,0,10 11,0,15,,15813,24,,,0,55,,15814,24,0,10 11,0,15,,15815,24,,,0,15,,15816,24,0,10 11,0,15,,15817,24,,,0,55,,15818,24,0,10 11,0,15,,15819,24,,,0,15,,15820,24,0,10 11,0,15,,15821,24,,,0,55,,15822,24,0,10 11,0,15,,15823,24,,,0,15,,15824,24,0,10 11,0,15,,15825,24,,,0,55,,15826,24,0,10 11,0,15,,15827,24,,,0,15,,15828,24,0,10 11,0,15,,15829,24,,,0,55,,15830,24,0,10 11,0,15,,15831,24,,,0,15,,15832,24,0,10 11,0,15,,15833,24,,,0,58,,15841,24,0,10 11,0,15,,15840,24,,,0,15,,15842,24,0,10 11,0,15,,15834,24,,,0,48,,15843,23,0,9,0,15,,15838,23,0,9,0,22,,15859,23,,,0,63,,15837,23,0,9,0,22,,15860,23,,,0,23,,15836,23,0,9,0,62,,15861,23,,,0,23,,15835,23,0,9,0,22,,15863,23,,,0,63,,15865,23,0,9,0,22,,15839,23,,,0,82,,15862,23,0,9,0,81,,15864,23,0,9,0,39,,15866,23,0,9,0
130003029,'1026',615,,15867,23,0,9,0,20,,15868,23,,,0,20,,15869,23,0,9,0,60,,15870,23,,,0,20,,15871,23,0,9,0,20,,15872,23,,,0,60,,15873,23,0,9,0,20,,15874,23,,,0,20,,15875,23,0,9,0,60,,15876,23,,,0,20,,15877,23,0,9,0,20,,15878,23,,,0,70,,15879,24,,,0,15,,15880,24,0,10 11,0,15,,15881,24,,,0,55,,15882,24,0,10 11,0,15,,15883,24,,,0,15,,15884,24,0,10 11,0,15,,15885,24,,,0,55,,15886,24,0,10 11,0,15,,15887,24,,,0,15,,15888,24,0,10 11,0,15,,15889,24,,,0,55,,15890,24,0,10 11,0,15,,15891,24,,,0,15,,15892,24,0,10 11,0,15,,15893,24,,,0,55,,15894,24,0,10 11,0,15,,15895,24,,,0,15,,15896,24,0,10 11,0,15,,15897,24,,,0,55,,15898,24,0,10 11,0,15,,15899,24,,,0,15,,15900,24,0,10 11,0,15,,15901,24,,,0,55,,15902,24,0,10 11,0,15,,15903,24,,,0,15,,15904,24,0,10 11,0,15,,15905,24,,,0,55,,15906,24,0,10 11,0,15,,15907,24,,,0,15,,15908,24,0,10 11,0,15,,15925,24,,,0,55,,15926,24,0,10 11,0,15,,15920,24,,,0,15,,15921,24,0,10 11,0,15,,15923,24,,,0,48,,15924,23,0,9,0,15,,15922,23,0,9,0,22,,15927,23,,,0,63,,15914,23,0,9,0,22,,15909,23,,,0,23,,15915,23,0,9,0,62,,15910,23,,,0,23,,15916,23,0,9,0,22,,15911,23,,,0,63,,15917,23,0,9,0,22,,15912,23,,,0,82,,15913,23,0,9,0,82,,15918,23,0,9,0,39,,15919,23,0,9,0
130003029,'1027',825,,15928,23,,,0,20,,15953,23,0,9,0,60,,15929,23,,,0,20,,15959,23,0,9,0,20,,15930,23,,,0,60,,15956,23,0,9,0,20,,15931,23,,,0,22,,15957,23,0,9,0,61,,15932,23,,,0,22,,15955,23,0,9,0,25,,15933,23,,,0,62,,15958,23,0,9,0,23,,15934,23,,,0,62,,15954,23,0,9,0,23,,15935,23,,,0,22,,15936,23,0,9,0,63,,15937,23,,,0,22,,15938,23,0,9,0,23,,15939,23,,,0,62,,15940,23,0,9,0,23,,15941,23,,,0,62,,15942,23,0,9,0,23,,15943,23,,,0,22,,15944,23,0,9,0,63,,15945,23,,,0,22,,15946,23,0,9,0,24,,15947,23,,,0,62,,15961,23,0,9,0,23,,15960,23,,,0,85,,15948,23,,,0,85,,15949,23,,,0,45,,15950,23,,,0,85,,15951,23,,,0,85,,15952,23,,,0,83,,15962,23,0,9,0
130003029,'996',825,,15963,23,,,0,20,,15988,23,0,9,0,60,,15964,23,,,0,20,,15994,23,0,9,0,20,,15965,23,,,0,60,,15991,23,0,9,0,20,,15966,23,,,0,22,,15992,23,0,9,0,61,,15967,23,,,0,22,,15990,23,0,9,0,25,,15968,23,,,0,62,,15993,23,0,9,0,23,,15969,23,,,0,62,,15989,23,0,9,0,23,,15970,23,,,0,22,,15971,23,0,9,0,63,,15972,23,,,0,22,,15973,23,0,9,0,23,,15974,23,,,0,62,,15975,23,0,9,0,23,,15976,23,,,0,62,,15977,23,0,9,0,23,,15978,23,,,0,22,,15979,23,0,9,0,63,,15980,23,,,0,22,,15981,23,0,9,0,24,,15982,23,,,0,62,,15996,23,0,9,0,23,,15995,23,,,0,85,,15983,23,,,0,85,,15984,23,,,0,45,,15985,23,,,0,85,,15986,23,,,0,85,,15987,23,,,0,83,,15997,23,0,9,0
