13019,'1004',845,,11263,27,,,0,80,,11264,27,,,0,80,,11265,27,,,0,40,,11266,27,,,0,86,,11267,27,,,0,85,,11268,27,,,0,85,,11269,27,,,0,45,,11270,27,,,0,85,,11271,27,,,0,85,,11272,27,,,0,85,,11273,27,,,0,45,,11274,27,,,0,85,,11275,27,,,0,85,,11276,27,,,0,85,,11277,27,,,0,45,,11278,27,,,0,84,,11279,27,,,0,85,,11280,27,,,0,85,,11281,27,,,0
13019,'994',1917,,11262,27,,,0,85,,11257,27,,,0,45,,11258,27,,,0,85,,11260,27,,,0,83,,11259,27,,,0,85,,11261,27,,,0
13019,'995',614,,11282,27,,,0,40,,11283,27,,,0,80,,11284,27,,,0,80,,11285,27,,,0,41,,11286,27,,,0,80,,11287,27,,,0,982,,11288,27,,,0,85,,11289,27,,,0,45,,11290,27,,,0,85,,11291,27,,,0,85,,11292,27,,,0,85,,11293,27,,,0
13019,'996',845,,11294,27,,,0,80,,11295,27,,,0,80,,11296,27,,,0,40,,11297,27,,,0,86,,11298,27,,,0,85,,11299,27,,,0,85,,11300,27,,,0,45,,11301,27,,,0,85,,11302,27,,,0,85,,11303,27,,,0,85,,11304,27,,,0,45,,11305,27,,,0,85,,11306,27,,,0,85,,11307,27,,,0,85,,11308,27,,,0,45,,11309,27,,,0,84,,11310,27,,,0,85,,11311,27,,,0,85,,11312,27,,,0
100003029,'1010',833,,12440,29,,,0,270,,12420,29,,,0,230,,12425,29,,,0,270,,12430,29,,,0,230,,12444,29,,,0
100003029,'1011',701,,12437,29,,,0,232,,12442,29,,,0,270,,12422,29,,,0,230,,12427,29,,,0,270,,12432,29,,,0
100003029,'1012',701,,12892,29,,,0,232,,12893,29,,,0,270,,12889,29,,,0,230,,12890,29,,,0,270,,12891,29,,,0
100003029,'1015',833,,14047,29,,,0,270,,14044,29,,,0,230,,14045,29,,,0,270,,14046,29,,,0,230,,14048,29,,,0
100003029,'1016',1103,,14049,29,,,0,230,,14050,29,,,0,270,,14051,29,,,0,230,,14052,29,,,0
100003029,'994',636,,12436,29,,,0,95,,12438,29,,,0,72,,12439,29,,,0,100,,12441,29,,,0,100,,12435,29,,,0,30,,12419,29,,,0,100,,12421,29,,,0,100,,12423,29,,,0,70,,12424,29,,,0,100,,12426,29,,,0,100,,12428,29,,,0,30,,12429,29,,,0,100,,12431,29,,,0,100,,12433,29,,,0,70,,12434,29,,,0,100,,12443,29,,,0
100003029,'995',1003,,12461,29,,,0,30,,12445,29,,,0,100,,12447,29,,,0,70,,12448,29,,,0,30,,12449,29,,,0,70,,12450,29,,,0,100,,12452,29,,,0,30,,12453,29,,,0,70,,12454,29,,,0,30,,12455,29,,,0,100,,12457,29,,,0,70,,12458,29,,,0,30,,12459,29,,,0,70,,12460,29,,,0,100,,12463,29,,,0
