2019,'976',845,,478,1,,,0,8,,451,24,4,,0,72,,488,1,,,0,8,,452,24,4,,0,72,,479,1,,,0,8,,453,24,4,,0,32,,470,1,,,0,9,,454,24,4,,0,71,,480,1,,,0,14,,455,24,4,,0,76,,471,1,,,0,9,,456,24,4,,0,76,,481,1,,,0,9,,457,24,4,,0,36,,472,1,,,0,9,,458,24,4,,0,76,,482,1,,,0,9,,459,24,4,,0,76,,473,1,,,0,9,,460,24,4,,0,76,,483,1,,,0,9,,461,24,4,,0,36,,477,1,,,0,9,,462,24,4,,0,76,,474,1,,,0,9,,463,24,4,,0,76,,487,1,,,0,9,,464,24,4,,0,76,,484,1,,,0,9,,465,24,4,,0,36,,485,1,,,0,9,,466,24,4,,0,76,,486,1,,,0,9,,467,24,4,,0,76,,475,1,,,0,9,,468,24,4,,0,76,,476,1,,,0,9,,469,24,4,,0,36,,489,1,,,0,9,,490,24,4,,0
2019,'979',1935,,385,1,,,0,99,,383,24,4,,0,71,,387,1,,,0,99,,380,24,4,,0,31,,381,1,,,0
2019,'980',642,,367,24,4,,0,3,,359,1,,,0,62,,368,24,4,,0,8,,360,1,,,0,26,,369,24,4,,0,4,,361,1,,,0,66,,370,24,4,,0,4,,362,1,,,0,26,,371,24,4,,0,3,,363,1,,,0,67,,372,24,4,,0,4,,364,1,,,0,26,,373,24,4,,0,4,,365,1,,,0,66,,366,24,4,,0,4,,328,1,,,0,26,,344,24,4,,0,4,,329,1,,,0,66,,345,24,4,,0,4,,330,1,,,0,26,,346,24,4,,0,4,,331,1,,,0,66,,347,24,4,,0,4,,332,1,,,0,26,,348,24,4,,0,4,,333,1,,,0,66,,349,24,4,,0,4,,334,1,,,0,26,,350,24,4,,0,4,,335,1,,,0,66,,351,24,4,,0,4,,336,1,,,0,26,,352,24,4,,0,4,,337,1,,,0,66,,353,24,4,,0,4,,338,1,,,0,26,,354,24,4,,0,4,,339,1,,,0,66,,355,24,4,,0,4,,340,1,,,0,26,,356,24,4,,0,4,,341,1,,,0,66,,357,24,4,,0,4,,342,1,,,0,26,,358,24,4,,0,4,,343,1,,,0,66,,317,24,4,,0,4,,325,1,,,0,26,,318,24,4,,0,4,,326,1,,,0,70,,324,1,,,0,11,,319,24,4,,0,22,,382,24,4,,0,11,,327,1,,,0,51,,320,24,4,,0,10,,386,1,,,0,25,,314,1,,,0,11,,321,24,4,,0,63,,384,24,4,,0,10,,315,1,,,0,12,,322,24,4,,0,9,,379,1,,,0,65,,316,1,,,0,11,,323,24,4,,0,32,,374,1,,,0,53,,375,24,4,,0,33,,376,1,,,0,56,,377,24,4,,0
2019,'984',845,,301,1,,,0,8,,274,24,4,,0,72,,311,1,,,0,8,,275,24,4,,0,72,,302,1,,,0,8,,276,24,4,,0,32,,293,1,,,0,9,,277,24,4,,0,71,,303,1,,,0,14,,278,24,4,,0,76,,294,1,,,0,9,,279,24,4,,0,76,,304,1,,,0,9,,280,24,4,,0,36,,295,1,,,0,9,,281,24,4,,0,76,,305,1,,,0,9,,282,24,4,,0,76,,296,1,,,0,9,,283,24,4,,0,76,,306,1,,,0,9,,284,24,4,,0,36,,300,1,,,0,9,,285,24,4,,0,76,,297,1,,,0,9,,286,24,4,,0,76,,310,1,,,0,9,,287,24,4,,0,76,,307,1,,,0,9,,288,24,4,,0,36,,308,1,,,0,9,,289,24,4,,0,76,,309,1,,,0,9,,290,24,4,,0,76,,298,1,,,0,9,,291,24,4,,0,76,,299,1,,,0,9,,292,24,4,,0,36,,312,1,,,0,9,,313,24,4,,0
2019,'985',1935,,3584,1,,,0,99,,3583,24,4,,0,71,,3585,1,,,0,99,,3581,24,4,,0,31,,3582,1,,,0
2019,'986',610,,3586,1,,,0,13,,3615,24,4,,0,27,,3587,1,,,0,53,,3616,24,4,,0,27,,3588,1,,,0,13,,3617,24,4,,0,67,,3589,1,,,0,13,,3618,24,4,,0,27,,3590,1,,,0,53,,3619,24,4,,0,27,,3591,1,,,0,13,,3620,24,4,,0,67,,3646,24,4,,0,5,,3592,1,,,0,25,,3621,24,4,,0,5,,3593,1,,,0,65,,3622,24,4,,0,5,,3594,1,,,0,25,,3623,24,4,,0,5,,3595,1,,,0,65,,3624,24,4,,0,5,,3596,1,,,0,25,,3625,24,4,,0,5,,3597,1,,,0,65,,3626,24,4,,0,5,,3598,1,,,0,25,,3627,24,4,,0,5,,3599,1,,,0,65,,3628,24,4,,0,5,,3600,1,,,0,25,,3629,24,4,,0,5,,3601,1,,,0,65,,3630,24,4,,0,5,,3602,1,,,0,25,,3631,24,4,,0,5,,3603,1,,,0,65,,3632,24,4,,0,5,,3604,1,,,0,25,,3633,24,4,,0,5,,3605,1,,,0,65,,3634,24,4,,0,5,,3606,1,,,0,25,,3635,24,4,,0,5,,3607,1,,,0,65,,3636,24,4,,0,5,,3608,1,,,0,25,,3647,24,4,,0,5,,3609,1,,,0,70,,3610,1,,,0,10,,3637,24,4,,0,34,,3611,1,,,0,51,,3638,24,4,,0,34,,3612,1,,,0,11,,3639,24,4,,0,74,,3613,1,,,0,11,,3640,24,4,,0,74,,3614,1,,,0,11,,3641,24,4,,0,34,,3645,1,,,0,51,,3642,24,4,,0,34,,3644,1,,,0,11,,3643,24,4,,0,4,,3648,1,,,0
5019,'976',839,,581,19,4,,0,80,,582,19,4,,0,40,,583,19,4,,0,80,,584,19,4,,0,85,,585,19,4,,0,90,,586,19,4,,0,45,,587,19,4,,0,85,,588,19,4,,0,85,,589,19,4,,0,85,,590,19,4,,0,45,,591,19,4,,0,85,,592,19,4,,0,85,,593,19,4,,0,85,,594,19,4,,0,45,,595,19,4,,0,85,,596,19,4,,0,85,,597,19,4,,0,85,,598,19,4,,0,45,,599,19,4,,0,85,,600,19,4,,0
5019,'980',644,,541,19,4,,0,70,,542,19,4,,0,30,,543,19,4,,0,70,,544,19,4,,0,29,,545,19,4,,0,71,,546,19,4,,0,30,,547,19,4,,0,70,,525,19,4,,0,30,,526,19,4,,0,70,,527,19,4,,0,30,,528,19,4,,0,70,,529,19,4,,0,30,,530,19,4,,0,70,,531,19,4,,0,30,,532,19,4,,0,70,,533,19,4,,0,30,,534,19,4,,0,70,,535,19,4,,0,30,,536,19,4,,0,70,,537,19,4,,0,30,,538,19,4,,0,70,,539,19,4,,0,30,,540,19,4,,0,70,,518,19,4,,0,30,,519,19,4,,0,70,,520,19,4,,0,44,,521,19,4,,0,84,,522,19,4,,0,86,,523,19,4,,0,85,,524,19,4,,0,44,,548,19,4,,0,86,,549,19,4,,0
5019,'984',839,,498,19,4,,0,80,,499,19,4,,0,40,,500,19,4,,0,80,,501,19,4,,0,85,,502,19,4,,0,90,,503,19,4,,0,45,,504,19,4,,0,85,,505,19,4,,0,85,,506,19,4,,0,85,,507,19,4,,0,45,,508,19,4,,0,85,,509,19,4,,0,85,,510,19,4,,0,85,,511,19,4,,0,45,,512,19,4,,0,85,,513,19,4,,0,85,,514,19,4,,0,85,,515,19,4,,0,45,,516,19,4,,0,85,,517,19,4,,0
5019,'986',609,,3654,19,4,,0,40,,3655,19,4,,0,80,,3656,19,4,,0,80,,3657,19,4,,0,40,,3658,19,4,,0,80,,3659,19,4,,0,85,,3660,19,4,,0,30,,3661,19,4,,0,70,,3662,19,4,,0,30,,3663,19,4,,0,70,,3664,19,4,,0,30,,3665,19,4,,0,70,,3666,19,4,,0,30,,3667,19,4,,0,70,,3668,19,4,,0,30,,3669,19,4,,0,70,,3670,19,4,,0,30,,3671,19,4,,0,70,,3672,19,4,,0,30,,3673,19,4,,0,70,,3674,19,4,,0,30,,3675,19,4,,0,70,,3676,19,4,,0,30,,3677,19,4,,0,70,,3678,19,4,,0,44,,3679,19,4,,0,84,,3680,19,4,,0,86,,3681,19,4,,0,85,,3682,19,4,,0,45,,3684,19,4,,0,85,,3683,19,4,,0
5029,'976',855,,682,1,,,0,80,,683,1,,,0,80,,684,1,,,0,85,,685,1,,,0,45,,686,1,,,0,85,,687,1,,,0,85,,688,1,,,0,85,,689,1,,,0,45,,690,1,,,0,85,,691,1,,,0,85,,692,1,,,0,85,,693,1,,,0,45,,694,1,,,0,85,,695,1,,,0,85,,696,1,,,0,85,,697,1,,,0,45,,698,1,,,0,85,,699,1,,,0,85,,700,1,,,0,85,,701,1,,,0
5029,'980',645,,644,1,,,0,70,,645,1,,,0,30,,646,1,,,0,69,,647,1,,,0,31,,648,1,,,0,70,,649,1,,,0,30,,650,1,,,0,70,,628,1,,,0,30,,629,1,,,0,70,,630,1,,,0,30,,631,1,,,0,70,,632,1,,,0,30,,633,1,,,0,70,,634,1,,,0,30,,635,1,,,0,70,,636,1,,,0,30,,637,1,,,0,70,,638,1,,,0,30,,639,1,,,0,70,,640,1,,,0,30,,641,1,,,0,70,,642,1,,,0,30,,643,1,,,0,70,,621,1,,,0,30,,622,1,,,0,84,,623,1,,,0,84,,624,1,,,0,46,,625,1,,,0,85,,626,1,,,0,85,,627,1,,,0,85,,651,1,,,0
5029,'984',855,,601,1,,,0,80,,602,1,,,0,80,,603,1,,,0,85,,604,1,,,0,45,,605,1,,,0,85,,606,1,,,0,85,,607,1,,,0,85,,608,1,,,0,45,,609,1,,,0,85,,610,1,,,0,85,,611,1,,,0,85,,612,1,,,0,45,,613,1,,,0,85,,614,1,,,0,85,,615,1,,,0,85,,616,1,,,0,45,,617,1,,,0,85,,618,1,,,0,85,,619,1,,,0,85,,620,1,,,0
5029,'986',625,,3685,1,,,0,80,,3686,1,,,0,40,,3687,1,,,0,80,,3688,1,,,0,80,,3689,1,,,0,40,,3690,1,,,0,70,,3691,1,,,0,30,,3692,1,,,0,70,,3693,1,,,0,30,,3694,1,,,0,70,,3695,1,,,0,30,,3696,1,,,0,70,,3697,1,,,0,30,,3698,1,,,0,70,,3699,1,,,0,30,,3700,1,,,0,70,,3701,1,,,0,30,,3702,1,,,0,70,,3703,1,,,0,30,,3704,1,,,0,70,,3705,1,,,0,30,,3706,1,,,0,70,,3707,1,,,0,30,,3708,1,,,0,84,,3709,1,,,0,84,,3710,1,,,0,46,,3711,1,,,0,85,,3712,1,,,0,85,,3714,1,,,0,85,,3713,1,,,0
8019,'976',830,,3933,1,,,0,80,,3937,1,,,0,40,,3950,1,,,0,5,5,3936,38,0,6,0,73,,3943,14,,,0,7,5,3920,38,0,6,0,73,,3927,14,,,0,10,5,3921,38,0,6,0,38,5,3944,14,,,0,49,5,3938,38,0,6,0,36,5,3928,14,,,0,9,5,3922,38,0,6,0,76,5,3945,14,,,0,9,5,3939,38,0,6,0,76,5,3929,14,,,0,9,5,3923,38,0,6,0,36,5,3946,14,,,0,49,5,3940,38,0,6,0,36,5,3919,14,,,0,9,5,3924,38,0,6,0,76,5,3930,14,,,0,9,5,3941,38,0,6,0,76,5,3931,14,,,0,7,5,3925,38,0,6,0,38,5,3932,14,,,0,2,,3948,38,4,,0,85,,3951,38,4,,0,1,,3956,1,,,0,84,,3953,38,4,,0,1,,3947,1,,,0,84,,3954,38,4,,0,1,,3949,1,,,0,44,,3942,38,4,,0,1,,3955,1,,,0,84,,3926,38,4,,0,1,,3934,1,,,0,84,,3957,38,4,,0,1,,3958,1,,,0
8019,'979',641,,993,38,0,6,0,13,,1001,14,,,0,60,2,994,38,0,6,0,1,2,1002,14,,,0,24,2,995,38,0,6,0,10,2,1003,14,,,0,60,2,996,38,0,6,0,5,2,1004,14,,,0,25,2,997,38,0,6,0,5,2,1005,14,,,0,65,2,998,38,0,6,0,5,2,1006,14,,,0,25,2,999,38,0,6,0,5,2,1007,14,,,0,65,2,1000,38,0,6,0,5,2,965,14,,,0,25,2,949,38,0,6,0,5,2,966,14,,,0,65,2,950,38,0,6,0,5,2,967,14,,,0,25,2,951,38,0,6,0,5,2,968,14,,,0,65,2,952,38,0,6,0,5,2,969,14,,,0,29,2,953,38,0,6,0,2,,970,14,,,0,68,2,954,38,0,6,0,6,,971,14,,,0,24,2,955,38,0,6,0,6,,972,14,,,0,64,2,956,38,0,6,0,6,,973,14,,,0,24,2,957,38,0,6,0,6,,974,14,,,0,64,2,958,38,0,6,0,6,,975,14,,,0,24,2,959,38,0,6,0,6,,976,14,,,0,64,2,960,38,0,6,0,6,,977,14,,,0,24,2,961,38,0,6,0,6,,978,14,,,0,64,2,962,38,0,6,0,6,,979,14,,,0,24,2,963,38,0,6,0,6,,980,14,,,0,64,2,964,38,0,6,0,5,2,1008,14,,,0,22,5,987,38,0,6,0,8,2,989,14,,,0,62,5,982,38,0,6,0,5,2,990,14,,,0,27,,1009,38,4,,0,1,,1010,1,,,0,84,,986,38,4,,0,1,,988,1,,,0,84,,983,38,4,,0,1,,991,1,,,0,44,,985,38,4,,0,1,,981,1,,,0,84,,984,38,4,,0,1,,992,1,,,0
8019,'983',830,,923,1,,,0,80,,927,1,,,0,40,,940,1,,,0,5,5,926,38,0,6,0,73,,933,14,,,0,7,5,910,38,0,6,0,73,,917,14,,,0,10,5,911,38,0,6,0,38,5,934,14,,,0,49,5,928,38,0,6,0,36,5,918,14,,,0,9,5,912,38,0,6,0,76,5,935,14,,,0,9,5,929,38,0,6,0,76,5,919,14,,,0,9,5,913,38,0,6,0,36,5,936,14,,,0,49,5,930,38,0,6,0,36,5,909,14,,,0,9,5,914,38,0,6,0,76,5,920,14,,,0,9,5,931,38,0,6,0,76,5,921,14,,,0,7,5,915,38,0,6,0,38,5,922,14,,,0,2,,938,38,4,,0,85,,941,38,4,,0,1,,946,1,,,0,84,,943,38,4,,0,1,,937,1,,,0,84,,944,38,4,,0,1,,939,1,,,0,44,,932,38,4,,0,1,,945,1,,,0,84,,916,38,4,,0,1,,924,1,,,0,84,,947,38,4,,0,1,,948,1,,,0
8019,'985',641,,4003,38,0,6,0,13,,4011,14,,,0,60,2,4004,38,0,6,0,1,2,4012,14,,,0,24,2,4005,38,0,6,0,10,2,4013,14,,,0,60,2,4006,38,0,6,0,5,2,4014,14,,,0,25,2,4007,38,0,6,0,5,2,4015,14,,,0,65,2,4008,38,0,6,0,5,2,4016,14,,,0,25,2,4009,38,0,6,0,5,2,4017,14,,,0,65,2,4010,38,0,6,0,5,2,3975,14,,,0,25,2,3959,38,0,6,0,5,2,3976,14,,,0,65,2,3960,38,0,6,0,5,2,3977,14,,,0,25,2,3961,38,0,6,0,5,2,3978,14,,,0,65,2,3962,38,0,6,0,5,2,3979,14,,,0,29,2,3963,38,0,6,0,2,,3980,14,,,0,68,2,3964,38,0,6,0,6,,3981,14,,,0,24,2,3965,38,0,6,0,6,,3982,14,,,0,64,2,3966,38,0,6,0,6,,3983,14,,,0,24,2,3967,38,0,6,0,6,,3984,14,,,0,64,2,3968,38,0,6,0,6,,3985,14,,,0,24,2,3969,38,0,6,0,6,,3986,14,,,0,64,2,3970,38,0,6,0,6,,3987,14,,,0,24,2,3971,38,0,6,0,6,,3988,14,,,0,64,2,3972,38,0,6,0,6,,3989,14,,,0,24,2,3973,38,0,6,0,6,,3990,14,,,0,64,2,3974,38,0,6,0,5,2,4018,14,,,0,22,5,3997,38,0,6,0,8,2,3999,14,,,0,62,5,3992,38,0,6,0,5,2,4000,14,,,0,27,,4019,38,4,,0,1,,4020,1,,,0,84,,3996,38,4,,0,1,,3998,1,,,0,84,,3993,38,4,,0,1,,4001,1,,,0,44,,3995,38,4,,0,1,,3991,1,,,0,84,,3994,38,4,,0,1,,4002,1,,,0
8019,'986',640,,4021,1,,,0,80,,4022,1,,,0,80,,4023,1,,,0,40,,4024,1,,,0,80,,4025,1,,,0,5,,4035,38,0,6,0,30,,4058,14,,,0,50,,4036,38,0,6,0,15,,4059,14,,,0,17,,4060,14,,,0,3,,4037,38,0,6,0,70,,4038,38,0,6,0,3,,4061,14,,,0,27,,4039,38,0,6,0,8,5,4062,14,,,0,62,,4040,38,0,6,0,8,5,4063,14,,,0,22,,4041,38,0,6,0,8,5,4064,14,,,0,66,4,4042,38,0,6,0,4,5,4065,14,,,0,26,4,4043,38,0,6,0,6,5,4066,14,,,0,64,4,4044,38,0,6,0,6,5,4067,14,,,0,24,4,4045,38,0,6,0,6,5,4068,14,,,0,64,4,4046,38,0,6,0,6,5,4069,14,,,0,24,4,4047,38,0,6,0,6,5,4070,14,,,0,64,4,4048,38,0,6,0,6,5,4071,14,,,0,24,4,4049,38,0,6,0,6,5,4072,14,,,0,64,4,4050,38,0,6,0,6,5,4073,14,,,0,24,4,4051,38,0,6,0,6,5,4074,14,,,0,64,4,4052,38,0,6,0,6,5,4075,14,,,0,15,,4076,38,0,6,0,15,5,4078,14,,,0,55,,4079,38,0,6,0,12,5,4077,14,,,0,25,,4053,38,4,,0,1,,4026,1,,,0,84,,4054,38,4,,0,1,,4027,1,,,0,84,,4055,38,4,,0,1,,4028,1,,,0,44,,4056,38,4,,0,1,,4029,1,,,0,84,,4057,38,4,,0,1,,4030,1,,,0
8019,'987',830,,4094,1,,,0,80,,4098,1,,,0,40,,4111,1,,,0,5,5,4097,38,0,6,0,73,,4104,14,,,0,7,5,4081,38,0,6,0,73,,4088,14,,,0,10,5,4082,38,0,6,0,38,5,4105,14,,,0,49,5,4099,38,0,6,0,36,5,4089,14,,,0,9,5,4083,38,0,6,0,76,5,4106,14,,,0,9,5,4100,38,0,6,0,76,5,4090,14,,,0,9,5,4084,38,0,6,0,36,5,4107,14,,,0,49,5,4101,38,0,6,0,36,5,4080,14,,,0,9,5,4085,38,0,6,0,76,5,4091,14,,,0,9,5,4102,38,0,6,0,76,5,4092,14,,,0,7,5,4086,38,0,6,0,38,5,4093,14,,,0,2,,4109,38,4,,0,85,,4112,38,4,,0,1,,4117,1,,,0,84,,4114,38,4,,0,1,,4108,1,,,0,84,,4115,38,4,,0,1,,4110,1,,,0,44,,4103,38,4,,0,1,,4116,1,,,0,84,,4087,38,4,,0,1,,4095,1,,,0,84,,4118,38,4,,0,1,,4119,1,,,0
10019,'976',827,,4324,26,4,,0,80,,4325,26,4,,0,40,,4326,26,4,,0,80,,4327,26,4,,0,83,,4328,26,4,,0,45,,4329,26,4,,0,88,,4330,26,4,,0,85,,4331,26,4,,0,85,,4332,26,4,,0,45,,4333,26,4,,0,85,,4334,26,4,,0,85,,4335,26,4,,0,85,,4336,26,4,,0,45,,4337,26,4,,0,85,,4338,26,4,,0,85,,4339,26,4,,0,85,,4340,26,4,,0,45,,4341,26,4,,0,85,,4342,26,4,,0,85,,4343,26,4,,0
10019,'979',638,,1356,26,4,,0,65,,1357,26,4,,0,30,,1358,26,4,,0,72,,1359,26,4,,0,30,,1360,26,4,,0,70,,1361,26,4,,0,30,,1362,26,4,,0,70,,1363,26,4,,0,30,,1334,26,4,,0,70,,1335,26,4,,0,30,,1336,26,4,,0,70,,1337,26,4,,0,30,,1338,26,4,,0,70,,1339,26,4,,0,30,,1340,26,4,,0,70,,1341,26,4,,0,30,,1342,26,4,,0,70,,1343,26,4,,0,30,,1344,26,4,,0,70,,1345,26,4,,0,30,,1346,26,4,,0,70,,1347,26,4,,0,30,,1348,26,4,,0,70,,1349,26,4,,0,28,,1351,26,4,,0,70,,1364,26,4,,0,37,,1355,26,4,,0,85,,1354,26,4,,0,85,,1350,26,4,,0,45,,1352,26,4,,0,85,,1353,26,4,,0,85,,1365,26,4,,0
10019,'983',827,,1314,26,4,,0,80,,1315,26,4,,0,40,,1316,26,4,,0,80,,1317,26,4,,0,83,,1318,26,4,,0,45,,1319,26,4,,0,88,,1320,26,4,,0,85,,1321,26,4,,0,85,,1322,26,4,,0,45,,1323,26,4,,0,85,,1324,26,4,,0,85,,1325,26,4,,0,85,,1326,26,4,,0,45,,1327,26,4,,0,85,,1328,26,4,,0,85,,1329,26,4,,0,85,,1330,26,4,,0,45,,1331,26,4,,0,85,,1332,26,4,,0,85,,1333,26,4,,0
10019,'985',638,,4366,26,4,,0,65,,4367,26,4,,0,30,,4368,26,4,,0,72,,4369,26,4,,0,30,,4370,26,4,,0,70,,4371,26,4,,0,30,,4372,26,4,,0,70,,4373,26,4,,0,30,,4344,26,4,,0,70,,4345,26,4,,0,30,,4346,26,4,,0,70,,4347,26,4,,0,30,,4348,26,4,,0,70,,4349,26,4,,0,30,,4350,26,4,,0,70,,4351,26,4,,0,30,,4352,26,4,,0,70,,4353,26,4,,0,30,,4354,26,4,,0,70,,4355,26,4,,0,30,,4356,26,4,,0,70,,4357,26,4,,0,30,,4358,26,4,,0,70,,4359,26,4,,0,28,,4361,26,4,,0,70,,4374,26,4,,0,37,,4365,26,4,,0,85,,4364,26,4,,0,85,,4360,26,4,,0,45,,4362,26,4,,0,85,,4363,26,4,,0,85,,4375,26,4,,0
10019,'986',638,,4376,26,4,,0,80,,4377,26,4,,0,40,,4378,26,4,,0,80,,4379,26,4,,0,80,,4380,26,4,,0,40,,4381,26,4,,0,75,,4382,26,4,,0,71,,4383,26,4,,0,30,,4384,26,4,,0,70,,4385,26,4,,0,30,,4386,26,4,,0,70,,4387,26,4,,0,30,,4388,26,4,,0,70,,4389,26,4,,0,30,,4390,26,4,,0,70,,4391,26,4,,0,30,,4392,26,4,,0,70,,4393,26,4,,0,30,,4394,26,4,,0,70,,4395,26,4,,0,30,,4396,26,4,,0,70,,4397,26,4,,0,30,,4398,26,4,,0,69,,4399,26,4,,0,38,,4400,26,4,,0,85,,4401,26,4,,0,85,,4402,26,4,,0,45,,4403,26,4,,0,85,,4404,26,4,,0,85,,4405,26,4,,0
10019,'987',827,,4406,26,4,,0,80,,4407,26,4,,0,40,,4408,26,4,,0,80,,4409,26,4,,0,83,,4410,26,4,,0,45,,4411,26,4,,0,88,,4412,26,4,,0,85,,4413,26,4,,0,85,,4414,26,4,,0,45,,4415,26,4,,0,85,,4416,26,4,,0,85,,4417,26,4,,0,85,,4418,26,4,,0,45,,4419,26,4,,0,85,,4420,26,4,,0,85,,4421,26,4,,0,85,,4422,26,4,,0,45,,4423,26,4,,0,85,,4424,26,4,,0,85,,4425,26,4,,0
10029,'976',828,,4426,1,,,0,80,,4427,1,,,0,40,,4428,1,,,0,80,,4429,1,,,0,83,,4430,1,,,0,45,,4431,1,,,0,88,,4432,1,,,0,85,,4433,1,,,0,85,,4434,1,,,0,45,,4435,1,,,0,85,,4436,1,,,0,85,,4437,1,,,0,85,,4438,1,,,0,45,,4439,1,,,0,85,,4440,1,,,0,85,,4441,1,,,0,85,,4442,1,,,0,45,,4443,1,,,0,85,,4444,1,,,0,85,,4445,1,0,7 8,0
10029,'979',640,,1459,1,,,0,67,,1460,1,,,0,30,,1461,1,,,0,70,,1462,1,,,0,30,,1463,1,,,0,70,,1464,1,,,0,30,,1465,1,,,0,70,,1436,1,,,0,30,,1437,1,,,0,70,,1438,1,,,0,30,,1439,1,,,0,70,,1440,1,,,0,30,,1441,1,,,0,70,,1442,1,,,0,30,,1443,1,,,0,70,,1444,1,,,0,30,,1445,1,,,0,70,,1446,1,,,0,30,,1447,1,,,0,70,,1448,1,,,0,30,,1449,1,,,0,70,,1450,1,,,0,30,,1451,1,,,0,70,,1452,1,,,0,28,,1458,1,,,0,68,,1466,1,,,0,37,,1456,1,,,0,86,,1457,1,,,0,86,,1455,1,,,0,44,,1453,1,,,0,85,,1454,1,0,9,0,85,,1467,1,0,7 8,0
10029,'983',828,,1416,1,,,0,80,,1417,1,,,0,40,,1418,1,,,0,80,,1419,1,,,0,83,,1420,1,,,0,45,,1421,1,,,0,88,,1422,1,,,0,85,,1423,1,,,0,85,,1424,1,,,0,45,,1425,1,,,0,85,,1426,1,,,0,85,,1427,1,,,0,85,,1428,1,,,0,45,,1429,1,,,0,85,,1430,1,,,0,85,,1431,1,,,0,85,,1432,1,,,0,45,,1433,1,,,0,85,,1434,1,,,0,85,,1435,1,0,7 8,0
10029,'985',640,,4469,1,,,0,67,,4470,1,,,0,30,,4471,1,,,0,70,,4472,1,,,0,30,,4473,1,,,0,70,,4474,1,,,0,30,,4475,1,,,0,70,,4446,1,,,0,30,,4447,1,,,0,70,,4448,1,,,0,30,,4449,1,,,0,70,,4450,1,,,0,30,,4451,1,,,0,70,,4452,1,,,0,30,,4453,1,,,0,70,,4454,1,,,0,30,,4455,1,,,0,70,,4456,1,,,0,30,,4457,1,,,0,70,,4458,1,,,0,30,,4459,1,,,0,70,,4460,1,,,0,30,,4461,1,,,0,70,,4462,1,,,0,28,,4468,1,,,0,68,,4476,1,,,0,37,,4466,1,,,0,86,,4467,1,,,0,86,,4465,1,,,0,44,,4463,1,,,0,85,,4464,1,0,9,0,85,,4477,1,0,7 8,0
10029,'986',640,,4478,1,,,0,80,,4479,1,,,0,80,,4480,1,,,0,40,,4481,1,,,0,80,,4482,1,,,0,80,,4483,1,,,0,35,,4484,1,,,0,70,,4485,1,,,0,30,,4486,1,,,0,70,,4487,1,,,0,30,,4488,1,,,0,70,,4489,1,,,0,30,,4490,1,,,0,70,,4491,1,,,0,30,,4492,1,,,0,70,,4493,1,,,0,30,,4494,1,,,0,70,,4495,1,,,0,30,,4496,1,,,0,70,,4497,1,,,0,30,,4498,1,,,0,70,,4499,1,,,0,30,,4500,1,,,0,68,,4501,1,,,0,38,,4502,1,,,0,85,,4503,1,,,0,85,,4504,1,,,0,45,,4505,1,,,0,85,,4506,1,0,9,0,85,,4507,1,0,7 8,0
10029,'987',828,,4508,1,,,0,80,,4509,1,,,0,40,,4510,1,,,0,80,,4511,1,,,0,83,,4512,1,,,0,45,,4513,1,,,0,88,,4514,1,,,0,85,,4515,1,,,0,85,,4516,1,,,0,45,,4517,1,,,0,85,,4518,1,,,0,85,,4519,1,,,0,85,,4520,1,,,0,45,,4521,1,,,0,85,,4522,1,,,0,85,,4523,1,,,0,85,,4524,1,,,0,45,,4525,1,,,0,85,,4526,1,,,0,85,,4527,1,0,7 8,0
16019,'979',630,,2194,1,,,0,70,,2195,1,,,0,30,,2196,1,,,0,70,,2197,1,,,0,30,,2198,1,,,0,70,,2199,1,,,0,30,,2200,1,,,0,70,,2201,1,,,0,30,,2179,1,,,0,70,,2180,1,,,0,30,,2181,1,,,0,70,,2182,1,,,0,30,,2183,1,,,0,70,,2184,1,,,0,30,,2185,1,,,0,70,,2186,1,,,0,30,,2187,1,,,0,70,,2188,1,,,0,30,,2189,1,,,0,70,,2190,1,,,0,30,,2191,1,,,0,70,,2192,1,,,0,30,,2193,1,,,0,70,,2202,1,,,0,30,,2203,1,,,0,70,,2204,1,,,0,138,,2206,1,,,0,170,,2207,1,,,0
16019,'980',1952,,2205,1,,,0,171,,2208,1,,,0
16019,'982',645,,2209,1,,,0,107,,2211,1,,,0,160,,2213,1,,,0,118,,2215,1,,,0,100,,2217,1,,,0,100,,2219,1,,,0,100,,2221,1,,,0,100,,2223,1,,,0,100,,2225,1,,,0,100,,2227,1,,,0,100,,2229,1,,,0,100,,2231,1,,,0
16019,'985',630,,5192,1,,,0,70,,5193,1,,,0,30,,5194,1,,,0,70,,5195,1,,,0,30,,5196,1,,,0,70,,5197,1,,,0,30,,5198,1,,,0,70,,5199,1,,,0,30,,5177,1,,,0,70,,5178,1,,,0,30,,5179,1,,,0,70,,5180,1,,,0,30,,5181,1,,,0,70,,5182,1,,,0,30,,5183,1,,,0,70,,5184,1,,,0,30,,5185,1,,,0,70,,5186,1,,,0,30,,5187,1,,,0,70,,5188,1,,,0,30,,5189,1,,,0,70,,5190,1,,,0,30,,5191,1,,,0,70,,5200,1,,,0,30,,5201,1,,,0,70,,5202,1,,,0,138,,5203,1,,,0,170,,5204,1,,,0
16019,'986',712,,5205,1,,,0,120,,5206,1,,,0,120,,5207,1,,,0,148,,5208,1,,,0,100,,5209,1,,,0,100,,5210,1,,,0,100,,5211,1,,,0,100,,5212,1,,,0,100,,5213,1,,,0,100,,5214,1,,,0,100,,5215,1,,,0,100,,5216,1,,,0
16029,'979',629,,2248,13,4,,0,30,,2249,13,4,,0,70,,2250,13,4,,0,30,,2251,13,4,,0,70,,2252,13,4,,0,30,,2253,13,4,,0,70,,2254,13,4,,0,30,,2255,13,4,,0,70,,2233,13,4,,0,30,,2234,13,4,,0,70,,2235,13,4,,0,30,,2236,13,4,,0,70,,2237,13,4,,0,30,,2238,13,4,,0,70,,2239,13,4,,0,30,,2240,13,4,,0,70,,2241,13,4,,0,30,,2242,13,4,,0,70,,2243,13,4,,0,30,,2244,13,4,,0,70,,2245,13,4,,0,30,,2246,13,4,,0,70,,2247,13,4,,0,30,,2256,13,4,,0,70,,2257,13,4,,0,30,,2258,13,4,,0,75,,2259,13,4,,0,170,,2261,13,4,,0,130,,2263,13,4,,0
16029,'980',2019,,2260,13,4,,0,130,,2262,13,4,,0
16029,'982',644,,2264,13,4,,0,107,,2266,13,4,,0,160,,2268,13,4,,0,118,,2270,13,4,,0,100,,2272,13,4,,0,100,,2274,13,4,,0,100,,2276,13,4,,0,100,,2278,13,4,,0,100,,2280,13,4,,0,100,,2282,13,4,,0,100,,2284,13,4,,0,100,,2286,13,4,,0
16029,'985',629,,5232,13,4,,0,30,,5233,13,4,,0,70,,5234,13,4,,0,30,,5235,13,4,,0,70,,5236,13,4,,0,30,,5237,13,4,,0,70,,5238,13,4,,0,30,,5239,13,4,,0,70,,5217,13,4,,0,30,,5218,13,4,,0,70,,5219,13,4,,0,30,,5220,13,4,,0,70,,5221,13,4,,0,30,,5222,13,4,,0,70,,5223,13,4,,0,30,,5224,13,4,,0,70,,5225,13,4,,0,30,,5226,13,4,,0,70,,5227,13,4,,0,30,,5228,13,4,,0,70,,5229,13,4,,0,30,,5230,13,4,,0,70,,5231,13,4,,0,30,,5240,13,4,,0,70,,5241,13,4,,0,30,,5242,13,4,,0,75,,5243,13,4,,0,170,,5244,13,4,,0,130,,5245,13,4,,0
16029,'986',711,,5246,13,4,,0,120,,5247,13,4,,0,120,,5248,13,4,,0,108,,5249,13,4,,0,100,,5250,13,4,,0,100,,5251,13,4,,0,100,,5252,13,4,,0,100,,5253,13,4,,0,100,,5254,13,4,,0,100,,5255,13,4,,0,100,,5256,13,4,,0,100,,5257,13,4,,0
