17019,'1011',638,,13875,11,,,0,170,,13876,11,,,0,100,,13877,11,,,0,130,,13878,11,,,0,100,,13879,11,,,0,170,,13880,11,,,0,100,,13881,11,,,0,130,,13882,11,,,0,100,,13883,11,,,0,170,,13884,11,,,0,100,,13885,11,,,0
17019,'1017',840,,11813,11,,,0,80,,11814,11,,,0,80,,11815,11,,,0,40,,11816,11,,,0,86,,11817,11,,,0,85,,11818,11,,,0,45,,11819,11,,,0,85,,11820,11,,,0,85,,11821,11,,,0,85,,11822,11,,,0,45,,11823,11,,,0,85,,11824,11,,,0,85,,11825,11,,,0,85,,11826,11,,,0,45,,11827,11,,,0,85,,11828,11,,,0,85,,11829,11,,,0,85,,11830,11,,,0,45,,11831,11,,,0,82,,11832,11,,,0
17019,'1022',1953,,13886,11,,,0,170,,13887,11,,,0,85,,13888,11,,,0,130,,13889,11,,,0
17019,'1025',1953,,15226,11,,,0,170,,15227,11,,,0,85,,15228,11,,,0,130,,15229,11,,,0
17019,'1026',608,,15238,11,,,0,40,,15230,11,,,0,80,,15231,11,,,0,80,,15232,11,,,0,40,,15233,11,,,0,1105,,15234,11,,,0,85,,15236,11,,,0,85,,15235,11,,,0,85,,15237,11,,,0,45,,15240,11,,,0,85,,15239,11,,,0
17019,'994',613,,11812,11,,,0,95,,11781,11,,,0,30,,11782,11,,,0,100,,11784,11,,,0,100,,11786,11,,,0,70,,11787,11,,,0,100,,11789,11,,,0,100,,11791,11,,,0,30,,11792,11,,,0,100,,11794,11,,,0,100,,11796,11,,,0,70,,11797,11,,,0,100,,11799,11,,,0,100,,11801,11,,,0,30,,11802,11,,,0,100,,11804,11,,,0,200,,11807,11,,,0,215,,11810,11,,,0
17019,'995',928,,11837,11,,,0,80,,11838,11,,,0,30,,13903,11,,,0,70,,13894,11,,,0,30,,13895,11,,,0,70,,13898,11,,,0,30,,11841,11,,,0,70,,13899,11,,,0,30,,13896,11,,,0,70,,13897,11,,,0,30,,13901,11,,,0,70,,11848,11,,,0,30,,13913,11,,,0,70,,13900,11,,,0,30,,13911,11,,,0,70,,13912,11,,,0,30,,11860,11,,,0,70,,13902,11,,,0,30,,13914,11,,,0,70,,13915,11,,,0
17019,'996',840,,11864,11,,,0,80,,11865,11,,,0,80,,11866,11,,,0,40,,11867,11,,,0,86,,11868,11,,,0,85,,11869,11,,,0,45,,11870,11,,,0,85,,11871,11,,,0,85,,11872,11,,,0,85,,11873,11,,,0,45,,11874,11,,,0,85,,11875,11,,,0,85,,11876,11,,,0,85,,11877,11,,,0,45,,11878,11,,,0,85,,11879,11,,,0,85,,11880,11,,,0,85,,11881,11,,,0,45,,11882,11,,,0,82,,11883,11,,,0
17029,'1011',656,,13916,27,,,0,170,,13925,27,,,0,100,,13926,27,,,0,130,,13927,27,,,0,100,,13917,27,,,0,170,,13928,27,,,0,100,,13929,27,,,0,130,,13918,27,,,0,100,,13919,27,,,0,170,,13924,27,,,0,100,,13920,27,,,0
17029,'1017',858,,11917,27,,,0,80,,11918,27,,,0,80,,11919,27,,,0,40,,11920,27,,,0,86,,11921,27,,,0,85,,11922,27,,,0,85,,11923,27,,,0,45,,11924,27,,,0,85,,11925,27,,,0,85,,11926,27,,,0,85,,11927,27,,,0,45,,11928,27,,,0,85,,11929,27,,,0,85,,11930,27,,,0,85,,11931,27,,,0,45,,11932,27,,,0,85,,11933,27,,,0,85,,11934,27,,,0,85,,11935,27,,,0,42,,11936,27,,,0
17029,'1022',2011,,13921,27,,,0,130,,13922,27,,,0,85,,13923,27,,,0,130,,13930,27,,,0
17029,'1025',2011,,15241,27,,,0,130,,15242,27,,,0,85,,15243,27,,,0,130,,15244,27,,,0
17029,'1026',626,,15245,27,,,0,80,,15246,27,,,0,40,,15247,27,,,0,80,,15248,27,,,0,80,,15249,27,,,0,1105,,15250,27,,,0,45,,15252,27,,,0,85,,15251,27,,,0,85,,15253,27,,,0,85,,15255,27,,,0,45,,15254,27,,,0
17029,'994',631,,11916,27,,,0,95,,11885,27,,,0,30,,11886,27,,,0,100,,11887,27,,,0,100,,11888,27,,,0,70,,11889,27,,,0,100,,11911,27,,,0,100,,11912,27,,,0,30,,11890,27,,,0,100,,11892,27,,,0,100,,11893,27,,,0,70,,11907,27,,,0,100,,11906,27,,,0,100,,11905,27,,,0,30,,11896,27,,,0,100,,11897,27,,,0,200,,11900,27,,,0,255,,11903,27,,,0
17029,'995',946,,11942,27,,,0,80,,11943,27,,,0,30,,13945,27,,,0,70,,13936,27,,,0,30,,13937,27,,,0,70,,13940,27,,,0,30,,11946,27,,,0,70,,13941,27,,,0,30,,13938,27,,,0,70,,13939,27,,,0,30,,13943,27,,,0,70,,11953,27,,,0,30,,13952,27,,,0,70,,13942,27,,,0,30,,13953,27,,,0,70,,13954,27,,,0,30,,11964,27,,,0,70,,13944,27,,,0,30,,13955,27,,,0,70,,13956,27,,,0
17029,'996',858,,11968,27,,,0,80,,11969,27,,,0,80,,11970,27,,,0,40,,11971,27,,,0,86,,11972,27,,,0,85,,11973,27,,,0,85,,11974,27,,,0,45,,11975,27,,,0,85,,11976,27,,,0,85,,11977,27,,,0,85,,11978,27,,,0,45,,11979,27,,,0,85,,11980,27,,,0,85,,11981,27,,,0,85,,11982,27,,,0,45,,11983,27,,,0,85,,11984,27,,,0,85,,11985,27,,,0,85,,11986,27,,,0,42,,11987,27,,,0
