14029,'1010',709,,11498,15,,,0,230,,11503,15,,,0,271,,11477,15,,,0,230,,11482,15,,,0,270,,11487,15,,,0,221,,11493,15,,,0,85,,11490,15,,,0,85,,11492,15,,,0,45,,11491,15,,,0,85,,11494,15,,,0,85,,11505,15,,,0
14029,'1011',809,,11500,15,,,0,230,,11474,15,,,0,271,,11479,15,,,0,230,,11484,15,,,0,269,,11489,15,,,0
14029,'1012',809,,12873,15,,,0,230,,12869,15,,,0,271,,12870,15,,,0,230,,12871,15,,,0,269,,12872,15,,,0
14029,'1014',819,,11506,15,,,0,40,,11507,15,,,0,80,,11508,15,,,0,80,,11509,15,,,0,83,,11510,15,,,0,45,,11511,15,,,0,85,,11512,15,,,0,85,,11513,15,,,0,85,,11514,15,,,0,45,,11515,15,,,0,85,,11516,15,,,0,85,,11517,15,,,0,85,,11518,15,,,0,45,,11519,15,,,0,85,,11520,15,,,0,85,,11521,15,,,0,85,,11522,15,,,0,45,,11523,15,,,0,85,,11524,15,,,0,85,,11525,15,,,0
14029,'1015',709,,13653,15,,,0,230,,13654,15,,,0,271,,13645,15,,,0,230,,13646,15,,,0,270,,13647,15,,,0,221,,13651,15,,,0,85,,13648,15,,,0,85,,13650,15,,,0,45,,13649,15,,,0,85,,13652,15,,,0,85,,13655,15,,,0
14029,'1016',629,,13656,15,,,0,80,,13657,15,,,0,40,,13658,15,,,0,80,,13659,15,,,0,80,,13660,15,,,0,40,,13661,15,,,0,260,,13662,15,,,0,231,,13663,15,,,0,270,,13664,15,,,0,221,,13665,15,,,0,85,,13666,15,,,0,85,,13667,15,,,0,45,,13668,15,,,0,85,,13670,15,,,0,85,,13669,15,,,0
14029,'1017',819,,13671,15,,,0,40,,13672,15,,,0,80,,13673,15,,,0,80,,13674,15,,,0,83,,13675,15,,,0,45,,13676,15,,,0,85,,13677,15,,,0,85,,13678,15,,,0,85,,13679,15,,,0,45,,13680,15,,,0,85,,13681,15,,,0,85,,13682,15,,,0,85,,13683,15,,,0,45,,13684,15,,,0,85,,13685,15,,,0,85,,13686,15,,,0,85,,13687,15,,,0,45,,13688,15,,,0,85,,13689,15,,,0,85,,13690,15,,,0
14029,'1018',819,,13691,15,,,0,40,,13692,15,,,0,80,,13693,15,,,0,80,,13694,15,,,0,83,,13695,15,,,0,45,,13696,15,,,0,85,,13697,15,,,0,85,,13698,15,,,0,85,,13699,15,,,0,45,,13700,15,,,0,85,,13701,15,,,0,85,,13702,15,,,0,85,,13703,15,,,0,45,,13704,15,,,0,85,,13705,15,,,0,85,,13706,15,,,0,85,,13707,15,,,0,45,,13708,15,,,0,85,,13709,15,,,0,85,,13710,15,,,0
14029,'994',618,,11496,15,,,0,21,,11497,15,,,0,100,,11499,15,,,0,100,,11501,15,,,0,70,,11502,15,,,0,100,,11473,15,,,0,100,,11475,15,,,0,30,,11476,15,,,0,101,,11478,15,,,0,100,,11480,15,,,0,70,,11481,15,,,0,100,,11483,15,,,0,100,,11485,15,,,0,30,,11486,15,,,0,100,,11488,15,,,0,99,,11495,15,,,0,70,,11504,15,,,0
14029,'995',1009,,11532,15,,,0,30,,11533,15,,,0,70,,11534,15,,,0,30,,11535,15,,,0,100,,11537,15,,,0,70,,11538,15,,,0,30,,11539,15,,,0,71,,11540,15,,,0,100,,11542,15,,,0,30,,11543,15,,,0,70,,11544,15,,,0,30,,11545,15,,,0,100,,11547,15,,,0,69,,11548,15,,,0,30,,11549,15,,,0,70,,11555,15,,,0
