7029,'976',858,,3819,12,,,0,78,,3820,12,,,0,80,,3821,12,,,0,40,,3822,12,,,0,85,,3823,12,,,0,85,,3824,12,,,0,85,,3825,12,,,0,45,,3826,12,,,0,85,,3827,12,,,0,85,,3828,12,,,0,85,,3829,12,,,0,45,,3830,12,,,0,85,,3831,12,,,0,85,,3832,12,,,0,85,,3833,12,,,0,45,,3834,12,,,0,85,,3835,12,,,0,85,,3836,12,,,0,82,,3837,12,,,0
7029,'979',623,,851,12,,,0,30,,852,12,,,0,70,,853,12,,,0,30,,854,12,,,0,70,,855,12,,,0,30,,856,12,,,0,70,,857,12,,,0,30,,858,12,,,0,70,,850,12,,,0,30,,842,12,,,0,70,,849,12,,,0,30,,837,12,,,0,70,,848,12,,,0,30,,841,12,,,0,70,,847,12,,,0,30,,836,12,,,0,70,,846,12,,,0,30,,840,12,,,0,70,,845,12,,,0,30,,835,12,,,0,70,,844,12,,,0,30,,839,12,,,0,70,,843,12,,,0,30,,838,12,,,0,70,,828,12,,,0,30,,829,12,,,0,70,,830,12,,,0,85,,831,12,,,0,45,,832,12,,,0,85,,833,12,,,0,85,,834,12,,,0,85,,859,12,,,0
7029,'983',858,,809,12,,,0,78,,810,12,,,0,80,,811,12,,,0,40,,812,12,,,0,85,,813,12,,,0,85,,814,12,,,0,85,,815,12,,,0,45,,816,12,,,0,85,,817,12,,,0,85,,818,12,,,0,85,,819,12,,,0,45,,820,12,,,0,85,,821,12,,,0,85,,822,12,,,0,85,,823,12,,,0,45,,824,12,,,0,85,,825,12,,,0,85,,826,12,,,0,82,,827,12,,,0
7029,'985',623,,3861,12,,,0,30,,3862,12,,,0,70,,3863,12,,,0,30,,3864,12,,,0,70,,3865,12,,,0,30,,3866,12,,,0,70,,3867,12,,,0,30,,3868,12,,,0,70,,3860,12,,,0,30,,3852,12,,,0,70,,3859,12,,,0,30,,3847,12,,,0,70,,3858,12,,,0,30,,3851,12,,,0,70,,3857,12,,,0,30,,3846,12,,,0,70,,3856,12,,,0,30,,3850,12,,,0,70,,3855,12,,,0,30,,3845,12,,,0,70,,3854,12,,,0,30,,3849,12,,,0,70,,3853,12,,,0,30,,3848,12,,,0,70,,3838,12,,,0,30,,3839,12,,,0,70,,3840,12,,,0,85,,3841,12,,,0,45,,3842,12,,,0,85,,3843,12,,,0,85,,3844,12,,,0,85,,3869,12,,,0
7029,'986',628,,3870,12,,,0,80,,3871,12,,,0,40,,3872,12,,,0,80,,3873,12,,,0,80,,3874,12,,,0,40,,3875,12,,,0,75,,3876,12,,,0,30,,3877,12,,,0,70,,3878,12,,,0,30,,3879,12,,,0,70,,3880,12,,,0,30,,3881,12,,,0,70,,3882,12,,,0,30,,3883,12,,,0,70,,3884,12,,,0,30,,3885,12,,,0,70,,3886,12,,,0,30,,3887,12,,,0,70,,3888,12,,,0,30,,3889,12,,,0,70,,3890,12,,,0,30,,3891,12,,,0,70,,3892,12,,,0,30,,3893,12,,,0,70,,3894,12,,,0,85,,3895,12,,,0,45,,3896,12,,,0,85,,3897,12,,,0,85,,3898,12,,,0,85,,3899,12,,,0
7029,'987',858,,3900,12,,,0,78,,3901,12,,,0,80,,3902,12,,,0,40,,3903,12,,,0,85,,3904,12,,,0,85,,3905,12,,,0,85,,3906,12,,,0,45,,3907,12,,,0,85,,3908,12,,,0,85,,3909,12,,,0,85,,3910,12,,,0,45,,3911,12,,,0,85,,3912,12,,,0,85,,3913,12,,,0,85,,3914,12,,,0,45,,3915,12,,,0,85,,3916,12,,,0,85,,3917,12,,,0,82,,3918,12,,,0
9029,'976',905,,4233,23,,,0,40,,4236,23,,,0,80,,4221,23,,,0,85,,4222,23,,,0,44,,4223,23,,,0,85,,4224,23,,,0,85,,4225,23,,,0,85,,4226,23,,,0,45,,4227,23,,,0,85,,4229,23,,,0,85,,4228,23,,,0,85,,4230,23,,,0,45,,4231,23,,,0,85,,4232,23,,,0,81,,4237,23,,,0,85,,4238,23,,,0,45,,4239,23,,,0,85,,4234,23,,,0,85,,4235,23,,,0
9029,'979',656,,1253,23,,,0,67,,1254,23,,,0,28,,1255,23,,,0,70,,1256,23,,,0,30,,1257,23,,,0,70,,1258,23,,,0,30,,1259,23,,,0,70,,1237,23,,,0,30,,1240,23,,,0,70,,1238,23,,,0,30,,1239,23,,,0,70,,1241,23,,,0,30,,1242,23,,,0,70,,1243,23,,,0,30,,1244,23,,,0,70,,1245,23,,,0,30,,1246,23,,,0,70,,1247,23,,,0,30,,1248,23,,,0,70,,1249,23,,,0,30,,1250,23,,,0,70,,1251,23,,,0,30,,1252,23,,,0,70,,1232,23,,,0,30,,1233,23,,,0,68,,1234,23,,,0,30,,1262,23,,,0,77,,1235,23,,,0,85,,1230,23,,,0,37,,1231,23,,,0,85,,1236,23,,,0,85,,1260,23,,,0,85,,1261,23,,,0
9029,'983',905,,1223,23,,,0,40,,1226,23,,,0,80,,1211,23,,,0,85,,1212,23,,,0,44,,1213,23,,,0,85,,1214,23,,,0,85,,1215,23,,,0,85,,1216,23,,,0,45,,1217,23,,,0,85,,1219,23,,,0,85,,1218,23,,,0,85,,1220,23,,,0,45,,1221,23,,,0,85,,1222,23,,,0,81,,1227,23,,,0,85,,1228,23,,,0,45,,1229,23,,,0,85,,1224,23,,,0,85,,1225,23,,,0
9029,'985',656,,4263,23,,,0,68,,4264,23,,,0,28,,4265,23,,,0,70,,4266,23,,,0,30,,4267,23,,,0,70,,4268,23,,,0,30,,4269,23,,,0,70,,4247,23,,,0,30,,4250,23,,,0,70,,4248,23,,,0,30,,4249,23,,,0,70,,4251,23,,,0,30,,4252,23,,,0,70,,4253,23,,,0,30,,4254,23,,,0,70,,4255,23,,,0,30,,4256,23,,,0,70,,4257,23,,,0,30,,4258,23,,,0,70,,4259,23,,,0,30,,4260,23,,,0,70,,4261,23,,,0,30,,4262,23,,,0,70,,4242,23,,,0,30,,4243,23,,,0,67,,4244,23,,,0,30,,4272,23,,,0,77,,4245,23,,,0,85,,4240,23,,,0,37,,4241,23,,,0,85,,4246,23,,,0,85,,4270,23,,,0,85,,4271,23,,,0
9029,'986',635,,4295,23,,,0,80,,4296,23,,,0,40,,4297,23,,,0,80,,4298,23,,,0,82,,4299,23,,,0,85,,4274,23,,,0,17,,4275,23,,,0,30,,4276,23,,,0,70,,4277,23,,,0,30,,4278,23,,,0,70,,4280,23,,,0,30,,4279,23,,,0,70,,4281,23,,,0,30,,4282,23,,,0,71,,4283,23,,,0,30,,4284,23,,,0,70,,4285,23,,,0,30,,4286,23,,,0,70,,4287,23,,,0,30,,4288,23,,,0,70,,4289,23,,,0,30,,4290,23,,,0,70,,4291,23,,,0,30,,4292,23,,,0,68,,4303,23,,,0,30,,4293,23,,,0,77,,4294,23,,,0,85,,4300,23,,,0,37,,4301,23,,,0,85,,4273,23,,,0,85,,4302,23,,,0,85,,4304,23,,,0
9029,'987',905,,4317,23,,,0,40,,4320,23,,,0,80,,4305,23,,,0,85,,4306,23,,,0,44,,4307,23,,,0,85,,4308,23,,,0,85,,4309,23,,,0,85,,4310,23,,,0,45,,4311,23,,,0,85,,4313,23,,,0,85,,4312,23,,,0,85,,4314,23,,,0,45,,4315,23,,,0,85,,4316,23,,,0,81,,4321,23,,,0,85,,4322,23,,,0,45,,4323,23,,,0,85,,4318,23,,,0,85,,4319,23,,,0
