13019,'1035',850,,19603,32,,,0,80,,19604,32,,,0,80,,19605,32,,,0,40,,19606,32,,,0,86,,19607,32,,,0,85,,19608,32,,,0,85,,19609,32,,,0,45,,19610,32,,,0,85,,19611,32,,,0,85,,19612,32,,,0,85,,19613,32,,,0,45,,19614,32,,,0,85,,19615,32,,,0,85,,19616,32,,,0,85,,19617,32,,,0,45,,19618,32,,,0,84,,19619,32,,,0,85,,19620,32,,,0,85,,19621,32,,,0
13019,'1039',1922,,19627,32,,,0,85,,19622,32,,,0,45,,19623,32,,,0,85,,19625,32,,,0,83,,19624,32,,,0,85,,19626,32,,,0
13019,'1040',619,,19628,32,,,0,40,,19629,32,,,0,80,,19630,32,,,0,80,,19631,32,,,0,81,,19632,32,,,0,40,,19633,32,,,0,982,,19634,32,,,0,85,,19635,32,,,0,45,,19636,32,,,0,85,,19637,32,,,0,85,,19638,32,,,0,85,,19639,32,,,0
13019,'996',850,,19640,32,,,0,80,,19641,32,,,0,80,,19642,32,,,0,40,,19643,32,,,0,86,,19644,32,,,0,85,,19645,32,,,0,85,,19646,32,,,0,45,,19647,32,,,0,85,,19648,32,,,0,85,,19649,32,,,0,85,,19650,32,,,0,45,,19651,32,,,0,85,,19652,32,,,0,85,,19653,32,,,0,85,,19654,32,,,0,45,,19655,32,,,0,84,,19656,32,,,0,85,,19657,32,,,0,85,,19658,32,,,0
30003019,'1035',854,,20668,13,,,0,80,,20669,13,,,0,80,,20670,13,,,0,40,,20671,13,,,0,86,,20672,13,,,0,88,,20673,13,,,0,85,,20674,13,,,0,45,,20675,13,,,0,85,,20676,13,,,0,85,,20677,13,,,0,85,,20678,13,,,0,45,,20679,13,,,0,85,,20680,13,,,0,85,,20681,13,,,0,85,,20682,13,,,0,45,,20683,13,,,0,85,,20684,13,,,0,85,,20685,13,,,0,85,,20687,13,0,9,0,42,,20686,13,0,9,0
30003019,'1039',632,,20711,13,,,0,26,,20712,13,,,0,70,,20713,13,,,0,29,,20714,13,,,0,70,,20715,13,,,0,30,,20716,13,,,0,70,,20717,13,,,0,30,,20718,13,,,0,69,,20688,13,,,0,31,,20689,13,,,0,70,,20690,13,,,0,30,,20691,13,,,0,70,,20692,13,,,0,30,,20693,13,,,0,70,,20694,13,,,0,30,,20695,13,,,0,70,,20696,13,,,0,30,,20697,13,,,0,70,,20698,13,,,0,30,,20699,13,,,0,70,,20700,13,,,0,30,,20701,13,,,0,70,,20702,13,,,0,30,,20703,13,,,0,69,,20705,13,,,0,30,,20704,13,0,9,0,70,,20710,13,,,0,85,,20708,13,,,0,45,,20707,13,,,0,85,,20709,13,,,0,85,,20706,13,,,0,85,,20719,13,0,7 8,0
30003019,'1040',629,,20720,13,,,0,75,,20721,13,,,0,40,,20722,13,,,0,80,,20723,13,,,0,80,,20724,13,,,0,40,,20725,13,,,0,82,,20726,13,,,0,31,,20727,13,,,0,70,,20728,13,,,0,30,,20729,13,,,0,70,,20730,13,,,0,30,,20731,13,,,0,70,,20732,13,,,0,30,,20733,13,,,0,70,,20734,13,,,0,30,,20735,13,,,0,70,,20736,13,,,0,30,,20737,13,,,0,70,,20738,13,,,0,30,,20739,13,,,0,70,,20740,13,,,0,30,,20741,13,,,0,67,,20742,13,,,0,29,,20743,13,0,9,0,70,,20749,13,,,0,85,,20744,13,,,0,45,,20745,13,,,0,88,,20746,13,,,0,85,,20747,13,,,0,82,,20748,13,0,9,0
30003019,'996',854,,20750,13,,,0,80,,20751,13,,,0,80,,20752,13,,,0,40,,20753,13,,,0,86,,20754,13,,,0,88,,20755,13,,,0,85,,20756,13,,,0,45,,20757,13,,,0,85,,20758,13,,,0,85,,20759,13,,,0,85,,20760,13,,,0,45,,20761,13,,,0,85,,20762,13,,,0,85,,20763,13,,,0,85,,20764,13,,,0,45,,20765,13,,,0,85,,20766,13,,,0,85,,20767,13,,,0,85,,20769,13,0,9,0,42,,20768,13,0,9,0
100003019,'1039',642,,20889,5,,,0,67,,20890,5,,,0,30,,20891,5,,,0,70,,20892,5,,,0,30,,20893,5,,,0,70,,20894,5,,,0,30,,20895,5,,,0,70,,20872,5,,,0,30,,20873,5,,,0,70,,20874,5,,,0,30,,20875,5,,,0,70,,20876,5,,,0,30,,20877,5,,,0,70,,20878,5,,,0,30,,20879,5,,,0,70,,20880,5,,,0,30,,20881,5,,,0,70,,20882,5,,,0,30,,20883,5,,,0,70,,20884,5,,,0,30,,20885,5,,,0,70,,20886,5,,,0,30,,20887,5,,,0,70,,20888,5,,,0,30,,20896,5,,,0,70,,20897,5,0,9,0
100003019,'1040',1009,,20898,5,,,0,30,,20899,5,,,0,70,,20900,5,,,0,30,,20901,5,,,0,70,,20902,5,,,0,30,,20903,5,,,0,70,,20904,5,,,0,30,,20905,5,,,0,70,,20906,5,,,0,30,,20907,5,,,0,70,,20908,5,,,0,30,,20909,5,,,0,70,,20910,5,,,0,30,,20911,5,,,0,70,,20912,5,,,0,30,,20913,5,,,0,70,,20914,5,,,0,30,,20915,5,,,0,70,,20916,5,0,9,0
