2019,'1004',900,,10040,16,,,0,40,,10050,16,,,0,80,,10041,16,,,0,82,,10032,16,,,0,40,,10042,16,,,0,90,,10033,16,,,0,85,,10043,16,,,0,85,,10034,16,,,0,45,,10044,16,,,0,85,,10035,16,,,0,85,,10045,16,,,0,85,,10039,16,,,0,45,,10036,16,,,0,85,,10049,16,,,0,85,,10046,16,,,0,85,,10047,16,,,0,45,,10048,16,,,0,85,,10037,16,,,0,85,,10038,16,,,0,85,,10051,16,,,0
2019,'1016',626,,13052,16,,,0,80,,13053,16,,,0,40,,13054,16,,,0,80,,13055,16,,,0,80,,13056,16,,,0,42,,13057,16,,,0,85,,13058,16,,,0,70,,13059,16,,,0,30,,13060,16,,,0,70,,13061,16,,,0,30,,13062,16,,,0,70,,13063,16,,,0,30,,13064,16,,,0,70,,13065,16,,,0,30,,13066,16,,,0,70,,13067,16,,,0,30,,13068,16,,,0,70,,13069,16,,,0,30,,13070,16,,,0,70,,13071,16,,,0,30,,13072,16,,,0,70,,13073,16,,,0,30,,13074,16,,,0,70,,13075,16,,,0,30,,13076,16,,,0,84,,13077,16,,,0,83,,13078,16,,,0,45,,13079,16,,,0,85,,13080,16,,,0,85,,13111,16,,,0,85,,13110,16,,,0,15,,13114,16,,,0
2019,'994',701,,9988,16,,,0,34,,9989,16,,,0,70,,9990,16,,,0,30,,9991,16,,,0,69,,9992,16,,,0,31,,9993,16,,,0,70,,9994,16,,,0,30,,9957,16,,,0,70,,9958,16,,,0,30,,9959,16,,,0,70,,9960,16,,,0,30,,9961,16,,,0,70,,9962,16,,,0,30,,9963,16,,,0,70,,9964,16,,,0,30,,9965,16,,,0,70,,9966,16,,,0,30,,9967,16,,,0,70,,9968,16,,,0,30,,9969,16,,,0,70,,9970,16,,,0,30,,9971,16,,,0,70,,9972,16,,,0,30,,9955,16,,,0,70,,9956,16,,,0,30,,10009,16,,,0,85,,10010,16,,,0,85,,10011,16,,,0,45,,10007,16,,,0,85,,10008,16,,,0,85,,10012,16,,,0,84,,10004,16,,,0,16,,10006,16,,,0
2019,'996',900,,10143,16,,,0,40,,10153,16,,,0,80,,10144,16,,,0,82,,10135,16,,,0,40,,10145,16,,,0,90,,10136,16,,,0,85,,10146,16,,,0,85,,10137,16,,,0,45,,10147,16,,,0,85,,10138,16,,,0,85,,10148,16,,,0,85,,10142,16,,,0,45,,10139,16,,,0,85,,10152,16,,,0,85,,10149,16,,,0,85,,10150,16,,,0,45,,10151,16,,,0,85,,10140,16,,,0,85,,10141,16,,,0,85,,10154,16,,,0
11019,'994',622,,11185,11,,,0,30,,11186,11,,,0,70,,11187,11,,,0,30,,11188,11,,,0,70,,11189,11,,,0,30,,11190,11,,,0,70,,11191,11,,,0,30,,11192,11,,,0,70,,11169,11,,,0,30,,11170,11,,,0,70,,11171,11,,,0,30,,11172,11,,,0,70,,11173,11,,,0,30,,11174,11,,,0,70,,11175,11,,,0,30,,11176,11,,,0,70,,11177,11,,,0,30,,11178,11,,,0,70,,11179,11,,,0,30,,11180,11,,,0,70,,11181,11,,,0,30,,11182,11,,,0,70,,11183,11,,,0,30,,11184,11,,,0,70,,11194,11,,,0,30,,11193,11,,,0
11019,'995',1022,,11195,11,,,0,30,,11196,11,,,0,70,,11197,11,,,0,30,,11198,11,,,0,70,,11199,11,,,0,30,,11200,11,,,0,70,,11201,11,,,0,30,,11202,11,,,0,70,,11203,11,,,0,30,,11204,11,,,0,70,,11205,11,,,0,30,,11206,11,,,0,70,,11207,11,,,0,30,,11208,11,,,0,70,,11209,11,,,0,30,,11210,11,,,0,70,,11211,11,,,0,30,,11212,11,,,0
13029,'1004',902,,11319,15,,,0,40,,11320,15,,,0,80,,11321,15,,,0,80,,11322,15,,,0,46,,11323,15,,,0,85,,11324,15,,,0,85,,11325,15,,,0,85,,11326,15,,,0,45,,11327,15,,,0,85,,11328,15,,,0,85,,11329,15,,,0,85,,11330,15,,,0,45,,11331,15,,,0,85,,11332,15,,,0,85,,11333,15,,,0,84,,11334,15,,,0,44,,11335,15,,,0,85,,11336,15,,,0,85,,11337,15,,,0
13029,'994',1934,,11318,15,,,0,85,,11313,15,,,0,85,,11314,15,,,0,44,,11316,15,,,0,83,,11315,15,,,0,85,,11317,15,,,0
13029,'995',630,,11338,15,,,0,80,,11339,15,,,0,40,,11340,15,,,0,80,,11341,15,,,0,81,,11342,15,,,0,40,,11343,15,,,0,982,,11344,15,,,0,85,,11345,15,,,0,85,,11346,15,,,0,45,,11347,15,,,0,85,,11348,15,,,0,85,,11349,15,,,0
13029,'996',902,,11350,15,,,0,40,,11351,15,,,0,80,,11352,15,,,0,80,,11353,15,,,0,46,,11354,15,,,0,85,,11355,15,,,0,85,,11356,15,,,0,85,,11357,15,,,0,45,,11358,15,,,0,85,,11359,15,,,0,85,,11360,15,,,0,85,,11361,15,,,0,45,,11362,15,,,0,85,,11363,15,,,0,85,,11364,15,,,0,84,,11365,15,,,0,44,,11366,15,,,0,85,,11367,15,,,0,85,,11368,15,,,0
