8019,'976',1022,,3943,12,,,0,80,,3927,12,,,0,43,,3944,12,,,0,85,,3928,12,,,0,85,,3945,12,,,0,87,,3929,12,,,0,45,,3946,12,,,0,85,,3919,12,,,0,85,,3930,12,,,0,85,,3931,12,,,0,45,,3932,12,,,0
8019,'979',650,,1001,12,,,0,58,,1002,12,,,0,34,,1003,12,,,0,65,,1004,12,,,0,30,,1005,12,,,0,70,,1006,12,,,0,30,,1007,12,,,0,70,,965,12,,,0,30,,966,12,,,0,70,,967,12,,,0,30,,968,12,,,0,70,,969,12,,,0,32,,970,12,,,0,74,,971,12,,,0,30,,972,12,,,0,70,,973,12,,,0,30,,974,12,,,0,70,,975,12,,,0,30,,976,12,,,0,70,,977,12,,,0,30,,978,12,,,0,70,,979,12,,,0,30,,980,12,,,0,68,,1008,12,,,0,30,,989,12,,,0,67,,990,12,,,0
8019,'983',1022,,933,12,,,0,80,,917,12,,,0,43,,934,12,,,0,85,,918,12,,,0,85,,935,12,,,0,87,,919,12,,,0,45,,936,12,,,0,85,,909,12,,,0,85,,920,12,,,0,85,,921,12,,,0,45,,922,12,,,0
8019,'985',650,,4011,12,,,0,58,,4012,12,,,0,34,,4013,12,,,0,65,,4014,12,,,0,30,,4015,12,,,0,70,,4016,12,,,0,30,,4017,12,,,0,70,,3975,12,,,0,30,,3976,12,,,0,70,,3977,12,,,0,30,,3978,12,,,0,70,,3979,12,,,0,32,,3980,12,,,0,74,,3981,12,,,0,30,,3982,12,,,0,70,,3983,12,,,0,30,,3984,12,,,0,70,,3985,12,,,0,30,,3986,12,,,0,70,,3987,12,,,0,30,,3988,12,,,0,70,,3989,12,,,0,30,,3990,12,,,0,68,,4018,12,,,0,30,,3999,12,,,0,67,,4000,12,,,0
8019,'986',949,,4058,12,,,0,65,,4059,12,,,0,17,,4060,12,,,0,76,,4061,12,,,0,30,,4062,12,,,0,70,,4063,12,,,0,30,,4064,12,,,0,70,,4065,12,,,0,34,,4066,12,,,0,70,,4067,12,,,0,30,,4068,12,,,0,70,,4069,12,,,0,30,,4070,12,,,0,70,,4071,12,,,0,30,,4072,12,,,0,70,,4073,12,,,0,30,,4074,12,,,0,70,,4075,12,,,0,30,,4078,12,,,0,67,,4077,12,,,0
8019,'987',1022,,4104,12,,,0,80,,4088,12,,,0,43,,4105,12,,,0,85,,4089,12,,,0,85,,4106,12,,,0,87,,4090,12,,,0,45,,4107,12,,,0,85,,4080,12,,,0,85,,4091,12,,,0,85,,4092,12,,,0,45,,4093,12,,,0
16029,'979',625,,2248,11,,,0,30,,2249,11,,,0,70,,2250,11,,,0,30,,2251,11,,,0,70,,2252,11,,,0,30,,2253,11,,,0,70,,2254,11,,,0,30,,2255,11,,,0,70,,2233,11,,,0,30,,2234,11,,,0,70,,2235,11,,,0,30,,2236,11,,,0,70,,2237,11,,,0,30,,2238,11,,,0,70,,2239,11,,,0,30,,2240,11,,,0,70,,2241,11,,,0,30,,2242,11,,,0,70,,2243,11,,,0,30,,2244,11,,,0,70,,2245,11,,,0,30,,2246,11,,,0,70,,2247,11,,,0,30,,2256,11,,,0,70,,2257,11,,,0,30,,2258,11,,,0,75,,2259,11,,,0,170,,2261,11,,,0,130,,2263,11,,,0
16029,'980',2015,,2260,11,,,0,130,,2262,11,,,0
16029,'982',640,,2264,11,,,0,107,,2266,11,,,0,160,,2268,11,,,0,118,,2270,11,,,0,100,,2272,11,,,0,100,,2274,11,,,0,100,,2276,11,,,0,100,,2278,11,,,0,100,,2280,11,,,0,100,,2282,11,,,0,100,,2284,11,,,0,100,,2286,11,,,0
16029,'985',625,,5232,11,,,0,30,,5233,11,,,0,70,,5234,11,,,0,30,,5235,11,,,0,70,,5236,11,,,0,30,,5237,11,,,0,70,,5238,11,,,0,30,,5239,11,,,0,70,,5217,11,,,0,30,,5218,11,,,0,70,,5219,11,,,0,30,,5220,11,,,0,70,,5221,11,,,0,30,,5222,11,,,0,70,,5223,11,,,0,30,,5224,11,,,0,70,,5225,11,,,0,30,,5226,11,,,0,70,,5227,11,,,0,30,,5228,11,,,0,70,,5229,11,,,0,30,,5230,11,,,0,70,,5231,11,,,0,30,,5240,11,,,0,70,,5241,11,,,0,30,,5242,11,,,0,75,,5243,11,,,0,170,,5244,11,,,0,130,,5245,11,,,0
16029,'986',707,,5246,11,,,0,120,,5247,11,,,0,120,,5248,11,,,0,108,,5249,11,,,0,100,,5250,11,,,0,100,,5251,11,,,0,100,,5252,11,,,0,100,,5253,11,,,0,100,,5254,11,,,0,100,,5255,11,,,0,100,,5256,11,,,0,100,,5257,11,,,0
