2019,'1021',732,,9989,13,,,0,70,,9990,13,,,0,99,,9992,13,,,0,31,,9993,13,,,0,100,,9957,13,,,0,70,,9958,13,,,0,100,,9960,13,,,0,30,,9961,13,,,0,100,,9963,13,,,0,70,,9964,13,,,0,100,,9966,13,,,0,30,,9967,13,,,0,100,,9969,13,,,0,70,,9970,13,,,0,100,,9972,13,,,0,30,,9955,13,,,0,100,,10009,13,,,0,85,,10010,13,,,0,85,,10011,13,,,0,45,,10007,13,,,0,85,,10008,13,,,0,85,,10012,13,,,0,84,,10004,13,,,0,16,,10006,13,,,0
2019,'1024',859,,10040,13,,,0,80,,10050,13,,,0,80,,10041,13,,,0,82,,10032,13,,,0,40,,10042,13,,,0,90,,10033,13,,,0,85,,10043,13,,,0,85,,10034,13,,,0,45,,10044,13,,,0,85,,10035,13,,,0,85,,10045,13,,,0,85,,10039,13,,,0,45,,10036,13,,,0,85,,10049,13,,,0,85,,10046,13,,,0,85,,10047,13,,,0,45,,10048,13,,,0,85,,10037,13,,,0,85,,10038,13,,,0,85,,10051,13,,,0
2019,'1025',732,,14249,13,,,0,70,,14250,13,,,0,99,,14251,13,,,0,31,,14252,13,,,0,100,,14228,13,,,0,70,,14229,13,,,0,100,,14230,13,,,0,30,,14231,13,,,0,100,,14232,13,,,0,70,,14233,13,,,0,100,,14234,13,,,0,30,,14235,13,,,0,100,,14236,13,,,0,70,,14237,13,,,0,100,,14238,13,,,0,30,,14227,13,,,0,100,,14265,13,,,0,85,,14266,13,,,0,85,,14267,13,,,0,45,,14263,13,,,0,85,,14264,13,,,0,85,,14268,13,,,0,84,,14260,13,,,0,16,,14262,13,,,0
2019,'1026',625,,14269,13,,,0,80,,14270,13,,,0,40,,14271,13,,,0,80,,14272,13,,,0,80,,14273,13,,,0,41,,14274,13,,,0,85,,14275,13,,,0,70,,14276,13,,,0,30,,14277,13,,,0,70,,14278,13,,,0,30,,14279,13,,,0,70,,14280,13,,,0,30,,14281,13,,,0,70,,14282,13,,,0,30,,14283,13,,,0,70,,14284,13,,,0,30,,14285,13,,,0,70,,14286,13,,,0,30,,14287,13,,,0,70,,14288,13,,,0,30,,14289,13,,,0,70,,14290,13,,,0,30,,14291,13,,,0,70,,14292,13,,,0,30,,14293,13,,,0,84,,14294,13,,,0,44,,14295,13,,,0,85,,14296,13,,,0,85,,14297,13,,,0,85,,14328,13,,,0,45,,14327,13,,,0,55,,14331,13,,,0
2019,'1027',859,,14359,13,,,0,80,,14369,13,,,0,80,,14360,13,,,0,82,,14351,13,,,0,40,,14361,13,,,0,90,,14352,13,,,0,85,,14362,13,,,0,85,,14353,13,,,0,45,,14363,13,,,0,85,,14354,13,,,0,85,,14364,13,,,0,85,,14358,13,,,0,45,,14355,13,,,0,85,,14368,13,,,0,85,,14365,13,,,0,85,,14366,13,,,0,45,,14367,13,,,0,85,,14356,13,,,0,85,,14357,13,,,0,85,,14370,13,,,0
2019,'994',700,,9988,13,,,0,132,,9991,13,,,0,170,,9994,13,,,0,130,,9959,13,,,0,170,,9962,13,,,0,130,,9965,13,,,0,170,,9968,13,,,0,130,,9971,13,,,0,170,,9956,13,,,0
2019,'996',859,,14399,13,,,0,80,,14409,13,,,0,80,,14400,13,,,0,82,,14391,13,,,0,40,,14401,13,,,0,90,,14392,13,,,0,85,,14402,13,,,0,85,,14393,13,,,0,45,,14403,13,,,0,85,,14394,13,,,0,85,,14404,13,,,0,85,,14398,13,,,0,45,,14395,13,,,0,85,,14408,13,,,0,85,,14405,13,,,0,85,,14406,13,,,0,45,,14407,13,,,0,85,,14396,13,,,0,85,,14397,13,,,0,85,,14410,13,,,0
11019,'994',620,,11185,8,,,0,30,,11186,8,,,0,70,,11187,8,,,0,30,,11188,8,,,0,70,,11189,8,,,0,30,,11190,8,,,0,70,,11191,8,,,0,30,,11192,8,,,0,70,,11169,8,,,0,30,,11170,8,,,0,70,,11171,8,,,0,30,,11172,8,,,0,70,,11173,8,,,0,30,,11174,8,,,0,70,,11175,8,,,0,30,,11176,8,,,0,70,,11177,8,,,0,30,,11178,8,,,0,70,,11179,8,,,0,30,,11180,8,,,0,70,,11181,8,,,0,30,,11182,8,,,0,70,,11183,8,,,0,30,,11184,8,,,0,70,,11194,8,,,0,30,,11193,8,,,0
11019,'995',1020,,11195,8,,,0,30,,11196,8,,,0,70,,11197,8,,,0,30,,11198,8,,,0,70,,11199,8,,,0,30,,11200,8,,,0,70,,11201,8,,,0,30,,11202,8,,,0,70,,11203,8,,,0,30,,11204,8,,,0,70,,11205,8,,,0,30,,11206,8,,,0,70,,11207,8,,,0,30,,11208,8,,,0,70,,11209,8,,,0,30,,11210,8,,,0,70,,11211,8,,,0,30,,11212,8,,,0
13029,'1017',900,,11319,12,,,0,40,,11320,12,,,0,80,,11321,12,,,0,80,,11322,12,,,0,46,,11323,12,,,0,85,,11324,12,,,0,85,,11325,12,,,0,85,,11326,12,,,0,45,,11327,12,,,0,85,,11328,12,,,0,85,,11329,12,,,0,85,,11330,12,,,0,45,,11331,12,,,0,85,,11332,12,,,0,85,,11333,12,,,0,84,,11334,12,,,0,44,,11335,12,,,0,85,,11336,12,,,0,85,,11337,12,,,0
13029,'994',1932,,11318,12,,,0,85,,11313,12,,,0,85,,11314,12,,,0,44,,11316,12,,,0,83,,11315,12,,,0,85,,11317,12,,,0
13029,'995',628,,11338,12,,,0,80,,11339,12,,,0,40,,11340,12,,,0,80,,11341,12,,,0,81,,11342,12,,,0,40,,11343,12,,,0,982,,11344,12,,,0,85,,11345,12,,,0,85,,11346,12,,,0,45,,11347,12,,,0,85,,11348,12,,,0,85,,11349,12,,,0
13029,'996',900,,11350,12,,,0,40,,11351,12,,,0,80,,11352,12,,,0,80,,11353,12,,,0,46,,11354,12,,,0,85,,11355,12,,,0,85,,11356,12,,,0,85,,11357,12,,,0,45,,11358,12,,,0,85,,11359,12,,,0,85,,11360,12,,,0,85,,11361,12,,,0,45,,11362,12,,,0,85,,11363,12,,,0,85,,11364,12,,,0,84,,11365,12,,,0,44,,11366,12,,,0,85,,11367,12,,,0,85,,11368,12,,,0
