5029,'976',902,,682,12,,,0,40,,683,12,,,0,80,,684,12,,,0,85,,685,12,,,0,45,,686,12,,,0,85,,687,12,,,0,85,,688,12,,,0,85,,689,12,,,0,45,,690,12,,,0,85,,691,12,,,0,85,,692,12,,,0,85,,693,12,,,0,45,,694,12,,,0,85,,695,12,,,0,85,,696,12,,,0,85,,697,12,,,0,45,,698,12,,,0,85,,699,12,,,0,85,,700,12,,,0,85,,701,12,,,0
5029,'980',652,,644,12,,,0,70,,645,12,,,0,30,,646,12,,,0,69,,647,12,,,0,31,,648,12,,,0,70,,649,12,,,0,30,,650,12,,,0,70,,628,12,,,0,30,,629,12,,,0,70,,630,12,,,0,30,,631,12,,,0,70,,632,12,,,0,30,,633,12,,,0,70,,634,12,,,0,30,,635,12,,,0,70,,636,12,,,0,30,,637,12,,,0,70,,638,12,,,0,30,,639,12,,,0,70,,640,12,,,0,30,,641,12,,,0,70,,642,12,,,0,30,,643,12,,,0,70,,621,12,,,0,30,,622,12,,,0,84,,623,12,,,0,84,,624,12,,,0,86,,625,12,,,0,45,,626,12,,,0,85,,627,12,,,0,85,,651,12,,,0
5029,'984',902,,601,12,,,0,40,,602,12,,,0,80,,603,12,,,0,85,,604,12,,,0,45,,605,12,,,0,85,,606,12,,,0,85,,607,12,,,0,85,,608,12,,,0,45,,609,12,,,0,85,,610,12,,,0,85,,611,12,,,0,85,,612,12,,,0,45,,613,12,,,0,85,,614,12,,,0,85,,615,12,,,0,85,,616,12,,,0,45,,617,12,,,0,85,,618,12,,,0,85,,619,12,,,0,85,,620,12,,,0
5029,'986',632,,3685,12,,,0,80,,3686,12,,,0,40,,3687,12,,,0,80,,3688,12,,,0,80,,3689,12,,,0,40,,3690,12,,,0,70,,3691,12,,,0,30,,3692,12,,,0,70,,3693,12,,,0,30,,3694,12,,,0,70,,3695,12,,,0,30,,3696,12,,,0,70,,3697,12,,,0,30,,3698,12,,,0,70,,3699,12,,,0,30,,3700,12,,,0,70,,3701,12,,,0,30,,3702,12,,,0,70,,3703,12,,,0,30,,3704,12,,,0,70,,3705,12,,,0,30,,3706,12,,,0,70,,3707,12,,,0,30,,3708,12,,,0,84,,3709,12,,,0,84,,3710,12,,,0,86,,3711,12,,,0,45,,3712,12,,,0,85,,3714,12,,,0,85,,3713,12,,,0
14029,'976',818,,4870,14,,,0,40,,4871,14,,,0,80,,4872,14,,,0,80,,4873,14,,,0,83,,4874,14,,,0,46,,4875,14,,,0,85,,4876,14,,,0,85,,4877,14,,,0,85,,4878,14,,,0,45,,4879,14,,,0,85,,4880,14,,,0,85,,4881,14,,,0,85,,4882,14,,,0,45,,4883,14,,,0,85,,4884,14,,,0,84,,4885,14,,,0,85,,4886,14,,,0,45,,4887,14,,,0,85,,4888,14,,,0,85,,4889,14,,,0
14029,'979',617,,1915,14,,,0,21,,1916,14,,,0,70,,1917,14,,,0,30,,1918,14,,,0,70,,1919,14,,,0,30,,1920,14,,,0,70,,1921,14,,,0,30,,1922,14,,,0,70,,1892,14,,,0,30,,1893,14,,,0,70,,1894,14,,,0,30,,1895,14,,,0,72,,1896,14,,,0,30,,1897,14,,,0,70,,1898,14,,,0,30,,1899,14,,,0,70,,1900,14,,,0,30,,1901,14,,,0,70,,1902,14,,,0,30,,1903,14,,,0,70,,1904,14,,,0,30,,1905,14,,,0,70,,1906,14,,,0,30,,1907,14,,,0,68,,1908,14,,,0,30,,1914,14,,,0,70,,1923,14,,,0,22,,1912,14,,,0,85,,1909,14,,,0,85,,1911,14,,,0,45,,1910,14,,,0,85,,1913,14,,,0,85,,1924,14,,,0
14029,'983',818,,1872,14,,,0,40,,1873,14,,,0,80,,1874,14,,,0,80,,1875,14,,,0,83,,1876,14,,,0,46,,1877,14,,,0,85,,1878,14,,,0,85,,1879,14,,,0,85,,1880,14,,,0,45,,1881,14,,,0,85,,1882,14,,,0,85,,1883,14,,,0,85,,1884,14,,,0,45,,1885,14,,,0,85,,1886,14,,,0,84,,1887,14,,,0,85,,1888,14,,,0,45,,1889,14,,,0,85,,1890,14,,,0,85,,1891,14,,,0
14029,'985',617,,4913,14,,,0,21,,4914,14,,,0,70,,4915,14,,,0,30,,4916,14,,,0,70,,4917,14,,,0,30,,4918,14,,,0,70,,4919,14,,,0,30,,4920,14,,,0,70,,4890,14,,,0,30,,4891,14,,,0,70,,4892,14,,,0,30,,4893,14,,,0,72,,4894,14,,,0,30,,4895,14,,,0,70,,4896,14,,,0,30,,4897,14,,,0,70,,4898,14,,,0,30,,4899,14,,,0,70,,4900,14,,,0,30,,4901,14,,,0,70,,4902,14,,,0,30,,4903,14,,,0,70,,4904,14,,,0,30,,4905,14,,,0,68,,4906,14,,,0,30,,4912,14,,,0,70,,4921,14,,,0,22,,4910,14,,,0,85,,4907,14,,,0,85,,4909,14,,,0,45,,4908,14,,,0,85,,4911,14,,,0,85,,4922,14,,,0
14029,'986',628,,4923,14,,,0,80,,4924,14,,,0,40,,4925,14,,,0,80,,4926,14,,,0,80,,4927,14,,,0,40,,4928,14,,,0,60,,4929,14,,,0,30,,4930,14,,,0,70,,4931,14,,,0,30,,4932,14,,,0,70,,4933,14,,,0,30,,4934,14,,,0,70,,4935,14,,,0,30,,4936,14,,,0,72,,4937,14,,,0,30,,4938,14,,,0,70,,4939,14,,,0,30,,4940,14,,,0,70,,4941,14,,,0,30,,4942,14,,,0,70,,4943,14,,,0,30,,4944,14,,,0,68,,4945,14,,,0,30,,4946,14,,,0,70,,4952,14,,,0,22,,4947,14,,,0,85,,4948,14,,,0,85,,4949,14,,,0,45,,4950,14,,,0,85,,4953,14,,,0,85,,4951,14,,,0
14029,'987',818,,4954,14,,,0,40,,4955,14,,,0,80,,4956,14,,,0,80,,4957,14,,,0,83,,4958,14,,,0,46,,4959,14,,,0,85,,4960,14,,,0,85,,4961,14,,,0,85,,4962,14,,,0,45,,4963,14,,,0,85,,4964,14,,,0,85,,4965,14,,,0,85,,4966,14,,,0,45,,4967,14,,,0,85,,4968,14,,,0,84,,4969,14,,,0,85,,4970,14,,,0,45,,4971,14,,,0,85,,4972,14,,,0,85,,4973,14,,,0
