14029,'1010',702,,11498,6,,,0,230,,11503,6,,,0,271,,11477,6,,,0,230,,11482,6,,,0,270,,11487,6,,,0,221,,11493,6,,,0,85,,11490,6,,,0,45,,11492,6,,,0,85,,11491,6,,,0,85,,11494,6,,,0,85,,11505,6,,,0
14029,'1011',802,,11500,6,,,0,230,,11474,6,,,0,271,,11479,6,,,0,230,,11484,6,,,0,269,,11489,6,,,0
14029,'1012',802,,12873,6,,,0,230,,12869,6,,,0,271,,12870,6,,,0,230,,12871,6,,,0,269,,12872,6,,,0
14029,'1014',812,,11506,6,,,0,40,,11507,6,,,0,80,,11508,6,,,0,80,,11509,6,,,0,43,,11510,6,,,0,85,,11511,6,,,0,85,,11512,6,,,0,85,,11513,6,,,0,45,,11514,6,,,0,85,,11515,6,,,0,85,,11516,6,,,0,85,,11517,6,,,0,45,,11518,6,,,0,85,,11519,6,,,0,85,,11520,6,,,0,85,,11521,6,,,0,45,,11522,6,,,0,85,,11523,6,,,0,85,,11524,6,,,0,85,,11525,6,,,0
14029,'1015',702,,13653,6,,,0,230,,13654,6,,,0,271,,13645,6,,,0,230,,13646,6,,,0,270,,13647,6,,,0,221,,13651,6,,,0,85,,13648,6,,,0,45,,13650,6,,,0,85,,13649,6,,,0,85,,13652,6,,,0,85,,13655,6,,,0
14029,'1016',622,,13656,6,,,0,80,,13657,6,,,0,40,,13658,6,,,0,80,,13659,6,,,0,80,,13660,6,,,0,40,,13661,6,,,0,260,,13662,6,,,0,231,,13663,6,,,0,270,,13664,6,,,0,221,,13665,6,,,0,85,,13666,6,,,0,45,,13667,6,,,0,85,,13668,6,,,0,85,,13670,6,,,0,85,,13669,6,,,0
14029,'1017',812,,13671,6,,,0,40,,13672,6,,,0,80,,13673,6,,,0,80,,13674,6,,,0,43,,13675,6,,,0,85,,13676,6,,,0,85,,13677,6,,,0,85,,13678,6,,,0,45,,13679,6,,,0,85,,13680,6,,,0,85,,13681,6,,,0,85,,13682,6,,,0,45,,13683,6,,,0,85,,13684,6,,,0,85,,13685,6,,,0,85,,13686,6,,,0,45,,13687,6,,,0,85,,13688,6,,,0,85,,13689,6,,,0,85,,13690,6,,,0
14029,'1018',812,,13691,6,,,0,40,,13692,6,,,0,80,,13693,6,,,0,80,,13694,6,,,0,43,,13695,6,,,0,85,,13696,6,,,0,85,,13697,6,,,0,85,,13698,6,,,0,45,,13699,6,,,0,85,,13700,6,,,0,85,,13701,6,,,0,85,,13702,6,,,0,45,,13703,6,,,0,85,,13704,6,,,0,85,,13705,6,,,0,85,,13706,6,,,0,45,,13707,6,,,0,85,,13708,6,,,0,85,,13709,6,,,0,85,,13710,6,,,0
14029,'994',612,,11496,6,,,0,20,,11497,6,,,0,100,,11499,6,,,0,100,,11501,6,,,0,70,,11502,6,,,0,100,,11473,6,,,0,100,,11475,6,,,0,30,,11476,6,,,0,101,,11478,6,,,0,100,,11480,6,,,0,70,,11481,6,,,0,100,,11483,6,,,0,100,,11485,6,,,0,30,,11486,6,,,0,100,,11488,6,,,0,99,,11495,6,,,0,70,,11504,6,,,0
14029,'995',1002,,11532,6,,,0,30,,11533,6,,,0,70,,11534,6,,,0,30,,11535,6,,,0,100,,11537,6,,,0,70,,11538,6,,,0,30,,11539,6,,,0,71,,11540,6,,,0,100,,11542,6,,,0,30,,11543,6,,,0,70,,11544,6,,,0,30,,11545,6,,,0,100,,11547,6,,,0,69,,11548,6,,,0,30,,11549,6,,,0,70,,11555,6,,,0
