1019,1121,1,0
1019,1189,2,0
1019,1190,3,0
1019,1191,4,0
1019,1192,5,0
1019,1193,6,0
1019,1194,7,0
1019,1195,8,0
1019,1196,9,0
1019,1197,10,0
1019,1198,11,0
1019,1200,12,0
1019,1201,13,0
1019,1000,14,0
1019,1002,15,0
1019,1003,16,0
1019,1004,17,0
1019,1005,18,0
1019,1006,19,0
1019,1007,20,0
1019,1008,21,0
1019,1009,22,0
1019,1010,23,0
1019,1011,24,0
1019,1012,25,0
1019,1013,26,0
1019,1014,27,0
1019,1015,28,0
1019,1831,29,0
1019,1828,30,0
1019,1019,31,1
1029,1019,1,0
1029,1829,2,0
1029,1093,3,0
1029,1094,4,0
1029,1095,5,0
1029,1096,6,0
1029,1097,7,0
1029,1098,8,0
1029,1099,9,0
1029,1100,10,0
1029,1101,11,0
1029,1102,12,0
1029,1103,13,0
1029,1104,14,0
1029,1105,15,0
1029,1106,16,0
1029,1108,17,0
1029,1112,18,0
1029,1113,19,0
1029,1114,20,0
1029,1115,21,0
1029,1116,22,0
1029,1117,23,0
1029,1118,24,0
1029,1119,25,0
1029,1120,26,0
1029,1121,27,1
2019,1121,1,0
2019,1189,2,0
2019,1190,3,0
2019,1439,4,0
2019,1206,5,0
2019,1194,6,0
2019,1195,7,0
2019,1207,8,0
2019,1208,9,0
2019,1209,10,0
2019,1864,11,0
2019,1865,12,0
2019,1866,13,0
2019,1220,14,0
2019,1222,15,0
2019,1223,16,0
2019,1224,17,0
2019,1867,18,0
2019,1226,19,0
2019,1227,20,0
2019,1228,21,0
2019,1229,22,0
2019,1230,23,0
2019,1231,24,0
2019,1288,25,0
2019,1823,26,0
2019,1824,27,0
2019,1290,28,0
2019,1291,29,0
2019,1833,30,0
2019,1292,31,0
2019,1293,32,0
2019,1294,35,0
2019,1457,36,0
2019,1458,37,0
2019,1459,38,0
2019,1304,39,0
2019,1305,40,0
2019,1846,41,0
2019,1115,42,0
2019,1116,43,0
2019,1844,44,0
2019,1119,45,0
2019,1120,46,0
4019,1019,1,0
4019,1021,2,0
4019,1842,3,0
4019,1026,4,0
4019,1027,5,0
4019,1028,6,0
4019,1029,7,0
4019,1030,8,0
4019,1031,9,0
4019,1034,10,0
4019,1035,11,0
4019,1036,12,0
4019,1037,13,0
4019,1038,14,0
4019,1039,15,0
4019,1040,16,0
4019,1041,17,0
4019,1042,18,0
4019,1043,19,0
4019,1044,20,0
4019,1045,21,0
4019,1046,22,0
4019,1578,23,0
4019,1579,24,0
4019,1580,25,0
4019,1581,26,0
4019,1582,27,0
4019,1583,28,0
4019,1597,29,0
4019,1598,30,0
4019,1599,31,0
4019,1600,32,0
4019,1601,33,0
4019,1602,34,0
4019,1603,35,0
4019,1604,36,0
4019,1606,37,0
4019,1609,38,0
4019,1607,39,0
4019,1608,40,0
4019,1610,41,0
4019,1611,42,0
4019,1612,43,0
4019,1613,44,0
4019,1614,45,0
4019,1615,46,0
4019,1616,47,0
4019,1617,48,0
4019,1618,49,0
4019,1619,50,0
4019,1620,51,0
4019,1621,52,0
4019,1622,53,0
4019,1623,54,0
4019,1624,55,0
4019,1626,56,0
4019,1625,57,0
4019,1627,58,0
4019,1628,59,0
4019,1629,60,0
4019,1630,61,0
4019,1631,62,0
4019,1632,63,0
4019,1633,64,0
4019,1634,65,0
4019,1635,66,0
4019,1636,67,0
4019,1637,68,0
4019,1519,69,0
4019,1520,70,0
4019,1521,71,0
4019,1524,72,0
4019,1525,73,0
4019,1526,74,0
4019,1729,75,0
4019,1730,76,0
4019,1731,77,0
4019,1732,78,0
4019,1817,79,0
4019,1061,80,0
4019,1062,81,0
4019,1063,82,0
4019,1065,83,0
4019,1066,84,0
5019,1269,1,0
5019,1270,2,0
5019,1271,3,0
5019,1272,4,0
5019,1273,5,0
5019,1274,6,0
5019,1275,7,0
5019,1276,8,0
5019,1277,9,0
5019,1278,10,0
5019,1279,11,0
5019,1280,12,0
5019,1281,13,0
5019,1282,14,0
5019,1283,15,0
5019,1284,16,0
5019,1285,17,0
5019,1286,18,0
5019,1287,19,0
5019,1231,20,1
5029,1231,1,0
5029,1232,2,0
5029,1233,3,0
5029,1234,4,0
5029,1235,5,0
5029,1236,6,0
5029,1237,7,0
5029,1238,8,0
5029,1239,9,0
5029,1240,10,0
5029,1241,11,0
5029,1259,12,0
5029,1260,13,0
5029,1261,14,0
5029,1262,15,0
5029,1263,16,0
5029,1264,17,0
5029,1265,18,0
5029,1266,19,0
5029,1267,20,0
5029,1268,21,0
5029,1269,22,1
6019,1043,1,0
6019,1044,2,0
6019,1045,3,0
6019,1046,4,0
6019,1578,5,0
6019,1579,6,0
6019,1580,7,0
6019,1581,8,0
6019,1582,9,0
6019,1583,10,0
6019,1584,11,0
6019,1585,12,0
6019,1586,13,0
6019,1587,14,0
6019,1588,15,0
6019,1589,16,0
6019,1854,17,0
6019,1855,18,0
6019,1856,19,0
6019,1590,20,0
6019,1591,21,0
6019,1592,22,0
6019,1593,23,0
6019,1594,24,0
6019,1595,25,0
6019,1596,26,0
6019,1638,27,0
6019,1639,28,0
6019,1640,29,0
7019,1121,1,0
7019,1202,2,0
7019,1313,3,0
7019,1024,4,0
7019,1858,5,0
7019,1859,6,0
7019,1860,7,0
7019,1321,8,0
7019,1323,9,0
7019,1819,10,0
7019,1861,11,0
7019,1822,12,0
7019,1325,13,0
7019,1326,14,0
7019,1327,15,0
7019,1329,16,0
7019,1330,17,0
7019,1331,18,0
7019,1333,19,0
7019,1334,20,0
7019,1335,21,0
7019,1336,22,1
7029,1336,1,0
7029,1338,2,0
7029,1339,3,0
7029,1341,4,0
7029,1343,5,0
7029,1347,6,0
7029,1348,7,0
7029,1349,8,0
7029,1350,9,0
7029,1351,10,0
7029,1352,11,0
7029,1353,12,0
7029,1354,13,0
7029,1818,14,0
7029,1121,15,1
8019,1019,1,0
8019,1669,2,0
8019,1670,3,0
8019,1671,4,0
8019,1672,5,0
8019,1673,6,0
8019,1674,7,0
8019,1029,8,0
8019,1030,9,0
8019,1675,10,0
8019,1676,11,0
8019,1677,12,0
8019,1678,13,0
8019,1679,14,0
8019,1680,15,0
8019,1681,16,0
8019,1682,17,0
8019,1683,18,0
8019,1684,19,0
8019,1685,20,0
8019,1686,21,0
8019,1687,22,0
8019,1688,23,0
8019,1689,24,0
8019,1690,25,0
8019,1691,26,0
8019,1692,27,0
8019,1693,28,0
8019,1694,29,0
8019,1695,30,0
8019,1696,31,0
8019,1697,32,0
8019,1698,33,0
8019,1699,34,0
8019,1700,35,0
8019,1701,36,0
8019,1702,37,0
8019,1231,38,0
8019,1232,39,0
8019,1703,40,0
8019,1704,41,0
8019,1705,42,0
8019,1706,43,0
8019,1707,44,0
8019,1708,45,0
8019,1489,46,0
8019,1490,47,0
8019,1491,48,0
8019,1003,49,0
8019,1004,50,0
8019,1005,51,0
8019,1006,52,0
8019,1757,53,0
8019,1758,54,0
8019,1760,55,0
8019,1761,56,0
8019,1709,57,0
8019,1710,58,0
8019,1711,59,0
8019,1712,60,0
8019,1716,61,0
8019,1569,62,0
8019,1566,63,0
8019,1287,64,0
8019,1717,67,0
8019,1718,68,0
8019,1719,69,0
8019,1720,70,0
8019,1721,71,0
8019,1722,72,0
8019,1723,73,0
8019,1724,74,0
8019,1725,75,0
8019,1726,76,0
8019,1727,77,0
8019,1728,78,0
8019,1729,79,0
8019,1730,80,0
8019,1731,81,0
8019,1732,82,0
8019,1733,83,0
8019,1734,84,0
8019,1735,85,0
8019,1736,86,0
8019,1737,87,0
8019,1738,88,0
8019,1739,89,0
8019,1740,90,0
8019,1741,91,0
8019,1742,92,0
8019,1081,93,0
8019,1743,94,0
8019,1744,95,0
8019,1745,96,0
8019,1746,97,0
8019,1747,98,0
8019,1748,99,0
9019,1121,1,0
9019,1202,2,0
9019,1463,3,0
9019,1464,4,0
9019,1465,5,0
9019,1466,6,0
9019,1467,7,0
9019,1468,8,0
9019,1469,9,0
9019,1470,10,0
9019,1471,11,0
9019,1472,12,0
9019,1473,13,0
9019,1474,14,0
9019,1475,15,0
9019,1476,16,0
9019,1853,17,0
9019,1478,18,0
9019,1480,19,0
9019,1481,20,0
9019,1482,21,0
9019,1292,22,0
9019,1293,23,0
9019,1222,24,1
9029,1222,1,0
9029,1223,2,0
9029,1224,3,0
9029,1225,4,0
9029,1775,5,0
9029,1776,6,0
9029,1777,7,0
9029,1778,8,0
9029,1852,9,0
9029,1779,10,0
9029,1780,11,0
9029,1781,12,0
9029,1782,13,0
9029,1783,14,0
9029,1784,15,0
9029,1785,16,0
9029,1786,17,0
9029,1787,18,0
9029,1788,19,0
9029,1789,20,0
9029,1791,21,0
9029,1352,22,0
9029,1353,23,0
9029,1354,24,0
9029,1818,25,0
9029,1121,26,1
10019,1231,1,0
10019,1232,2,0
10019,1233,3,0
10019,1234,4,0
10019,1235,5,0
10019,1655,6,0
10019,1656,7,0
10019,1657,8,0
10019,1658,9,0
10019,1724,10,0
10019,1665,11,0
10019,1666,12,0
10019,1667,13,0
10019,1668,14,0
10019,1239,15,0
10019,1240,16,0
10019,1241,17,0
10019,1242,18,0
10019,1243,19,0
10019,1244,20,0
10019,1848,21,0
10019,1849,22,0
10019,1245,23,0
10019,1246,24,0
10019,1247,25,0
10019,1248,26,0
10019,1089,27,0
10019,1090,28,0
10019,1577,29,0
10019,1019,30,1
10029,1019,1,0
10029,1021,2,0
10029,1022,3,0
10029,1023,4,0
10029,1250,5,0
10029,1251,6,0
10029,1252,7,0
10029,1253,8,0
10029,1255,9,0
10029,1256,10,0
10029,1257,11,0
10029,1258,12,0
10029,1279,13,0
10029,1280,14,0
10029,1281,15,0
10029,1641,16,0
10029,1642,17,0
10029,1643,18,0
10029,1644,19,0
10029,1645,20,0
10029,1646,21,0
10029,1647,22,0
10029,1648,23,0
10029,1649,24,0
10029,1650,25,0
10029,1651,26,0
10029,1652,27,0
10029,1653,28,0
10029,1654,29,0
10029,1285,30,0
10029,1286,31,0
10029,1231,32,1
11019,1450,1,0
11019,1451,2,0
11019,1452,3,0
11019,1453,4,0
11019,1454,5,0
11019,1455,6,0
11019,1456,7,0
11019,1457,8,0
11019,1458,9,0
11019,1459,10,0
11019,1304,11,0
11019,1305,12,0
11019,1306,13,0
11019,1307,14,0
11019,1308,15,0
11019,1309,16,0
11019,1310,17,0
11019,1857,18,0
11019,1120,19,0
11019,1121,20,1
11029,1121,1,0
11029,1189,2,0
11029,1190,3,0
11029,1439,4,0
11029,1440,5,0
11029,1792,6,0
11029,1793,7,0
11029,1794,8,0
11029,1795,9,0
11029,1208,10,0
11029,1209,11,0
11029,1442,12,0
11029,1443,13,0
11029,1444,14,0
11029,1445,15,0
11029,1446,16,0
11029,1447,17,0
11029,1448,18,0
11029,1449,19,0
11029,1450,20,1
12019,1019,1,0
12019,1021,2,0
12019,1022,3,0
12019,1539,4,0
12019,1832,5,0
12019,1540,6,0
12019,1541,7,0
12019,1542,8,0
12019,1543,9,0
12019,1544,10,0
12019,1545,11,0
12019,1546,12,0
12019,1547,13,0
12019,1548,14,0
12019,1549,15,0
12019,1550,16,0
12019,1551,17,0
12019,1552,18,0
12019,1553,19,0
12019,1554,20,0
12019,1555,21,0
12019,1556,22,0
12019,1099,23,0
12019,1100,24,0
12019,1101,25,0
12019,1102,26,0
12019,1103,27,0
12019,1007,28,0
12019,1847,29,0
12019,1561,30,0
12019,1562,31,0
12019,1850,32,0
12019,1851,33,0
12019,1576,34,0
12019,1090,35,0
12019,1577,36,0
13019,1121,1,0
13019,1189,2,0
13019,1190,3,0
13019,1439,4,0
13019,1440,5,0
13019,1792,6,0
13019,1793,7,0
13019,1794,8,0
13019,1795,9,0
13019,1208,10,0
13019,1209,11,0
13019,1442,12,0
13019,1443,13,0
13019,1444,14,0
13019,1445,15,0
13019,1446,16,0
13019,1447,17,0
13019,1815,18,0
13019,1816,19,0
13019,1409,20,0
13019,1410,21,0
13019,1412,22,0
13019,1413,23,0
13019,1414,24,0
13019,1415,25,0
13019,1416,26,0
13019,1417,27,0
13019,1418,28,0
13019,1419,29,0
13019,1420,30,0
13019,1421,31,0
13019,1422,32,0
13019,1423,33,1
13029,1423,1,0
13029,1405,2,0
13029,1406,3,0
13029,1407,4,0
13029,1408,5,0
13029,1451,6,0
13029,1452,7,0
13029,1453,8,0
13029,1454,9,0
13029,1455,10,0
13029,1456,11,0
13029,1457,12,0
13029,1458,13,0
13029,1459,14,0
13029,1304,15,0
13029,1305,16,0
13029,1306,17,0
13029,1307,18,0
13029,1308,19,0
13029,1309,20,0
13029,1310,21,0
13029,1857,22,0
13029,1120,23,0
13029,1121,24,1
14019,1522,1,0
14019,1524,2,0
14019,1525,3,0
14019,1526,4,0
14019,1527,5,0
14019,1528,6,0
14019,1529,7,0
14019,1530,8,0
14019,1531,9,0
14019,1533,10,0
14019,1535,11,0
14019,1536,12,0
14019,1537,13,0
14019,1538,14,0
14019,1091,15,0
14019,1019,16,1
14029,1019,1,0
14029,1492,2,0
14029,1493,3,0
14029,1494,4,0
14029,1495,5,0
14029,1496,6,0
14029,1497,7,0
14029,1498,8,0
14029,1499,9,0
14029,1500,10,0
14029,1501,11,0
14029,1502,12,0
14029,1278,13,0
14029,1504,14,0
14029,1505,15,0
14029,1506,16,0
14029,1260,17,0
14029,1507,18,0
14029,1508,19,0
14029,1509,20,0
14029,1510,21,0
14029,1511,22,0
14029,1512,23,0
14029,1513,24,0
14029,1514,25,0
14029,1515,26,0
14029,1862,27,0
14029,1518,28,0
14029,1519,29,0
14029,1520,30,0
14029,1521,31,0
14029,1522,32,1
15019,1222,1,0
15019,1223,2,0
15019,1294,3,0
15019,1483,4,0
15019,1484,5,0
15019,1770,6,0
15019,1771,7,0
15019,1772,8,0
15019,1869,9,0
15019,1298,10,0
15019,1299,11,0
15019,1300,12,0
15019,1301,13,0
15019,1210,14,0
15019,1799,15,0
15019,1801,16,0
15019,1800,17,0
15019,1003,18,0
15019,1004,19,0
15019,1005,20,0
15019,1006,21,1
15029,1005,1,0
15029,1006,2,0
15029,1757,3,0
15029,1758,4,0
15029,1760,5,0
15029,1761,6,0
15029,1762,7,0
15029,1763,8,0
15029,1764,9,0
15029,1765,10,0
15029,1303,11,0
15029,1212,12,0
15029,1213,13,0
15029,1214,14,0
15029,1216,15,0
15029,1868,16,0
15029,1770,17,0
15029,1771,18,0
15029,1772,19,0
15029,1773,20,0
15029,1774,21,0
15029,1220,22,0
15029,1222,23,1
16019,1231,1,0
16019,1232,2,0
16019,1703,3,0
16019,1570,4,0
16019,1571,5,0
16019,1572,6,0
16019,1573,7,0
16019,1574,8,0
16019,1575,9,0
16019,1576,10,0
16019,1830,11,0
16019,1827,12,0
16019,1019,13,1
16029,1019,1,0
16029,1836,2,0
16029,1834,3,0
16029,1539,4,0
16029,1832,5,0
16029,1838,6,0
16029,1839,7,0
16029,1840,8,0
16029,1841,9,0
16029,1565,10,0
16029,1566,11,0
16029,1287,12,0
16029,1231,13,1
17019,1121,1,0
17019,1122,2,0
17019,1123,3,0
17019,1124,4,0
17019,1125,5,0
17019,1126,6,0
17019,1127,7,0
17019,1128,8,0
17019,1130,9,0
17019,1131,10,0
17019,1132,11,0
17019,1133,12,0
17019,1135,13,0
17019,1136,14,0
17019,1137,15,0
17019,1138,16,0
17019,1139,17,0
17019,1140,18,0
17019,1141,19,0
17019,1142,20,0
17019,1143,21,0
17019,1144,22,0
17019,1146,23,0
17019,1147,24,0
17019,1148,25,0
17019,1150,26,1
17029,1150,1,0
17029,1152,2,0
17029,1153,3,0
17029,1154,4,0
17029,1155,5,0
17029,1157,6,0
17029,1158,7,0
17029,1159,8,0
17029,1160,9,0
17029,1161,10,0
17029,1162,11,0
17029,1163,12,0
17029,1165,13,0
17029,1166,14,0
17029,1167,15,0
17029,1168,16,0
17029,1169,17,0
17029,1170,18,0
17029,1171,19,0
17029,1172,20,0
17029,1173,21,0
17029,1174,22,0
17029,1863,23,0
17029,1128,24,0
17029,1130,25,0
17029,1131,26,0
17029,1132,27,0
17029,1133,28,0
17029,1345,29,0
17029,1180,30,0
17029,1181,31,0
17029,1182,32,0
17029,1183,33,0
17029,1184,34,0
17029,1185,35,0
17029,1186,36,0
17029,1187,37,0
17029,1188,38,0
17029,1121,39,1
18019,1054,1,0
18019,1055,2,0
18019,1056,3,0
18019,1057,4,0
18019,1058,5,0
18019,1059,6,0
18019,1060,7,0
18019,1061,8,0
18019,1062,9,0
18019,1063,10,0
18019,1065,11,0
18019,1066,12,0
18019,1067,13,0
18019,1068,14,0
18019,1069,15,0
18019,1070,16,0
18019,1071,17,0
18019,1073,18,0
18019,1074,19,0
18019,1075,20,0
18019,1076,21,0
18019,1077,22,0
18019,1079,23,0
18019,1080,24,0
18019,1081,25,0
18019,1083,26,0
18019,1084,27,0
18019,1085,28,0
18019,1086,29,0
18019,1087,30,0
18019,1843,31,0
18019,1577,32,0
18019,1019,33,1
18029,1019,1,0
18029,1021,2,0
18029,1842,3,0
18029,1026,4,0
18029,1027,5,0
18029,1028,6,0
18029,1029,7,0
18029,1030,8,0
18029,1031,9,0
18029,1034,10,0
18029,1035,11,0
18029,1036,12,0
18029,1037,13,0
18029,1038,14,0
18029,1039,15,0
18029,1040,16,0
18029,1041,17,0
18029,1042,18,0
18029,1043,19,0
18029,1044,20,0
18029,1045,21,0
18029,1046,22,0
18029,1047,23,0
18029,1048,24,0
18029,1049,25,0
18029,1050,26,0
18029,1051,27,0
18029,1052,28,0
18029,1053,29,0
18029,1054,30,1
30003019,1390,1,0
30003019,1391,2,0
30003019,1392,3,0
30003019,1393,4,0
30003019,1394,5,0
30003019,1396,6,0
30003019,1397,7,0
30003019,1398,8,0
30003019,1399,9,0
30003019,1400,10,0
30003019,1401,11,0
30003019,1402,12,0
30003019,1422,13,0
30003019,1423,14,0
30003019,1425,15,0
30003019,1426,16,0
30003019,1427,17,0
30003019,1428,18,0
30003019,1429,19,0
30003019,1430,20,0
30003019,1431,21,0
30003019,1432,22,0
30003019,1433,23,0
30003019,1434,24,0
30003019,1435,25,0
30003019,1436,26,0
30003019,1437,27,0
30003019,1438,28,0
30003019,1818,29,0
30003019,1121,30,1
30003029,1121,1,0
30003029,1202,2,0
30003029,1357,3,0
30003029,1358,4,0
30003029,1359,5,0
30003029,1360,6,0
30003029,1361,7,0
30003029,1362,8,0
30003029,1363,9,0
30003029,1364,10,0
30003029,1367,11,0
30003029,1368,12,0
30003029,1369,13,0
30003029,1370,14,0
30003029,1371,15,0
30003029,1372,16,0
30003029,1374,17,0
30003029,1375,18,0
30003029,1376,19,0
30003029,1377,20,0
30003029,1378,21,0
30003029,1379,22,0
30003029,1380,23,0
30003029,1381,24,0
30003029,1382,25,0
30003029,1383,26,0
30003029,1384,27,0
30003029,1385,28,0
30003029,1386,29,0
30003029,1387,30,0
30003029,1388,31,0
30003029,1389,32,0
30003029,1390,33,1
100003019,1418,1,0
100003019,1419,2,0
100003019,1420,3,0
100003019,1421,4,0
100003019,1422,5,0
100003019,1423,6,0
100003019,1425,7,0
100003019,1426,8,0
100003019,1427,9,0
100003019,1428,10,0
100003019,1429,11,0
100003019,1430,12,0
100003019,1365,13,0
100003019,1366,14,0
100003019,1431,15,0
100003019,1432,16,0
100003019,1433,17,0
100003019,1434,18,0
100003019,1435,19,0
100003019,1436,20,0
100003019,1437,21,0
100003019,1438,22,0
100003019,1818,23,0
100003019,1121,24,1
100003029,1121,1,0
100003029,1202,2,0
100003029,1357,3,0
100003029,1358,4,0
100003029,1359,5,0
100003029,1360,6,0
100003029,1361,7,0
100003029,1362,8,0
100003029,1363,9,0
100003029,1364,10,0
100003029,1367,11,0
100003029,1368,12,0
100003029,1369,13,0
100003029,1370,14,0
100003029,1371,15,0
100003029,1372,16,0
100003029,1403,17,0
100003029,1404,18,0
100003029,1405,19,0
100003029,1406,20,0
100003029,1407,21,0
100003029,1408,22,0
100003029,1409,23,0
100003029,1410,24,0
100003029,1412,25,0
100003029,1413,26,0
100003029,1414,27,0
100003029,1415,28,0
100003029,1416,29,0
100003029,1417,30,0
100003029,1418,31,1
130003019,1121,1,0
130003019,1202,2,0
130003019,1357,3,0
130003019,1814,4,0
130003019,1792,5,0
130003019,1793,6,0
130003019,1794,7,0
130003019,1795,8,0
130003019,1796,9,0
130003019,1797,10,0
130003019,1798,11,0
130003019,1799,12,0
130003019,1801,13,0
130003019,1800,14,0
130003019,1802,15,0
130003019,1803,16,0
130003019,1804,17,0
130003019,1805,18,0
130003019,1005,19,0
130003019,1006,20,0
130003019,1806,21,0
130003019,1808,22,0
130003019,1809,23,0
130003019,1810,24,0
130003019,1812,25,0
130003019,1827,26,0
130003019,1019,27,1
130003029,1019,1,0
130003029,1836,2,0
130003029,1749,3,0
130003029,1750,4,0
130003029,1751,5,0
130003029,1753,6,0
130003029,1754,7,0
130003029,1755,8,0
130003029,1756,9,0
130003029,1103,10,0
130003029,1757,11,0
130003029,1758,12,0
130003029,1760,13,0
130003029,1761,14,0
130003029,1762,15,0
130003029,1763,16,0
130003029,1764,17,0
130003029,1765,18,0
130003029,1766,19,0
130003029,1767,20,0
130003029,1768,21,0
130003029,1306,22,0
130003029,1307,23,0
130003029,1308,24,0
130003029,1309,25,0
130003029,1310,26,0
130003029,1857,27,0
130003029,1121,28,1
