1,1019,'1017',9709,9710,9711,9712,9713,9714,9715,9716,9717,9718,9719,9720,9721,9722,9723,9724,9725,9726,9727,9728,9729,9730,9731,9732,9733,9734,9735,9736,9737,9738,9739,9740,9741,9742,9743,9744
1,1019,'1022',12923,12924,12925,12926,12927,12928,12929,12930,12931,12932,12933,12934,12935,12936,12937,12938,12939,12940,12941,12942,12943,12944,12945,12946,12947,12948,12949,12950,12951,12952,12953,12954
1,1019,'1025',14092,14093,14094,14095,14096,14097,14098,14099,14100,14101,14102,14103,14104,14105,14106,14107,14108,14109,14110,14111,14112,14113,14114,14115,14116,14117,14118,14119,14120,14121,14122,14123
1,1019,'1026',14124,14125,14126,14127,14128,14129,14130,14131,14132,14133,14134,14135,14136,14137,14138,14139,14140,14141,14142,14143,14144,14145,14146,14147,14148,14149,14150,14151,14152,14153,14154,14155,14156
1,1019,'994',9700,9704
1,1019,'996',9778,9779,9780,9781,9782,9783,9784,9785,9786,9787,9788,9789,9790,9791,9792,9793,9794,9795,9796,9797,9798,9799,9800,9801,9802,9803,9804,9805,9806,9807,9808,9809,9810,9811,9812,9813
1,1029,'1017',9848,9849,9850,9851,9852,9853,9854,9855,9856,9857,9858,9859,9860,9861,9862,9863,9864,9865,9866,9867,9868,9869,9870,9871,9872,9873,9874,9875,9876,9877,9878,9879,9880,9881
1,1029,'1022',12988,12989,12990,12991,12992,12993,12994,12995,12996,12997,12998,12999,13000,13001,13002,13003,13004,13005,13006,13007,13008,13009,13010,13011,13012,13013,13014,13015,13016,13017,13018,13019
1,1029,'1025',14157,14158,14159,14160,14161,14162,14163,14164,14165,14166,14167,14168,14169,14170,14171,14172,14173,14174,14175,14176,14177,14178,14179,14180,14181,14182,14183,14184,14185,14186,14187,14188
1,1029,'1026',14189,14190,14191,14192,14193,14194,14195,14196,14197,14198,14199,14200,14201,14202,14203,14204,14205,14206,14207,14208,14209,14210,14211,14212,14213,14214,14215,14216,14217,14218,14219,14220
1,1029,'994',9841,9845
1,1029,'996',9914,9915,9916,9917,9918,9919,9920,9921,9922,9923,9924,9925,9926,9927,9928,9929,9930,9931,9932,9933,9934,9935,9936,9937,9938,9939,9940,9941,9942,9943,9944,9945,9946,9947
2,2019,'1021',9949,9950,9951,9952,9953,9954,9955,9957,9958,9960,9961,9963,9964,9966,9967,9969,9970,9972,9974,9975,9977,9978,9980,9981,9983,9984,9986,9987,9989,9990,9992,9993,9995,9996,9997,9999,10000,10002,10003,10004,10005,10006,10007,10008,10009,10010,10011,10012
2,2019,'1024',10013,10014,10015,10016,10017,10018,10019,10020,10021,10022,10023,10024,10025,10026,10027,10028,10029,10030,10031,10032,10033,10034,10035,10036,10037,10038,10039,10040,10041,10042,10043,10044,10045,10046,10047,10048,10049,10050,10051,10052
2,2019,'1025',14221,14222,14223,14224,14225,14226,14227,14228,14229,14230,14231,14232,14233,14234,14235,14236,14237,14238,14239,14240,14241,14242,14243,14244,14245,14246,14247,14248,14249,14250,14251,14252,14253,14254,14255,14256,14257,14258,14259,14260,14261,14262,14263,14264,14265,14266,14267,14268
2,2019,'1026',14269,14270,14271,14272,14273,14274,14275,14276,14277,14278,14279,14280,14281,14282,14283,14284,14285,14286,14287,14288,14289,14290,14291,14292,14293,14294,14295,14296,14297,14298,14299,14300,14301,14302,14303,14304,14305,14306,14307,14308,14309,14310,14311,14312,14313,14314,14315,14316,14317,14318,14319,14320,14321,14322,14323,14324,14325,14326,14327,14328,14329,14330,14331
2,2019,'1027',14332,14333,14334,14335,14336,14337,14338,14339,14340,14341,14342,14343,14344,14345,14346,14347,14348,14349,14350,14351,14352,14353,14354,14355,14356,14357,14358,14359,14360,14361,14362,14363,14364,14365,14366,14367,14368,14369,14370,14371
2,2019,'994',9948,9956,9959,9962,9965,9968,9971,9973,9976,9979,9982,9985,9988,9991,9994,9998,10001
2,2019,'996',14372,14373,14374,14375,14376,14377,14378,14379,14380,14381,14382,14383,14384,14385,14386,14387,14388,14389,14390,14391,14392,14393,14394,14395,14396,14397,14398,14399,14400,14401,14402,14403,14404,14405,14406,14407,14408,14409,14410,14411
4,4019,'1022',13115,13116,13117,13118,13119,13120,13121
4,4019,'1025',14412,14413,14414,14415,14416,14417,14418
5,5019,'1021',10156,10158,10159,10160,10161,10162,10163,10164,10166,10167,10169,10170,10172,10173,10175,10176,10178,10180,10181,10183,10184,10186,10187
5,5019,'1024',10188,10189,10190,10191,10192,10193,10194,10195,10196,10197,10198,10199,10200,10201,10202,10203,10204,10205,10206,10207
5,5019,'1025',14419,14420,14421,14422,14423,14424,14425,14426,14427,14428,14429,14430,14431,14432,14433,14434,14435,14436,14437,14438,14439,14440,14441
5,5019,'1026',14442,14443,14444,14445,14446,14447,14448,14449,14450,14451,14452,14453,14454,14455,14456,14457,14458,14459,14460,14461,14462,14463,14464,14465,14466,14467,14468,14469,14470,14471,14472
5,5019,'1027',14473,14474,14475,14476,14477,14478,14479,14480,14481,14482,14483,14484,14485,14486,14487,14488,14489,14490,14491,14492
5,5019,'994',10157,10165,10168,10171,10174,10177,10179,10182,10185
5,5019,'996',14493,14494,14495,14496,14497,14498,14499,14500,14501,14502,14503,14504,14505,14506,14507,14508,14509,14510,14511,14512
5,5029,'1021',10260,10261,10262,10263,10264,10265,10266,10268,10269,10271,10272,10274,10275,10277,10278,10280,10281,10282,10283,10285,10286,10288,10289
5,5029,'1024',10290,10291,10292,10293,10294,10295,10296,10297,10298,10299,10300,10301,10302,10303,10304,10305,10306,10307,10308,10309
5,5029,'1025',14513,14514,14515,14516,14517,14518,14519,14520,14521,14522,14523,14524,14525,14526,14527,14528,14529,14530,14531,14532,14533,14534,14535
5,5029,'1026',14536,14537,14538,14539,14540,14541,14542,14543,14544,14545,14546,14547,14548,14549,14550,14551,14552,14553,14554,14555,14556,14557,14558,14559,14560,14561,14562,14563,14564,14565
5,5029,'1027',14566,14567,14568,14569,14570,14571,14572,14573,14574,14575,14576,14577,14578,14579,14580,14581,14582,14583,14584,14585
5,5029,'994',10259,10267,10270,10273,10276,10279,10284,10287
5,5029,'996',14586,14587,14588,14589,14590,14591,14592,14593,14594,14595,14596,14597,14598,14599,14600,14601,14602,14603,14604,14605
6,6019,'1022',13183,13184,13185,13186,13187,13188,13189
6,6019,'1025',14606,14607,14608,14609,14610,14611,14612
7,7019,'1017',10392,10393,10394,10395,10396,10397,10398,10399,10400,10401,10402,10403,10404,10405,10406,10407,10408,10409,10410
7,7019,'994',10360,10361,10362,10363,10364,10365,10366,10367,10368,10369,10370,10371,10372,10373,10374,10375,10376,10377,10378,10379,10380,10381,10382,10383,10384,10385,10386,10387,10388,10389,10390,10391
7,7019,'995',10411,10412,10413,10414,10415,10416,10417,10418,10419,10420,10421,10422,10423,10424,10425,10426,10427,10428,10429,10430,10431,10432,10433,10434,10435,10436,10437,10438,10439,10440
7,7019,'996',10441,10442,10443,10444,10445,10446,10447,10448,10449,10450,10451,10452,10453,10454,10455,10456,10457,10458,10459
7,7029,'1017',10492,10493,10494,10495,10496,10497,10498,10499,10500,10501,10502,10503,10504,10505,10506,10507,10508,10509,10510
7,7029,'994',10460,10461,10462,10463,10464,10465,10466,10467,10468,10469,10470,10471,10472,10473,10474,10475,10476,10477,10478,10479,10480,10481,10482,10483,10484,10485,10486,10487,10488,10489,10490,10491
7,7029,'995',10511,10512,10513,10514,10515,10516,10517,10518,10519,10520,10521,10522,10523,10524,10525,10526,10527,10528,10529,10530,10531,10532,10533,10534,10535,10536,10537,10538,10539,10540
7,7029,'996',10541,10542,10543,10544,10545,10546,10547,10548,10549,10550,10551,10552,10553,10554,10555,10556,10557,10558,10559
8,8019,'1022',13190,13191,13192,13193,13194,13195,13196,13197,13198,13199,13200,13201,13202,13203,13204,13205,13206,13207,13208,13209,13210,13211,13212,13213,13214,13215,13216,13217,13218,13219,13220,13221,13222,13223,13224,13225,13226,13227,13228,13229,13230,13231,13232,13233,13234,13235,13236,13237,13238,13239,13240,13241,13242,13243,13244,13245,13246,13247,13248,13249,13250,13251
8,8019,'1024',13311,13312,13313,13314,13315,13316,13317,13318,13319,13320,13321,13322,13323,13324,13325,13326,13327,13328,13329,13330,13331,13332,13333,13334,13335,13336,13337,13338,13339,13340,13341,13342,13343,13344,13345,13346,13347,13348,13349,13350
8,8019,'1025',14613,14614,14615,14616,14617,14618,14619,14620,14621,14622,14623,14624,14625,14626,14627,14628,14629,14630,14631,14632,14633,14634,14635,14636,14637,14638,14639,14640,14641,14642,14643,14644,14645,14646,14647,14648,14649,14650,14651,14652,14653,14654,14655,14656,14657,14658,14659,14660,14661,14662,14663,14664,14665,14666,14667,14668,14669,14670,14671,14672,14673,14674
8,8019,'1026',14675,14676,14677,14678,14679,14680,14681,14682,14683,14684,14685,14686,14687,14688,14689,14690,14691,14692,14693,14694,14695,14696,14697,14698,14699,14700,14701,14702,14703,14704,14705,14706,14707,14708,14709,14710,14711,14712,14713,14714,14715,14716,14717,14718,14719,14720,14721,14722,14723,14724,14725,14726,14727,14728,14729,14730,14731,14732,14733
8,8019,'1027',14734,14735,14736,14737,14738,14739,14740,14741,14742,14743,14744,14745,14746,14747,14748,14749,14750,14751,14752,14753,14754,14755,14756,14757,14758,14759,14760,14761,14762,14763,14764,14765,14766,14767,14768,14769,14770,14771,14772,14773
8,8019,'996',14774,14775,14776,14777,14778,14779,14780,14781,14782,14783,14784,14785,14786,14787,14788,14789,14790,14791,14792,14793,14794,14795,14796,14797,14798,14799,14800,14801,14802,14803,14804,14805,14806,14807,14808,14809,14810,14811,14812,14813
9,9019,'1011',13391,13392,13393,13394,13395,13396,13397,13398,13399,13400,13401,13402,13403,13404,13405,13406,13407
9,9019,'1017',13435,13436,13437,13438,13439,13440,13441,13442,13443,13444,13445,13446,13447,13448,13449,13450,13451,13452,13453
9,9019,'994',10764,10767,10768,10770,10772,10773,10775,10777,10778,10780,10782,10785,10787,10788,10790
9,9019,'995',13408,13409,13410,13411,13412,13413,13414,13415,10820,13416,13417,13418,13419,10825,13420,13421,13422,13423,10830,13424,13425,13426,13427,10835,13428,13429,13430,13431,13432,13433,13434
9,9019,'996',13454,13455,13456,13457,13458,13459,13460,13461,13462,13463,13464,13465,13466,13467,13468,13469,13470,13471,13472
9,9029,'1011',13473,13474,13475,13476,13477,13478,13479,13480,13481,13482,13483,13484,13485,13486,13487,13488
9,9029,'1017',13517,13518,13519,13520,13521,13522,13523,13524,13525,13526,13527,13528,13529,13530,13531,13532,13533,13534,13535
9,9029,'994',10864,10866,10871,10872,10873,10875,10877,10878,10880,10882,10883,10885,10886,10888,10890,10891,10894
9,9029,'995',13489,13490,13491,13492,13493,13494,13495,10921,13496,13497,13498,10925,13499,13500,13501,13502,10930,13503,13504,13505,10934,13506,13507,13508,13509,13510,13511,13512,13513,13514,13515,13516
9,9029,'996',13536,13537,13538,13539,13540,13541,13542,13543,13544,13545,13546,13547,13548,13549,13550,13551,13552,13553,13554
10,10019,'1021',10965,10968,10969,10970,10973,10974,10975,10978,10979,10980,10981,10983,10984,10985,10986,10988,10989,10990,10993,10994,10996
10,10019,'1022',10966,13555,10971,13556,10976,13557,10982,13558,10991,13559,13560
10,10019,'1024',10997,10998,10999,11000,11001,11002,11003,11004,11005,11006,11007,11008,11009,11010,11011,11012,11013,11014,11015,11016
10,10019,'1025',14814,14815,14816,14817,14818,14819,14820,14821,14822,14823,14824,14825,14826,14827,14828,14829,14830,14831,14832,14833,14834,14835,14836,14837,14838,14839,14840,14841,14842,14843,14844,14845
10,10019,'1026',14846,14847,14848,14849,14850,14851,14852,14853,14854,14855,14856,14857,14858,14859,14860,14861,14862,14863,14864,14865,14866,14867,14868,14869,14870,14871,14872,14873,14874,14875
10,10019,'1027',14876,14877,14878,14879,14880,14881,14882,14883,14884,14885,14886,14887,14888,14889,14890,14891,14892,14893,14894,14895
10,10019,'996',14896,14897,14898,14899,14900,14901,14902,14903,14904,14905,14906,14907,14908,14909,14910,14911,14912,14913,14914,14915
10,10029,'1021',11067,11068,11071,11072,11073,11076,11077,11078,11081,11082,11083,11084,11085,11086,11087,11088,11091,11092,11093,11096,11098
10,10029,'1022',11069,13567,11074,13568,11079,13569,11089,13570,11094,13571,13572
10,10029,'1024',11099,11100,11101,11102,11103,11104,11105,11106,11107,11108,11109,11110,11111,11112,11113,11114,11115,11116,11117,11118
10,10029,'1025',14916,14917,14918,14919,14920,14921,14922,14923,14924,14925,14926,14927,14928,14929,14930,14931,14932,14933,14934,14935,14936,14937,14938,14939,14940,14941,14942,14943,14944,14945,14946,14947
10,10029,'1026',14948,14949,14950,14951,14952,14953,14954,14955,14956,14957,14958,14959,14960,14961,14962,14963,14964,14965,14966,14967,14968,14969,14970,14971,14972,14973,14974,14975,14976,14977
10,10029,'1027',14978,14979,14980,14981,14982,14983,14984,14985,14986,14987,14988,14989,14990,14991,14992,14993,14994,14995,14996,14997
10,10029,'996',14998,14999,15000,15001,15002,15003,15004,15005,15006,15007,15008,15009,15010,15011,15012,15013,15014,15015,15016,15017
11,11019,'994',11169,11170,11171,11172,11173,11174,11175,11176,11177,11178,11179,11180,11181,11182,11183,11184,11185,11186,11187,11188,11189,11190,11191,11192,11193,11194
11,11019,'995',11195,11196,11197,11198,11199,11200,11201,11202,11203,11204,11205,11206,11207,11208,11209,11210,11211,11212
11,11029,'994',11213,11214,11215,11216,11217,11218,11219,11220,11221,11222,11223,11224,11225,11226,11227,11228,11229,11230,11231,11232,11233,11234,11235,11236,11237,11238
11,11029,'995',11239,11240,11241,11242,11243,11244,11245,11246,11247,11248,11249,11250,11251,11252,11253,11254,11255,11256
12,12019,'994',7928,7929,7930,7931,7932,7933,7934,7935,7936,7937,7938,7939,7940,7941,7942,7943,7944,7945,7946,7947,7948,7949,7950,7951,7952,7953
12,12019,'995',7954,7955,7956,7957,7958,7959,7960,7961,7962,7963,7964,7965,7966,7967,7968,7969,7970,7971,7972,7973,7974,7975,7976,7977
13,13019,'1017',11263,11264,11265,11266,11267,11268,11269,11270,11271,11272,11273,11274,11275,11276,11277,11278,11279,11280,11281
13,13019,'994',11257,11258,11259,11260,11261,11262
13,13019,'995',11282,11283,11284,11285,11286,11287,11288,11289,11290,11291,11292,11293
13,13019,'996',11294,11295,11296,11297,11298,11299,11300,11301,11302,11303,11304,11305,11306,11307,11308,11309,11310,11311,11312
13,13029,'1017',11319,11320,11321,11322,11323,11324,11325,11326,11327,11328,11329,11330,11331,11332,11333,11334,11335,11336,11337
13,13029,'994',11313,11314,11315,11316,11317,11318
13,13029,'995',11338,11339,11340,11341,11342,11343,11344,11345,11346,11347,11348,11349
13,13029,'996',11350,11351,11352,11353,11354,11355,11356,11357,11358,11359,11360,11361,11362,11363,11364,11365,11366,11367,11368
14,14019,'1021',11369,11371,11372,11374,11376,11377,11379,11381,11382,11384,11391,11392,11393,11395,11397,11398,11400
14,14019,'1022',11370,13579,11375,13580,11380,13581,11385,13582,13583,13584,13585,13586,13587,11396,13588,13589
14,14019,'1024',13605,13606,13607,13608,13609,13610,13611,13612,13613,13614,13615,13616,13617,13618,13619,13620,13621,13622,13623,13624
14,14019,'1025',15018,15019,15020,15021,15022,15023,15024,15025,15026,15027,15028,15029,15030,15031,15032,15033,15034,15035,15036,15037,15038,15039,15040,15041,15042,15043,15044,15045,15046,15047,15048,15049,15050
14,14019,'1026',15051,15052,15053,15054,15055,15056,15057,15058,15059,15060,15061,15062,15063,15064,15065,15066,15067,15068,15069,15070,15071,15072,15073,15074,15075,15076,15077,15078,15079,15080,15081
14,14019,'1027',15082,15083,15084,15085,15086,15087,15088,15089,15090,15091,15092,15093,15094,15095,15096,15097,15098,15099,15100,15101
14,14019,'996',15102,15103,15104,15105,15106,15107,15108,15109,15110,15111,15112,15113,15114,15115,15116,15117,15118,15119,15120,15121
14,14029,'1021',11473,11475,11476,11478,11480,11481,11483,11485,11486,11488,11495,11496,11497,11499,11501,11502,11504
14,14029,'1022',11474,13645,11479,13646,11484,13647,11489,13648,13649,13650,13651,13652,13653,11500,13654,13655
14,14029,'1024',13671,13672,13673,13674,13675,13676,13677,13678,13679,13680,13681,13682,13683,13684,13685,13686,13687,13688,13689,13690
14,14029,'1025',15122,15123,15124,15125,15126,15127,15128,15129,15130,15131,15132,15133,15134,15135,15136,15137,15138,15139,15140,15141,15142,15143,15144,15145,15146,15147,15148,15149,15150,15151,15152,15153,15154
14,14029,'1026',15155,15156,15157,15158,15159,15160,15161,15162,15163,15164,15165,15166,15167,15168,15169,15170,15171,15172,15173,15174,15175,15176,15177,15178,15179,15180,15181,15182,15183,15184,15185
14,14029,'1027',15186,15187,15188,15189,15190,15191,15192,15193,15194,15195,15196,15197,15198,15199,15200,15201,15202,15203,15204,15205
14,14029,'996',15206,15207,15208,15209,15210,15211,15212,15213,15214,15215,15216,15217,15218,15219,15220,15221,15222,15223,15224,15225
15,15019,'1011',13711,13712,13713,13714,13715,13716,13717,13718,13719,13720,13721,13722,13723,13724,13725,13726
15,15019,'1017',13753,13754,13755,13756,13757,13758,13759,13760,13761,13762,13763,13764,13765,13766,13767,13768,13769,13770,13771,13772
15,15019,'994',11578,11580,11581,11583,11585,11586,11588,11590,11591,11593,11595,11596,11598,11600,11601
15,15019,'995',13727,13728,13729,13730,13731,13732,13733,13734,13735,11637,13736,13737,13738,13739,11642,13740,13741,13742,13743,11647,13744,13745,13746,13747,11652,13748,13749,13750,13751,13752
15,15019,'996',13773,13774,13775,13776,13777,13778,13779,13780,13781,13782,13783,13784,13785,13786,13787,13788,13789,13790,13791,13792
15,15029,'1011',13793,13794,13795,13796,13797,13798,13799,13800,13801,13802,13803,13804,13805,13806,13807,13808
15,15029,'1017',13835,13836,13837,13838,13839,13840,13841,13842,13843,13844,13845,13846,13847,13848,13849,13850,13851,13852,13853,13854
15,15029,'994',11678,11680,11682,11683,11685,11687,11688,11690,11692,11693,11695,11697,11698,11700,11702,11703
15,15029,'995',13809,13810,13811,13812,13813,13814,13815,13816,13817,11739,13818,13819,13820,13821,11744,13822,13823,13824,13825,11749,13826,13827,13828,13829,11754,13830,13831,13832,13833,13834
15,15029,'996',13855,13856,13857,13858,13859,13860,13861,13862,13863,13864,13865,13866,13867,13868,13869,13870,13871,13872,13873,13874
16,16019,'994',8501,8502,8503,8504,8505,8506,8507,8508,8509,8510,8511,8512,8513,8514,8515,8516,8517,8518,8519,8520,8521,8522,8523,8524,8525,8526
16,16019,'995',8527,8528,8529,8530,8531,8532,8533,8534,8535,8536,8537,8538,8539,8540,8541,8542,8543,8544,8545,8546,8547,8548,8549,8550
16,16029,'994',8551,8552,8553,8554,8555,8556,8557,8558,8559,8560,8561,8562,8563,8564,8565,8566,8567,8568,8569,8570,8571,8572,8573,8574,8575,8576
16,16029,'995',8577,8578,8579,8580,8581,8582,8583,8584,8585,8586,8587,8588,8589,8590,8591,8592,8593,8594,8595,8596,8597,8598,8599,8600
17,17019,'1011',13875,13876,13877,13878,13879,13880,13881,13882,13883,13884,13885
17,17019,'1017',11813,11814,11815,11816,11817,11818,11819,11820,11821,11822,11823,11824,11825,11826,11827,11828,11829,11830,11831,11832
17,17019,'1022',13886,13887,13888,13889
17,17019,'1025',15226,15227,15228,15229
17,17019,'1026',15230,15231,15232,15233,15234,15235,15236,15237,15238,15239,15240
17,17019,'994',11781,11782,11784,11786,11787,11789,11791,11792,11794,11796,11797,11799,11801,11802,11804,11807,11810,11812
17,17019,'995',11837,11838,13894,13895,11841,13896,13897,13898,13899,13900,13901,11848,13902,13903,13911,13912,11860,13913,13914,13915
17,17019,'996',11864,11865,11866,11867,11868,11869,11870,11871,11872,11873,11874,11875,11876,11877,11878,11879,11880,11881,11882,11883
17,17029,'1011',13916,13917,13918,13919,13920,13924,13925,13926,13927,13928,13929
17,17029,'1017',11917,11918,11919,11920,11921,11922,11923,11924,11925,11926,11927,11928,11929,11930,11931,11932,11933,11934,11935,11936
17,17029,'1022',13921,13922,13923,13930
17,17029,'1025',15241,15242,15243,15244
17,17029,'1026',15245,15246,15247,15248,15249,15250,15251,15252,15253,15254,15255
17,17029,'994',11885,11886,11887,11888,11889,11890,11892,11893,11896,11897,11900,11903,11905,11906,11907,11911,11912,11916
17,17029,'995',11942,11943,13936,13937,11946,13938,13939,13940,13941,13942,13943,11953,13944,13945,13952,13953,11964,13954,13955,13956
17,17029,'996',11968,11969,11970,11971,11972,11973,11974,11975,11976,11977,11978,11979,11980,11981,11982,11983,11984,11985,11986,11987
18,18019,'1017',12012,12013,12014,12015,12016,12017,12018,12019,12020,12021,12022,12023,12024,12025,12026,12027,12028,12029,12030,12031,12032
18,18019,'1022',13957,13958,13959,13960
18,18019,'1025',15256,15257,15258,15259
18,18019,'1026',15260,15261,15262,15263,15264,15265,15266,15267,15268,15269,15270,15271,15272,15273,15274,15275,15276,15277,15278,15279,15280,15281,15282,15283,15284
18,18019,'994',11988,11989,11990,11991,11992,11993,11994,11995,11996,11997,11998,11999,12000,12001,12002,12003,12004,12005,12007,12011
18,18019,'996',12058,12059,12060,12061,12062,12063,12064,12065,12066,12067,12068,12069,12070,12071,12072,12073,12074,12075,12076,12077,12078
18,18029,'1017',12103,12104,12105,12106,12107,12108,12109,12110,12111,12112,12113,12114,12115,12116,12117,12118,12119,12120,12121,12122,12123
18,18029,'1022',13986,13987,13988,13989
18,18029,'1025',15285,15286,15287,15288
18,18029,'1026',15289,15290,15291,15292,15293,15294,15295,15296,15297,15298,15299,15300,15301,15302,15303,15304,15305,15306,15307,15308,15309,15310,15311,15312,15313
18,18029,'994',12079,12080,12081,12082,12083,12084,12085,12086,12087,12088,12089,12090,12091,12092,12093,12094,12095,12096,12098,12102
18,18029,'996',12149,12150,12151,12152,12153,12154,12155,12156,12157,12158,12159,12160,12161,12162,12163,12164,12165,12166,12167,12168,12169
30003,30003019,'1021',12171,12172,12173,12176,12177,12178,12181,12182,12183,12186,12187,12188,12189,12190,12191,12192,12193,12194,12197,12198,12199,12201
30003,30003019,'1022',14015,12174,14016,12179,14017,12184,14018,12195,14019,12200
30003,30003019,'1024',12202,12203,12204,12205,12206,12207,12208,12209,12210,12211,12212,12213,12214,12215,12216,12217,12218,12219,12220,12221
30003,30003019,'1025',15314,15315,15316,15317,15318,15319,15320,15321,15322,15323,15324,15325,15326,15327,15328,15329,15330,15331,15332,15333,15334,15335,15336,15337,15338,15339,15340,15341,15342,15343,15344,15345
30003,30003019,'1026',15346,15347,15348,15349,15350,15351,15352,15353,15354,15355,15356,15357,15358,15359,15360,15361,15362,15363,15364,15365,15366,15367,15368,15369,15370,15371,15372,15373,15374,15375
30003,30003019,'1027',15376,15377,15378,15379,15380,15381,15382,15383,15384,15385,15386,15387,15388,15389,15390,15391,15392,15393,15394,15395
30003,30003019,'996',15396,15397,15398,15399,15400,15401,15402,15403,15404,15405,15406,15407,15408,15409,15410,15411,15412,15413,15414,15415
30003,30003029,'1021',12273,12274,12275,12278,12279,12280,12283,12284,12285,12288,12289,12290,12291,12292,12293,12294,12295,12296,12299,12300,12301,12303
30003,30003029,'1022',14025,12276,14026,12281,14027,12286,14028,12297,14029,12302
30003,30003029,'1024',12304,12305,12306,12307,12308,12309,12310,12311,12312,12313,12314,12315,12316,12317,12318,12319,12320,12321,12322,12323
30003,30003029,'1025',15416,15417,15418,15419,15420,15421,15422,15423,15424,15425,15426,15427,15428,15429,15430,15431,15432,15433,15434,15435,15436,15437,15438,15439,15440,15441,15442,15443,15444,15445,15446,15447
30003,30003029,'1026',15448,15449,15450,15451,15452,15453,15454,15455,15456,15457,15458,15459,15460,15461,15462,15463,15464,15465,15466,15467,15468,15469,15470,15471,15472,15473,15474,15475,15476,15477
30003,30003029,'1027',15478,15479,15480,15481,15482,15483,15484,15485,15486,15487,15488,15489,15490,15491,15492,15493,15494,15495,15496,15497
30003,30003029,'996',15498,15499,15500,15501,15502,15503,15504,15505,15506,15507,15508,15509,15510,15511,15512,15513,15514,15515,15516,15517
100003,100003019,'1021',12374,12375,12377,12379,12380,12382,12384,12385,12387,12389,12390,12391,12393,12394,12396,12399
100003,100003019,'1022',14035,12378,14036,12383,14037,12388,12392,14038,12397,14039
100003,100003019,'1025',15518,15519,15520,15521,15522,15523,15524,15525,15526,15527,15528,15529,15530,15531,15532,15533,15534,15535,15536,15537,15538,15539,15540,15541,15542,15543
100003,100003019,'1026',15544,15545,15546,15547,15548,15549,15550,15551,15552,15553,15554,15555,15556,15557,15558,15559,15560,15561,15562
100003,100003029,'1021',12419,12421,12423,12424,12426,12428,12429,12431,12433,12434,12435,12436,12438,12439,12441,12443
100003,100003029,'1022',14044,12422,14045,12427,14046,12432,12437,14047,12442,14048
100003,100003029,'1025',15563,15564,15565,15566,15567,15568,15569,15570,15571,15572,15573,15574,15575,15576,15577,15578,15579,15580,15581,15582,15583,15584,15585,15586,15587,15588
100003,100003029,'1026',15589,15590,15591,15592,15593,15594,15595,15596,15597,15598,15599,15600,15601,15602,15603,15604,15605,15606,15607
130003,130003019,'1021',12466,12468,12469,12471,12472,12473,12476,12478,12479,12481,12482,12483,12486,12488,12489,12491,12492,12493,12496,12498,12499,12500,12501,12502,12504,12506,12507,12508,12509,12510,12511,12514,12516,12517,12519,12520,12524,12525,12526
130003,130003019,'1022',12464,12465,14053,14054,12474,12475,14055,14056,12484,12485,14057,14058,12494,12495,14059,14060,12505,12512,12513,14061,14062,12521,12522,12523
130003,130003019,'1024',12527,12528,12529,12530,12531,12532,12533,12534,12535,12536,12537,12538,12539,12540,12541,12542,12543,12544,12545,12546,12547,12548,12549,12550,12551,12552,12553,12554,12555,12556,12557,12558,12559,12560,12561,12562
130003,130003019,'1025',15608,15609,15610,15611,15612,15613,15614,15615,15616,15617,15618,15619,15620,15621,15622,15623,15624,15625,15626,15627,15628,15629,15630,15631,15632,15633,15634,15635,15636,15637,15638,15639,15640,15641,15642,15643,15644,15645,15646,15647,15648,15649,15650,15651,15652,15653,15654,15655,15656,15657,15658,15659,15660,15661,15662,15663,15664,15665,15666,15667,15668,15669,15670
130003,130003019,'1026',15671,15672,15673,15674,15675,15676,15677,15678,15679,15680,15681,15682,15683,15684,15685,15686,15687,15688,15689,15690,15691,15692,15693,15694,15695,15696,15697,15698,15699,15700,15701,15702,15703,15704,15705,15706,15707,15708,15709,15710,15711,15712,15713,15714,15715,15716,15717,15718,15719,15720,15721,15722,15723,15724,15725,15726,15727,15728,15729,15730
130003,130003019,'1027',15731,15732,15733,15734,15735,15736,15737,15738,15739,15740,15741,15742,15743,15744,15745,15746,15747,15748,15749,15750,15751,15752,15753,15754,15755,15756,15757,15758,15759,15760,15761,15762,15763,15764,15765,15766
130003,130003019,'996',15767,15768,15769,15770,15771,15772,15773,15774,15775,15776,15777,15778,15779,15780,15781,15782,15783,15784,15785,15786,15787,15788,15789,15790,15791,15792,15793,15794,15795,15796,15797,15798,15799,15800,15801,15802
130003,130003029,'1021',12659,12661,12662,12663,12666,12668,12669,12671,12672,12673,12676,12678,12679,12681,12682,12683,12686,12688,12689,12690,12695,12696,12698,12700,12702,12704,12705,12707,12708,12709,12712,12714,12715,12716,12717,12718,12719,12720,12722
130003,130003029,'1022',14072,12664,12665,14073,14074,12674,12675,14075,14076,12684,12685,14077,12691,12692,12693,12694,14078,12699,12701,14079,14080,12710,12711,14081,12721
130003,130003029,'1024',12723,12724,12725,12726,12727,12728,12729,12730,12731,12732,12733,12734,12735,12736,12737,12738,12739,12740,12741,12742,12743,12744,12745,12746,12747,12748,12749,12750,12751,12752,12753,12754,12755,12756,12757
130003,130003029,'1025',15803,15804,15805,15806,15807,15808,15809,15810,15811,15812,15813,15814,15815,15816,15817,15818,15819,15820,15821,15822,15823,15824,15825,15826,15827,15828,15829,15830,15831,15832,15833,15834,15835,15836,15837,15838,15839,15840,15841,15842,15843,15844,15845,15846,15847,15848,15849,15850,15851,15852,15853,15854,15855,15856,15857,15858,15859,15860,15861,15862,15863,15864,15865,15866
130003,130003029,'1026',15867,15868,15869,15870,15871,15872,15873,15874,15875,15876,15877,15878,15879,15880,15881,15882,15883,15884,15885,15886,15887,15888,15889,15890,15891,15892,15893,15894,15895,15896,15897,15898,15899,15900,15901,15902,15903,15904,15905,15906,15907,15908,15909,15910,15911,15912,15913,15914,15915,15916,15917,15918,15919,15920,15921,15922,15923,15924,15925,15926,15927
130003,130003029,'1027',15928,15929,15930,15931,15932,15933,15934,15935,15936,15937,15938,15939,15940,15941,15942,15943,15944,15945,15946,15947,15948,15949,15950,15951,15952,15953,15954,15955,15956,15957,15958,15959,15960,15961,15962
130003,130003029,'996',15963,15964,15965,15966,15967,15968,15969,15970,15971,15972,15973,15974,15975,15976,15977,15978,15979,15980,15981,15982,15983,15984,15985,15986,15987,15988,15989,15990,15991,15992,15993,15994,15995,15996,15997
