2019,'1002',622,,6693,4,,,0,25,,6694,4,,,0,70,,6695,4,,,0,30,,6696,4,,,0,70,,6697,4,,,0,30,,6698,4,,,0,70,,6699,4,,,0,30,,6692,4,,,0,70,,6670,4,,,0,30,,6671,4,,,0,70,,6672,4,,,0,30,,6673,4,,,0,70,,6674,4,,,0,30,,6675,4,,,0,70,,6676,4,,,0,30,,6677,4,,,0,70,,6678,4,,,0,30,,6679,4,,,0,70,,6680,4,,,0,30,,6681,4,,,0,70,,6682,4,,,0,30,,6683,4,,,0,70,,6684,4,,,0,30,,6645,4,,,0,70,,6646,4,,,0,85,,6647,4,,,0,45,,6648,4,,,0,85,,6649,4,,,0,85,,6650,4,,,0,85,,6651,4,,,0,45,,6700,4,,,0,85,,6702,4,0,5,0
2019,'1003',622,,9996,4,,,0,25,,9997,4,,,0,70,,9998,4,,,0,30,,9999,4,,,0,70,,10000,4,,,0,30,,10001,4,,,0,70,,10002,4,,,0,30,,9995,4,,,0,70,,9973,4,,,0,30,,9974,4,,,0,70,,9975,4,,,0,30,,9976,4,,,0,70,,9977,4,,,0,30,,9978,4,,,0,70,,9979,4,,,0,30,,9980,4,,,0,70,,9981,4,,,0,30,,9982,4,,,0,70,,9983,4,,,0,30,,9984,4,,,0,70,,9985,4,,,0,30,,9986,4,,,0,70,,9987,4,,,0,30,,9948,4,,,0,70,,9949,4,,,0,85,,9950,4,,,0,45,,9951,4,,,0,85,,9952,4,,,0,85,,9953,4,,,0,85,,9954,4,,,0,45,,10003,4,,,0,85,,10005,4,0,5,0
2019,'1004',831,,10013,4,,,0,80,,10014,4,,,0,40,,10015,4,,,0,80,,10016,4,,,0,85,,10017,4,,,0,85,,10018,4,,,0,45,,10019,4,,,0,85,,10020,4,,,0,85,,10021,4,,,0,85,,10022,4,,,0,45,,10023,4,,,0,85,,10024,4,,,0,85,,10025,4,,,0,85,,10026,4,,,0,45,,10027,4,,,0,85,,10028,4,,,0,85,,10029,4,,,0,85,,10030,4,,,0,45,,10031,4,,,0,85,,10052,4,,,0
2019,'995',601,,10082,4,,,0,40,,10083,4,,,0,80,,10084,4,,,0,80,,10085,4,,,0,40,,10086,4,,,0,80,,10087,4,,,0,25,,10113,4,,,0,70,,10088,4,,,0,30,,10089,4,,,0,70,,10090,4,,,0,30,,10091,4,,,0,70,,10092,4,,,0,30,,10093,4,,,0,70,,10094,4,,,0,30,,10095,4,,,0,70,,10096,4,,,0,30,,10097,4,,,0,70,,10098,4,,,0,30,,10099,4,,,0,70,,10100,4,,,0,30,,10101,4,,,0,70,,10102,4,,,0,30,,10103,4,,,0,70,,10114,4,,,0,85,,10104,4,,,0,45,,10105,4,,,0,85,,10106,4,,,0,85,,10107,4,,,0,85,,10108,4,,,0,45,,10109,4,,,0,85,,10110,4,0,5,0
2019,'996',831,,10116,4,,,0,80,,10117,4,,,0,40,,10118,4,,,0,80,,10119,4,,,0,85,,10120,4,,,0,85,,10121,4,,,0,45,,10122,4,,,0,85,,10123,4,,,0,85,,10124,4,,,0,85,,10125,4,,,0,45,,10126,4,,,0,85,,10127,4,,,0,85,,10128,4,,,0,85,,10129,4,,,0,45,,10130,4,,,0,85,,10131,4,,,0,85,,10132,4,,,0,85,,10133,4,,,0,45,,10134,4,,,0,85,,10155,4,,,0
11029,'1002',601,,7901,4,,,0,30,,7902,4,,,0,70,,7903,4,,,0,30,,7904,4,,,0,70,,7905,4,,,0,30,,7906,4,,,0,70,,7907,4,,,0,30,,7900,4,,,0,70,,7884,4,,,0,30,,7885,4,,,0,70,,7886,4,,,0,30,,7887,4,,,0,70,,7888,4,,,0,30,,7889,4,,,0,70,,7890,4,,,0,30,,7891,4,,,0,70,,7892,4,,,0,30,,7893,4,,,0,70,,7894,4,,,0,30,,7895,4,,,0,70,,7896,4,,,0,30,,7897,4,,,0,70,,7898,4,,,0,30,,7899,4,,,0,70,,7909,4,,,0,30,,7908,4,,,0
11029,'1003',601,,11230,4,,,0,30,,11231,4,,,0,70,,11232,4,,,0,30,,11233,4,,,0,70,,11234,4,,,0,30,,11235,4,,,0,70,,11236,4,,,0,30,,11229,4,,,0,70,,11213,4,,,0,30,,11214,4,,,0,70,,11215,4,,,0,30,,11216,4,,,0,70,,11217,4,,,0,30,,11218,4,,,0,70,,11219,4,,,0,30,,11220,4,,,0,70,,11221,4,,,0,30,,11222,4,,,0,70,,11223,4,,,0,30,,11224,4,,,0,70,,11225,4,,,0,30,,11226,4,,,0,70,,11227,4,,,0,30,,11228,4,,,0,70,,11238,4,,,0,30,,11237,4,,,0
11029,'995',1001,,11239,4,,,0,30,,11240,4,,,0,70,,11241,4,,,0,30,,11242,4,,,0,70,,11243,4,,,0,30,,11244,4,,,0,70,,11245,4,,,0,30,,11246,4,,,0,70,,11247,4,,,0,30,,11248,4,,,0,70,,11249,4,,,0,30,,11250,4,,,0,70,,11251,4,,,0,30,,11252,4,,,0,70,,11253,4,,,0,30,,11254,4,,,0,70,,11255,4,,,0,30,,11256,4,,,0
13019,'1002',1901,,8002,4,,,0,45,,7997,4,,,0,85,,7998,4,,,0,85,,8000,4,,,0,85,,7999,4,,,0,45,,8001,4,,,0
13019,'1003',1902,,11262,4,,,0,45,,11257,4,,,0,85,,11258,4,,,0,85,,11260,4,,,0,84,,11259,4,,,0,45,,11261,4,,,0
13019,'1004',831,,11263,4,,,0,80,,11264,4,,,0,40,,11265,4,,,0,80,,11266,4,,,0,85,,11267,4,,,0,85,,11268,4,,,0,45,,11269,4,,,0,85,,11270,4,,,0,85,,11271,4,,,0,85,,11272,4,,,0,45,,11273,4,,,0,85,,11274,4,,,0,85,,11275,4,,,0,85,,11276,4,,,0,45,,11277,4,,,0,85,,11278,4,,,0,85,,11279,4,,,0,85,,11280,4,,,0,45,,11281,4,,,0
13019,'995',601,,11282,4,,,0,40,,11283,4,,,0,80,,11284,4,,,0,80,,11285,4,,,0,40,,11286,4,,,0,80,,11287,4,,,0,981,,11288,4,,,0,45,,11289,4,,,0,85,,11290,4,,,0,85,,11291,4,,,0,85,,11292,4,,,0,45,,11293,4,,,0
13019,'996',831,,11294,4,,,0,80,,11295,4,,,0,40,,11296,4,,,0,80,,11297,4,,,0,85,,11298,4,,,0,85,,11299,4,,,0,45,,11300,4,,,0,85,,11301,4,,,0,85,,11302,4,,,0,85,,11303,4,,,0,45,,11304,4,,,0,85,,11305,4,,,0,85,,11306,4,,,0,85,,11307,4,,,0,45,,11308,4,,,0,85,,11309,4,,,0,85,,11310,4,,,0,85,,11311,4,,,0,45,,11312,4,,,0
