2019,'1021',734,,9989,15,,,0,70,,9990,15,,,0,99,,9992,15,,,0,31,,9993,15,,,0,100,,9957,15,,,0,70,,9958,15,,,0,100,,9960,15,,,0,30,,9961,15,,,0,100,,9963,15,,,0,70,,9964,15,,,0,100,,9966,15,,,0,30,,9967,15,,,0,100,,9969,15,,,0,70,,9970,15,,,0,100,,9972,15,,,0,30,,9955,15,,,0,100,,10009,15,,,0,85,,10010,15,,,0,85,,10011,15,,,0,45,,10007,15,,,0,85,,10008,15,,,0,85,,10012,15,,,0,84,,10004,15,,,0,16,,10006,15,,,0
2019,'1024',900,,10040,15,,,0,40,,10050,15,,,0,80,,10041,15,,,0,82,,10032,15,,,0,40,,10042,15,,,0,90,,10033,15,,,0,85,,10043,15,,,0,85,,10034,15,,,0,45,,10044,15,,,0,85,,10035,15,,,0,85,,10045,15,,,0,85,,10039,15,,,0,45,,10036,15,,,0,85,,10049,15,,,0,85,,10046,15,,,0,85,,10047,15,,,0,45,,10048,15,,,0,85,,10037,15,,,0,85,,10038,15,,,0,85,,10051,15,,,0
2019,'1025',734,,14249,15,,,0,70,,14250,15,,,0,99,,14251,15,,,0,31,,14252,15,,,0,100,,14228,15,,,0,70,,14229,15,,,0,100,,14230,15,,,0,30,,14231,15,,,0,100,,14232,15,,,0,70,,14233,15,,,0,100,,14234,15,,,0,30,,14235,15,,,0,100,,14236,15,,,0,70,,14237,15,,,0,100,,14238,15,,,0,30,,14227,15,,,0,100,,14265,15,,,0,85,,14266,15,,,0,85,,14267,15,,,0,45,,14263,15,,,0,85,,14264,15,,,0,85,,14268,15,,,0,84,,14260,15,,,0,16,,14262,15,,,0
2019,'1026',626,,14269,15,,,0,80,,14270,15,,,0,40,,14271,15,,,0,80,,14272,15,,,0,80,,14273,15,,,0,41,,14274,15,,,0,85,,14275,15,,,0,70,,14276,15,,,0,30,,14277,15,,,0,70,,14278,15,,,0,30,,14279,15,,,0,70,,14280,15,,,0,30,,14281,15,,,0,70,,14282,15,,,0,30,,14283,15,,,0,70,,14284,15,,,0,30,,14285,15,,,0,70,,14286,15,,,0,30,,14287,15,,,0,70,,14288,15,,,0,30,,14289,15,,,0,70,,14290,15,,,0,30,,14291,15,,,0,70,,14292,15,,,0,30,,14293,15,,,0,84,,14294,15,,,0,84,,14295,15,,,0,45,,14296,15,,,0,85,,14297,15,,,0,85,,14328,15,,,0,85,,14327,15,,,0,15,,14331,15,,,0
2019,'1027',900,,14359,15,,,0,40,,14369,15,,,0,80,,14360,15,,,0,82,,14351,15,,,0,40,,14361,15,,,0,90,,14352,15,,,0,85,,14362,15,,,0,85,,14353,15,,,0,45,,14363,15,,,0,85,,14354,15,,,0,85,,14364,15,,,0,85,,14358,15,,,0,45,,14355,15,,,0,85,,14368,15,,,0,85,,14365,15,,,0,85,,14366,15,,,0,45,,14367,15,,,0,85,,14356,15,,,0,85,,14357,15,,,0,85,,14370,15,,,0
2019,'994',701,,9988,15,,,0,133,,9991,15,,,0,170,,9994,15,,,0,130,,9959,15,,,0,170,,9962,15,,,0,130,,9965,15,,,0,170,,9968,15,,,0,130,,9971,15,,,0,170,,9956,15,,,0
2019,'996',900,,14399,15,,,0,40,,14409,15,,,0,80,,14400,15,,,0,82,,14391,15,,,0,40,,14401,15,,,0,90,,14392,15,,,0,85,,14402,15,,,0,85,,14393,15,,,0,45,,14403,15,,,0,85,,14394,15,,,0,85,,14404,15,,,0,85,,14398,15,,,0,45,,14395,15,,,0,85,,14408,15,,,0,85,,14405,15,,,0,85,,14406,15,,,0,45,,14407,15,,,0,85,,14396,15,,,0,85,,14397,15,,,0,85,,14410,15,,,0
11019,'994',621,,11185,10,,,0,30,,11186,10,,,0,70,,11187,10,,,0,30,,11188,10,,,0,70,,11189,10,,,0,30,,11190,10,,,0,70,,11191,10,,,0,30,,11192,10,,,0,70,,11169,10,,,0,30,,11170,10,,,0,70,,11171,10,,,0,30,,11172,10,,,0,70,,11173,10,,,0,30,,11174,10,,,0,70,,11175,10,,,0,30,,11176,10,,,0,70,,11177,10,,,0,30,,11178,10,,,0,70,,11179,10,,,0,30,,11180,10,,,0,70,,11181,10,,,0,30,,11182,10,,,0,70,,11183,10,,,0,30,,11184,10,,,0,70,,11194,10,,,0,30,,11193,10,,,0
11019,'995',1021,,11195,10,,,0,30,,11196,10,,,0,70,,11197,10,,,0,30,,11198,10,,,0,70,,11199,10,,,0,30,,11200,10,,,0,70,,11201,10,,,0,30,,11202,10,,,0,70,,11203,10,,,0,30,,11204,10,,,0,70,,11205,10,,,0,30,,11206,10,,,0,70,,11207,10,,,0,30,,11208,10,,,0,70,,11209,10,,,0,30,,11210,10,,,0,70,,11211,10,,,0,30,,11212,10,,,0
13029,'1017',901,,11319,14,,,0,40,,11320,14,,,0,80,,11321,14,,,0,80,,11322,14,,,0,46,,11323,14,,,0,85,,11324,14,,,0,85,,11325,14,,,0,85,,11326,14,,,0,45,,11327,14,,,0,85,,11328,14,,,0,85,,11329,14,,,0,85,,11330,14,,,0,45,,11331,14,,,0,85,,11332,14,,,0,85,,11333,14,,,0,84,,11334,14,,,0,44,,11335,14,,,0,85,,11336,14,,,0,85,,11337,14,,,0
13029,'994',1933,,11318,14,,,0,85,,11313,14,,,0,85,,11314,14,,,0,44,,11316,14,,,0,83,,11315,14,,,0,85,,11317,14,,,0
13029,'995',629,,11338,14,,,0,80,,11339,14,,,0,40,,11340,14,,,0,80,,11341,14,,,0,81,,11342,14,,,0,40,,11343,14,,,0,982,,11344,14,,,0,85,,11345,14,,,0,85,,11346,14,,,0,45,,11347,14,,,0,85,,11348,14,,,0,85,,11349,14,,,0
13029,'996',901,,11350,14,,,0,40,,11351,14,,,0,80,,11352,14,,,0,80,,11353,14,,,0,46,,11354,14,,,0,85,,11355,14,,,0,85,,11356,14,,,0,85,,11357,14,,,0,45,,11358,14,,,0,85,,11359,14,,,0,85,,11360,14,,,0,85,,11361,14,,,0,45,,11362,14,,,0,85,,11363,14,,,0,85,,11364,14,,,0,84,,11365,14,,,0,44,,11366,14,,,0,85,,11367,14,,,0,85,,11368,14,,,0
