5029,'1021',649,,10282,9,,,0,70,,10283,9,,,0,99,,10285,9,,,0,31,,10286,9,,,0,100,,10288,9,,,0,70,,10266,9,,,0,100,,10268,9,,,0,30,,10269,9,,,0,100,,10271,9,,,0,70,,10272,9,,,0,100,,10274,9,,,0,30,,10275,9,,,0,100,,10277,9,,,0,70,,10278,9,,,0,100,,10280,9,,,0,30,,10281,9,,,0,100,,10260,9,,,0,84,,10261,9,,,0,84,,10262,9,,,0,86,,10263,9,,,0,45,,10264,9,,,0,85,,10265,9,,,0,85,,10289,9,,,0
5029,'1024',859,,10290,9,,,0,80,,10291,9,,,0,80,,10292,9,,,0,85,,10293,9,,,0,45,,10294,9,,,0,85,,10295,9,,,0,85,,10296,9,,,0,85,,10297,9,,,0,45,,10298,9,,,0,85,,10299,9,,,0,85,,10300,9,,,0,85,,10301,9,,,0,45,,10302,9,,,0,85,,10303,9,,,0,85,,10304,9,,,0,85,,10305,9,,,0,45,,10306,9,,,0,85,,10307,9,,,0,85,,10308,9,,,0,85,,10309,9,,,0
5029,'1025',649,,14530,9,,,0,70,,14531,9,,,0,99,,14532,9,,,0,31,,14533,9,,,0,100,,14534,9,,,0,70,,14519,9,,,0,100,,14520,9,,,0,30,,14521,9,,,0,100,,14522,9,,,0,70,,14523,9,,,0,100,,14524,9,,,0,30,,14525,9,,,0,100,,14526,9,,,0,70,,14527,9,,,0,100,,14528,9,,,0,30,,14529,9,,,0,100,,14513,9,,,0,84,,14514,9,,,0,84,,14515,9,,,0,86,,14516,9,,,0,45,,14517,9,,,0,85,,14518,9,,,0,85,,14535,9,,,0
5029,'1026',629,,14536,9,,,0,80,,14537,9,,,0,40,,14538,9,,,0,80,,14539,9,,,0,80,,14540,9,,,0,40,,14541,9,,,0,70,,14542,9,,,0,30,,14543,9,,,0,70,,14544,9,,,0,30,,14545,9,,,0,70,,14546,9,,,0,30,,14547,9,,,0,70,,14548,9,,,0,30,,14549,9,,,0,70,,14550,9,,,0,30,,14551,9,,,0,70,,14552,9,,,0,30,,14553,9,,,0,70,,14554,9,,,0,30,,14555,9,,,0,70,,14556,9,,,0,30,,14557,9,,,0,70,,14558,9,,,0,30,,14559,9,,,0,84,,14560,9,,,0,84,,14561,9,,,0,86,,14562,9,,,0,45,,14563,9,,,0,85,,14565,9,,,0,85,,14564,9,,,0
5029,'1027',859,,14566,9,,,0,80,,14567,9,,,0,80,,14568,9,,,0,85,,14569,9,,,0,45,,14570,9,,,0,85,,14571,9,,,0,85,,14572,9,,,0,85,,14573,9,,,0,45,,14574,9,,,0,85,,14575,9,,,0,85,,14576,9,,,0,85,,14577,9,,,0,45,,14578,9,,,0,85,,14579,9,,,0,85,,14580,9,,,0,85,,14581,9,,,0,45,,14582,9,,,0,85,,14583,9,,,0,85,,14584,9,,,0,85,,14585,9,,,0
5029,'994',749,,10284,9,,,0,170,,10287,9,,,0,130,,10267,9,,,0,170,,10270,9,,,0,130,,10273,9,,,0,170,,10276,9,,,0,130,,10279,9,,,0,170,,10259,9,,,0
5029,'996',859,,14586,9,,,0,80,,14587,9,,,0,80,,14588,9,,,0,85,,14589,9,,,0,45,,14590,9,,,0,85,,14591,9,,,0,85,,14592,9,,,0,85,,14593,9,,,0,45,,14594,9,,,0,85,,14595,9,,,0,85,,14596,9,,,0,85,,14597,9,,,0,45,,14598,9,,,0,85,,14599,9,,,0,85,,14600,9,,,0,85,,14601,9,,,0,45,,14602,9,,,0,85,,14603,9,,,0,85,,14604,9,,,0,85,,14605,9,,,0
10029,'1021',716,,11091,14,,,0,30,,11092,14,,,0,70,,11093,14,,,0,130,,11096,14,,,0,70,,11067,14,,,0,30,,11068,14,,,0,170,,11071,14,,,0,30,,11072,14,,,0,70,,11073,14,,,0,130,,11076,14,,,0,70,,11077,14,,,0,30,,11078,14,,,0,170,,11081,14,,,0,30,,11082,14,,,0,69,,11083,14,,,0,135,,11087,14,,,0,85,,11088,14,,,0,85,,11086,14,,,0,85,,11084,14,,,0,45,,11085,14,0,9,0,83,,11098,14,0,7 8,0
10029,'1022',648,,13570,14,,,0,198,,11094,14,,,0,70,,13571,14,,,0,200,,11069,14,,,0,30,,13567,14,,,0,200,,11074,14,,,0,70,,13568,14,,,0,200,,11079,14,,,0,30,,13569,14,,,0,197,,11089,14,,,0,70,,13572,14,,,0
10029,'1024',836,,11099,14,,,0,80,,11100,14,,,0,40,,11101,14,,,0,80,,11102,14,,,0,83,,11103,14,,,0,90,,11104,14,,,0,44,,11105,14,,,0,85,,11106,14,,,0,85,,11107,14,,,0,85,,11108,14,,,0,45,,11109,14,,,0,85,,11110,14,,,0,85,,11111,14,,,0,85,,11112,14,,,0,45,,11113,14,,,0,85,,11114,14,,,0,85,,11115,14,,,0,85,,11116,14,,,0,45,,11117,14,,,0,85,,11118,14,0,7 8,0
10029,'1025',648,,14939,14,,,0,68,,14940,14,,,0,30,,14941,14,,,0,70,,14942,14,,,0,30,,14943,14,,,0,70,,14944,14,,,0,30,,14945,14,,,0,70,,14916,14,,,0,30,,14917,14,,,0,70,,14918,14,,,0,30,,14919,14,,,0,70,,14920,14,,,0,30,,14921,14,,,0,70,,14922,14,,,0,30,,14923,14,,,0,70,,14924,14,,,0,30,,14925,14,,,0,70,,14926,14,,,0,30,,14927,14,,,0,70,,14928,14,,,0,30,,14929,14,,,0,70,,14930,14,,,0,30,,14931,14,,,0,69,,14932,14,,,0,28,,14938,14,,,0,70,,14946,14,,,0,37,,14936,14,,,0,85,,14937,14,,,0,85,,14935,14,,,0,85,,14933,14,,,0,45,,14934,14,0,9,0,83,,14947,14,0,7 8,0
10029,'1026',648,,14948,14,,,0,80,,14949,14,,,0,80,,14950,14,,,0,40,,14951,14,,,0,80,,14952,14,,,0,82,,14953,14,,,0,33,,14954,14,,,0,70,,14955,14,,,0,30,,14956,14,,,0,70,,14957,14,,,0,30,,14958,14,,,0,70,,14959,14,,,0,30,,14960,14,,,0,71,,14961,14,,,0,31,,14962,14,,,0,70,,14963,14,,,0,30,,14964,14,,,0,70,,14965,14,,,0,30,,14966,14,,,0,70,,14967,14,,,0,30,,14968,14,,,0,69,,14969,14,,,0,30,,14970,14,,,0,70,,14971,14,,,0,37,,14972,14,,,0,85,,14973,14,,,0,85,,14974,14,,,0,85,,14975,14,,,0,45,,14976,14,0,9,0,85,,14977,14,0,7 8,0
10029,'1027',836,,14978,14,,,0,80,,14979,14,,,0,40,,14980,14,,,0,80,,14981,14,,,0,83,,14982,14,,,0,90,,14983,14,,,0,44,,14984,14,,,0,85,,14985,14,,,0,85,,14986,14,,,0,85,,14987,14,,,0,45,,14988,14,,,0,85,,14989,14,,,0,85,,14990,14,,,0,85,,14991,14,,,0,45,,14992,14,,,0,85,,14993,14,,,0,85,,14994,14,,,0,85,,14995,14,,,0,45,,14996,14,,,0,85,,14997,14,0,7 8,0
10029,'996',836,,14998,14,,,0,80,,14999,14,,,0,40,,15000,14,,,0,80,,15001,14,,,0,83,,15002,14,,,0,90,,15003,14,,,0,44,,15004,14,,,0,85,,15005,14,,,0,85,,15006,14,,,0,85,,15007,14,,,0,45,,15008,14,,,0,85,,15009,14,,,0,85,,15010,14,,,0,85,,15011,14,,,0,45,,15012,14,,,0,85,,15013,14,,,0,85,,15014,14,,,0,85,,15015,14,,,0,45,,15016,14,,,0,85,,15017,14,0,7 8,0
