1019,'1004',759,,9709,17,,,0,80,,9710,17,,,0,20,,9730,17,,,0,60,,9711,17,,,0,20,,9712,17,,,0,20,,9732,17,,,0,60,,9713,17,,,0,20,,9734,17,,,0,64,,9714,17,,,0,22,,9736,17,,,0,23,,9715,17,,,0,62,,9731,17,,,0,23,,9716,17,,,0,22,,9733,17,,,0,63,,9717,17,,,0,22,,9735,17,,,0,63,,9718,17,,,0,22,,9737,17,,,0,23,,9719,17,,,0,62,,9738,17,,,0,23,,9720,17,,,0,22,,9739,17,,,0,63,,9721,17,,,0,22,,9740,17,,,0,63,,9722,17,,,0,22,,9741,17,,,0,23,,9742,17,,,0,62,,9723,17,,,0,22,,9743,17,,,0,22,,9724,17,,,0,85,,9726,17,,,0,85,,9725,17,,,0,85,,9727,17,,,0,45,,9729,17,,,0,85,,9728,17,,,0,83,,9744,17,,,0
1019,'1010',611,,9675,17,,,0,30,,9676,17,,,0,70,,9677,17,,,0,30,,9678,17,,,0,70,,9679,17,,,0,30,,9680,17,,,0,70,,9681,17,,,0,30,,9682,17,,,0,70,,9683,17,,,0,30,,9684,17,,,0,70,,9685,17,,,0,30,,9686,17,,,0,70,,9687,17,,,0,30,,9688,17,,,0,70,,9689,17,,,0,30,,9690,17,,,0,70,,9691,17,,,0,30,,9692,17,,,0,70,,9693,17,,,0,30,,9694,17,,,0,70,,9695,17,,,0,30,,9696,17,,,0,70,,9697,17,,,0,30,,9698,17,,,0,70,,9699,17,,,0,30,,9701,17,,,0,68,,9708,17,,,0,45,,9703,17,,,0,85,,9702,17,,,0,170,,9705,17,,,0,45,,9706,17,,,0,162,,9707,17,,,0
1019,'1015',611,,12923,17,,,0,30,,12924,17,,,0,70,,12925,17,,,0,30,,12926,17,,,0,70,,12927,17,,,0,30,,12928,17,,,0,70,,12929,17,,,0,30,,12930,17,,,0,70,,12931,17,,,0,30,,12932,17,,,0,70,,12933,17,,,0,30,,12934,17,,,0,70,,12935,17,,,0,30,,12936,17,,,0,70,,12937,17,,,0,30,,12938,17,,,0,70,,12939,17,,,0,30,,12940,17,,,0,70,,12941,17,,,0,30,,12942,17,,,0,70,,12943,17,,,0,30,,12944,17,,,0,70,,12945,17,,,0,30,,12946,17,,,0,70,,12947,17,,,0,30,,12948,17,,,0,68,,12954,17,,,0,45,,12950,17,,,0,85,,12949,17,,,0,170,,12951,17,,,0,45,,12952,17,,,0,162,,12953,17,,,0
1019,'1016',609,,12955,17,,,0,40,,12956,17,,,0,80,,12957,17,,,0,80,,12958,17,,,0,40,,12959,17,,,0,80,,12960,17,,,0,20,,12987,17,,,0,60,,12985,17,,,0,32,,12965,17,,,0,70,,12964,17,,,0,30,,12967,17,,,0,70,,12966,17,,,0,30,,12969,17,,,0,70,,12968,17,,,0,30,,12971,17,,,0,70,,12970,17,,,0,30,,12973,17,,,0,70,,12972,17,,,0,30,,12975,17,,,0,70,,12974,17,,,0,30,,12977,17,,,0,70,,12976,17,,,0,30,,12963,17,,,0,70,,12978,17,,,0,30,,12986,17,,,0,68,,12980,17,,,0,45,,12979,17,,,0,85,,12981,17,,,0,85,,12983,17,,,0,85,,12982,17,,,0,43,,12961,17,,,0,85,,12984,17,,,0,80,,12962,17,,,0
1019,'994',2124,,9704,17,,,0,215,,9700,17,,,0
1019,'996',759,,9778,17,,,0,80,,9779,17,,,0,20,,9799,17,,,0,60,,9780,17,,,0,20,,9781,17,,,0,20,,9801,17,,,0,60,,9782,17,,,0,20,,9803,17,,,0,64,,9783,17,,,0,22,,9805,17,,,0,23,,9784,17,,,0,62,,9800,17,,,0,23,,9785,17,,,0,22,,9802,17,,,0,63,,9786,17,,,0,22,,9804,17,,,0,63,,9787,17,,,0,22,,9806,17,,,0,23,,9788,17,,,0,62,,9807,17,,,0,23,,9789,17,,,0,22,,9808,17,,,0,63,,9790,17,,,0,22,,9809,17,,,0,63,,9791,17,,,0,22,,9810,17,,,0,23,,9811,17,,,0,62,,9792,17,,,0,22,,9812,17,,,0,22,,9793,17,,,0,85,,9795,17,,,0,85,,9794,17,,,0,85,,9796,17,,,0,45,,9798,17,,,0,85,,9797,17,,,0,83,,9813,17,,,0
8019,'1010',651,,10604,50,0,6,0,76,,10605,50,0,6,0,25,,10606,50,0,6,0,70,,10607,50,0,6,0,30,,10608,50,0,6,0,70,,10609,50,0,6,0,30,,10610,50,0,6,0,70,,10611,50,0,6,0,30,,10560,50,0,6,0,70,,10561,50,0,6,0,30,,10562,50,0,6,0,70,,10563,50,0,6,0,34,,10564,50,0,6,0,70,,10565,50,0,6,0,30,,10566,50,0,6,0,70,,10567,50,0,6,0,30,,10568,50,0,6,0,70,,10569,50,0,6,0,30,,10570,50,0,6,0,70,,10571,50,0,6,0,30,,10572,50,0,6,0,70,,10573,50,0,6,0,30,,10574,50,0,6,0,70,,10575,50,0,6,0,27,,10598,50,0,6,0,70,,10593,50,0,6,0
8019,'1014',1008,,10639,50,0,6,0,40,,10623,50,0,6,0,83,,10624,50,0,6,0,86,,10641,50,0,6,0,85,,10625,50,0,6,0,45,,10642,50,0,6,0,85,,10626,50,0,6,0,85,,10643,50,0,6,0,85,,10627,50,0,6,0,45,,10644,50,0,6,0,83,,10628,50,0,6,0
8019,'1015',652,,13234,50,0,6,0,75,,13235,50,0,6,0,25,,13236,50,0,6,0,70,,13237,50,0,6,0,30,,13238,50,0,6,0,70,,13239,50,0,6,0,30,,13240,50,0,6,0,70,,13241,50,0,6,0,30,,13190,50,0,6,0,70,,13191,50,0,6,0,30,,13192,50,0,6,0,70,,13193,50,0,6,0,34,,13194,50,0,6,0,70,,13195,50,0,6,0,30,,13196,50,0,6,0,70,,13197,50,0,6,0,30,,13198,50,0,6,0,70,,13199,50,0,6,0,30,,13200,50,0,6,0,70,,13201,50,0,6,0,30,,13202,50,0,6,0,70,,13203,50,0,6,0,30,,13204,50,0,6,0,70,,13205,50,0,6,0,27,,13228,50,0,6,0,70,,13223,50,0,6,0
8019,'1016',938,,13266,50,0,6,0,80,,13267,50,0,6,0,35,,13268,50,0,6,0,70,,13269,50,0,6,0,30,,13270,50,0,6,0,70,,13271,50,0,6,0,30,,13272,50,0,6,0,73,,13273,50,0,6,0,30,,13274,50,0,6,0,70,,13275,50,0,6,0,30,,13276,50,0,6,0,70,,13277,50,0,6,0,30,,13278,50,0,6,0,70,,13279,50,0,6,0,30,,13280,50,0,6,0,70,,13281,50,0,6,0,30,,13282,50,0,6,0,70,,13283,50,0,6,0,21,,13307,50,0,6,0,70,,13310,50,0,6,0
8019,'1017',1008,,13328,50,0,6,0,40,,13312,50,0,6,0,83,,13313,50,0,6,0,86,,13330,50,0,6,0,85,,13314,50,0,6,0,45,,13331,50,0,6,0,85,,13315,50,0,6,0,85,,13332,50,0,6,0,85,,13316,50,0,6,0,45,,13333,50,0,6,0,83,,13317,50,0,6,0
8019,'1018',1008,,13368,50,0,6,0,40,,13352,50,0,6,0,83,,13353,50,0,6,0,86,,13370,50,0,6,0,85,,13354,50,0,6,0,45,,13371,50,0,6,0,85,,13355,50,0,6,0,85,,13372,50,0,6,0,85,,13356,50,0,6,0,45,,13373,50,0,6,0,83,,13357,50,0,6,0
15019,'1010',701,,11577,19,,,0,100,,11579,19,,,0,130,,11582,19,,,0,100,,11584,19,,,0,170,,11587,19,,,0,100,,11589,19,,,0,130,,11592,19,,,0,100,,11594,19,,,0,170,,11597,19,,,0,100,,11599,19,,,0,140,,11602,19,,,0,85,,11603,19,,,0,82,,11604,19,,,0,45,,11606,19,,,0,85,,11607,19,,,0,85,,11605,19,,,0
15019,'1014',826,,11608,19,,,0,80,,11609,19,,,0,40,,11610,19,,,0,81,,11611,19,,,0,83,,11612,19,,,0,45,,11613,19,,,0,85,,11614,19,,,0,85,,11615,19,,,0,85,,11616,19,,,0,45,,11617,19,,,0,85,,11618,19,,,0,85,,11619,19,,,0,85,,11620,19,,,0,45,,11621,19,,,0,83,,11622,19,,,0,85,,11623,19,,,0,85,,11624,19,,,0,45,,11625,19,,,0,85,,11626,19,,,0,85,,11627,19,,,0
15019,'1015',701,,13711,19,,,0,100,,13712,19,,,0,130,,13713,19,,,0,100,,13714,19,,,0,170,,13715,19,,,0,100,,13716,19,,,0,130,,13717,19,,,0,100,,13718,19,,,0,170,,13719,19,,,0,100,,13720,19,,,0,140,,13721,19,,,0,85,,13722,19,,,0,82,,13723,19,,,0,45,,13725,19,,,0,85,,13726,19,,,0,85,,13724,19,,,0
15019,'1016',636,,13727,19,,,0,80,,13729,19,,,0,40,,13730,19,,,0,80,,13728,19,,,0,82,,13731,19,,,0,40,,13732,19,,,0,75,,13734,19,,,0,70,,13735,19,,,0,100,,13736,19,,,0,30,,13737,19,,,0,70,,13738,19,,,0,30,,13739,19,,,0,100,,13740,19,,,0,70,,13741,19,,,0,30,,13742,19,,,0,70,,13743,19,,,0,100,,13744,19,,,0,30,,13745,19,,,0,70,,13746,19,,,0,30,,13747,19,,,0,107,,13748,19,,,0,85,,13749,19,,,0,83,,13750,19,,,0,45,,13751,19,,,0,85,,13752,19,,,0,85,,13733,19,,,0
15019,'1017',826,,13753,19,,,0,80,,13754,19,,,0,40,,13755,19,,,0,81,,13756,19,,,0,83,,13757,19,,,0,45,,13758,19,,,0,85,,13759,19,,,0,85,,13760,19,,,0,85,,13761,19,,,0,45,,13762,19,,,0,85,,13763,19,,,0,85,,13764,19,,,0,85,,13765,19,,,0,45,,13766,19,,,0,83,,13767,19,,,0,85,,13768,19,,,0,85,,13769,19,,,0,45,,13770,19,,,0,85,,13771,19,,,0,85,,13772,19,,,0
15019,'1018',826,,13773,19,,,0,80,,13774,19,,,0,40,,13775,19,,,0,81,,13776,19,,,0,83,,13777,19,,,0,45,,13778,19,,,0,85,,13779,19,,,0,85,,13780,19,,,0,85,,13781,19,,,0,45,,13782,19,,,0,85,,13783,19,,,0,85,,13784,19,,,0,85,,13785,19,,,0,45,,13786,19,,,0,83,,13787,19,,,0,85,,13788,19,,,0,85,,13789,19,,,0,45,,13790,19,,,0,85,,13791,19,,,0,85,,13792,19,,,0
15019,'994',731,,11578,19,,,0,100,,11580,19,,,0,70,,11581,19,,,0,100,,11583,19,,,0,100,,11585,19,,,0,30,,11586,19,,,0,100,,11588,19,,,0,100,,11590,19,,,0,70,,11591,19,,,0,100,,11593,19,,,0,100,,11595,19,,,0,30,,11596,19,,,0,100,,11598,19,,,0,100,,11600,19,,,0,70,,11601,19,,,0
15019,'995',1133,,11637,19,,,0,270,,11642,19,,,0,230,,11647,19,,,0,270,,11652,19,,,0
