7019,'1017',835,,10392,2,,,0,78,,10393,2,,,0,40,,10394,2,,,0,80,,10395,2,,,0,85,,10396,2,,,0,85,,10397,2,,,0,45,,10398,2,,,0,85,,10399,2,,,0,85,,10400,2,,,0,85,,10401,2,,,0,45,,10402,2,,,0,85,,10403,2,,,0,85,,10404,2,,,0,85,,10405,2,,,0,45,,10406,2,,,0,85,,10407,2,,,0,85,,10408,2,,,0,85,,10409,2,,,0,42,,10410,2,,,0
7019,'994',600,,10383,2,,,0,30,,10384,2,,,0,70,,10385,2,,,0,30,,10386,2,,,0,70,,10389,2,,,0,30,,10390,2,,,0,70,,10387,2,,,0,30,,10388,2,,,0,70,,10381,2,,,0,30,,10382,2,,,0,70,,10380,2,,,0,30,,10367,2,,,0,70,,10374,2,,,0,30,,10368,2,,,0,70,,10375,2,,,0,30,,10369,2,,,0,70,,10376,2,,,0,30,,10370,2,,,0,70,,10377,2,,,0,30,,10371,2,,,0,70,,10378,2,,,0,30,,10372,2,,,0,70,,10379,2,,,0,30,,10373,2,,,0,70,,10360,2,,,0,30,,10361,2,,,0,70,,10362,2,,,0,45,,10363,2,,,0,85,,10364,2,,,0,85,,10365,2,,,0,85,,10366,2,,,0,45,,10391,2,,,0
7019,'995',605,,10411,2,,,0,40,,10412,2,,,0,80,,10413,2,,,0,80,,10414,2,,,0,40,,10415,2,,,0,80,,10416,2,,,0,75,,10417,2,,,0,30,,10418,2,,,0,70,,10419,2,,,0,30,,10420,2,,,0,70,,10421,2,,,0,30,,10422,2,,,0,70,,10423,2,,,0,30,,10424,2,,,0,70,,10425,2,,,0,30,,10426,2,,,0,70,,10427,2,,,0,30,,10428,2,,,0,70,,10429,2,,,0,30,,10430,2,,,0,70,,10431,2,,,0,30,,10432,2,,,0,70,,10433,2,,,0,30,,10434,2,,,0,70,,10435,2,,,0,45,,10436,2,,,0,85,,10437,2,,,0,85,,10438,2,,,0,85,,10439,2,,,0,45,,10440,2,,,0
7019,'996',835,,10441,2,,,0,78,,10442,2,,,0,40,,10443,2,,,0,80,,10444,2,,,0,85,,10445,2,,,0,85,,10446,2,,,0,45,,10447,2,,,0,85,,10448,2,,,0,85,,10449,2,,,0,85,,10450,2,,,0,45,,10451,2,,,0,85,,10452,2,,,0,85,,10453,2,,,0,85,,10454,2,,,0,45,,10455,2,,,0,85,,10456,2,,,0,85,,10457,2,,,0,85,,10458,2,,,0,42,,10459,2,,,0
9019,'1011',620,,13403,2,,,0,95,,13404,2,,,0,130,,13405,2,,,0,100,,13402,2,,,0,170,,13396,2,,,0,100,,13397,2,,,0,130,,13398,2,,,0,100,,13399,2,,,0,170,,13400,2,,,0,100,,13401,2,,,0,185,,13394,2,,,0,45,,13391,2,,,0,85,,13392,2,,,0,85,,13393,2,,,0,85,,13395,2,,,0,45,,13406,2,,,0,85,,13407,2,,,0
9019,'1017',830,,13451,2,,,0,80,,13435,2,,,0,40,,13436,2,,,0,80,,13437,2,,,0,85,,13438,2,,,0,85,,13439,2,,,0,45,,13440,2,,,0,85,,13441,2,,,0,85,,13442,2,,,0,85,,13443,2,,,0,45,,13444,2,,,0,85,,13445,2,,,0,85,,13446,2,,,0,85,,13450,2,,,0,45,,13452,2,,,0,85,,13453,2,,,0,85,,13447,2,,,0,85,,13448,2,,,0,45,,13449,2,,,0
9019,'994',645,,10785,2,,,0,100,,10787,2,,,0,70,,10788,2,,,0,100,,10790,2,,,0,100,,10767,2,,,0,30,,10768,2,,,0,100,,10770,2,,,0,100,,10772,2,,,0,70,,10773,2,,,0,100,,10775,2,,,0,100,,10777,2,,,0,30,,10778,2,,,0,100,,10780,2,,,0,100,,10782,2,,,0,70,,10764,2,,,0
9019,'995',600,,13408,2,,,0,40,,13409,2,,,0,80,,13410,2,,,0,80,,13411,2,,,0,40,,13412,2,,,0,80,,13413,2,,,0,25,,13414,2,,,0,70,,13415,2,,,0,30,,10820,2,,,0,70,,13416,2,,,0,30,,13417,2,,,0,70,,13418,2,,,0,30,,13419,2,,,0,70,,10825,2,,,0,30,,13420,2,,,0,70,,13421,2,,,0,30,,13422,2,,,0,70,,13423,2,,,0,30,,10830,2,,,0,70,,13424,2,,,0,30,,13425,2,,,0,70,,13426,2,,,0,30,,13427,2,,,0,70,,10835,2,,,0,85,,13429,2,,,0,45,,13428,2,,,0,85,,13430,2,,,0,85,,13433,2,,,0,85,,13432,2,,,0,45,,13434,2,,,0,85,,13431,2,,,0
9019,'996',830,,13470,2,,,0,80,,13454,2,,,0,40,,13455,2,,,0,80,,13456,2,,,0,85,,13457,2,,,0,85,,13458,2,,,0,45,,13459,2,,,0,85,,13460,2,,,0,85,,13461,2,,,0,85,,13462,2,,,0,45,,13463,2,,,0,85,,13464,2,,,0,85,,13465,2,,,0,85,,13469,2,,,0,45,,13471,2,,,0,85,,13472,2,,,0,85,,13466,2,,,0,85,,13467,2,,,0,45,,13468,2,,,0
30003029,'1021',610,,12295,2,,,0,20,,12296,2,,,0,170,,12299,2,,,0,30,,12300,2,,,0,70,,12301,2,,,0,130,,12273,2,,,0,70,,12274,2,,,0,30,,12275,2,,,0,170,,12278,2,,,0,30,,12279,2,,,0,70,,12280,2,,,0,130,,12283,2,,,0,70,,12284,2,,,0,30,,12285,2,,,0,170,,12288,2,,,0,30,,12289,2,,,0,70,,12290,2,,,0,45,,12292,2,,,0,85,,12293,2,,,0,85,,12294,2,,,0,85,,12291,2,,,0,45,,12303,2,,,0
30003029,'1022',700,,12297,2,,,0,30,,14029,2,,,0,200,,12302,2,,,0,70,,14025,2,,,0,200,,12276,2,,,0,30,,14026,2,,,0,200,,12281,2,,,0,70,,14027,2,,,0,200,,12286,2,,,0,30,,14028,2,,,0
30003029,'1024',832,,12304,2,,,0,80,,12305,2,,,0,40,,12306,2,,,0,80,,12307,2,,,0,86,,12308,2,,,0,85,,12309,2,,,0,45,,12310,2,,,0,85,,12311,2,,,0,85,,12312,2,,,0,85,,12313,2,,,0,45,,12314,2,,,0,85,,12315,2,,,0,85,,12316,2,,,0,85,,12317,2,,,0,45,,12318,2,,,0,85,,12319,2,,,0,85,,12320,2,,,0,85,,12321,2,,,0,45,,12322,2,,,0,82,,12323,2,,,0
30003029,'1025',610,,15439,2,,,0,20,,15440,2,,,0,70,,15441,2,,,0,30,,15442,2,,,0,70,,15443,2,,,0,30,,15444,2,,,0,70,,15445,2,,,0,30,,15446,2,,,0,70,,15416,2,,,0,30,,15417,2,,,0,70,,15418,2,,,0,30,,15419,2,,,0,70,,15420,2,,,0,30,,15421,2,,,0,70,,15422,2,,,0,30,,15423,2,,,0,70,,15424,2,,,0,30,,15425,2,,,0,70,,15426,2,,,0,30,,15427,2,,,0,70,,15428,2,,,0,30,,15429,2,,,0,70,,15430,2,,,0,30,,15431,2,,,0,70,,15432,2,,,0,30,,15433,2,,,0,70,,15434,2,,,0,45,,15436,2,,,0,85,,15437,2,,,0,85,,15438,2,,,0,85,,15435,2,,,0,45,,15447,2,,,0
30003029,'1026',605,,15448,2,,,0,35,,15449,2,,,0,80,,15450,2,,,0,80,,15451,2,,,0,40,,15452,2,,,0,80,,15453,2,,,0,80,,15454,2,,,0,30,,15455,2,,,0,70,,15456,2,,,0,30,,15457,2,,,0,70,,15458,2,,,0,30,,15459,2,,,0,70,,15460,2,,,0,30,,15461,2,,,0,70,,15462,2,,,0,30,,15463,2,,,0,70,,15464,2,,,0,30,,15465,2,,,0,70,,15466,2,,,0,30,,15467,2,,,0,70,,15468,2,,,0,30,,15469,2,,,0,70,,15470,2,,,0,30,,15477,2,,,0,70,,15471,2,,,0,45,,15472,2,,,0,85,,15473,2,,,0,85,,15474,2,,,0,85,,15475,2,,,0,45,,15476,2,,,0
30003029,'1027',832,,15478,2,,,0,80,,15479,2,,,0,40,,15480,2,,,0,80,,15481,2,,,0,86,,15482,2,,,0,85,,15483,2,,,0,45,,15484,2,,,0,85,,15485,2,,,0,85,,15486,2,,,0,85,,15487,2,,,0,45,,15488,2,,,0,85,,15489,2,,,0,85,,15490,2,,,0,85,,15491,2,,,0,45,,15492,2,,,0,85,,15493,2,,,0,85,,15494,2,,,0,85,,15495,2,,,0,45,,15496,2,,,0,82,,15497,2,,,0
30003029,'996',832,,15498,2,,,0,80,,15499,2,,,0,40,,15500,2,,,0,80,,15501,2,,,0,86,,15502,2,,,0,85,,15503,2,,,0,45,,15504,2,,,0,85,,15505,2,,,0,85,,15506,2,,,0,85,,15507,2,,,0,45,,15508,2,,,0,85,,15509,2,,,0,85,,15510,2,,,0,85,,15511,2,,,0,45,,15512,2,,,0,85,,15513,2,,,0,85,,15514,2,,,0,85,,15515,2,,,0,45,,15516,2,,,0,82,,15517,2,,,0
100003029,'1021',620,,12436,2,,,0,95,,12438,2,,,0,30,,12439,2,,,0,100,,12441,2,,,0,100,,12435,2,,,0,70,,12419,2,,,0,100,,12421,2,,,0,100,,12423,2,,,0,30,,12424,2,,,0,100,,12426,2,,,0,100,,12428,2,,,0,70,,12429,2,,,0,100,,12431,2,,,0,100,,12433,2,,,0,30,,12434,2,,,0,100,,12443,2,,,0
100003029,'1022',645,,12437,2,,,0,170,,14047,2,,,0,100,,12442,2,,,0,130,,14044,2,,,0,100,,12422,2,,,0,170,,14045,2,,,0,100,,12427,2,,,0,130,,14046,2,,,0,100,,12432,2,,,0,170,,14048,2,,,0
100003029,'1025',620,,15580,2,,,0,25,,15581,2,,,0,70,,15582,2,,,0,30,,15583,2,,,0,70,,15584,2,,,0,30,,15585,2,,,0,70,,15586,2,,,0,30,,15579,2,,,0,70,,15563,2,,,0,30,,15564,2,,,0,70,,15565,2,,,0,30,,15566,2,,,0,70,,15567,2,,,0,30,,15568,2,,,0,70,,15569,2,,,0,30,,15570,2,,,0,70,,15571,2,,,0,30,,15572,2,,,0,70,,15573,2,,,0,30,,15574,2,,,0,70,,15575,2,,,0,30,,15576,2,,,0,70,,15577,2,,,0,30,,15578,2,,,0,70,,15588,2,,,0,30,,15587,2,,,0
100003029,'1026',945,,15605,2,,,0,70,,15589,2,,,0,30,,15590,2,,,0,70,,15591,2,,,0,30,,15592,2,,,0,70,,15593,2,,,0,30,,15594,2,,,0,70,,15595,2,,,0,30,,15596,2,,,0,70,,15597,2,,,0,30,,15598,2,,,0,70,,15599,2,,,0,30,,15600,2,,,0,70,,15601,2,,,0,30,,15602,2,,,0,70,,15603,2,,,0,30,,15604,2,,,0,70,,15606,2,,,0,30,,15607,2,,,0
130003019,'1021',611,,12507,2,0,13,0,15,,12508,2,,,0,20,,12509,2,,,0,55,,12510,2,0,13,0,15,,12511,2,,,0,85,,12514,2,0,13,0,30,,12516,2,0,13,0,15,,12517,2,,,0,70,,12519,2,,,0,15,,12520,2,0,13,0,15,,12506,2,,,0,85,,12466,2,0,13,0,70,,12468,2,0,13,0,15,,12469,2,,,0,30,,12471,2,,,0,55,,12472,2,0,13,0,15,,12473,2,,,0,85,,12476,2,0,13,0,30,,12478,2,0,13,0,15,,12479,2,,,0,70,,12481,2,,,0,15,,12482,2,0,13,0,15,,12483,2,,,0,85,,12486,2,0,13,0,70,,12488,2,0,13,0,15,,12489,2,,,0,30,,12491,2,,,0,55,,12492,2,0,13,0,15,,12493,2,,,0,85,,12501,2,0,13,0,30,,12499,2,0,13,0,15,,12504,2,,,0,100,,12496,2,,,0,85,,12502,2,,,0,85,,12500,2,,,0,85,,12498,2,,,0,45,,12525,2,,,0,84,,12524,2,0,7 8,0,80,,12526,2,0,7 8,0
130003019,'1022',731,,12512,2,0,13,0,15,,12513,2,,,0,70,,14061,2,,,0,85,,14062,2,0,13,0,100,,12464,2,0,13,0,15,,12465,2,,,0,30,,14053,2,,,0,85,,14054,2,0,13,0,100,,12474,2,0,13,0,15,,12475,2,,,0,70,,14055,2,,,0,85,,14056,2,0,13,0,100,,12484,2,0,13,0,15,,12485,2,,,0,30,,14057,2,,,0,85,,14058,2,0,13,0,100,,12494,2,0,13,0,15,,12495,2,,,0,70,,14060,2,,,0,85,,14059,2,0,13,0,23,,12505,2,0,7 8,0,85,,12521,2,0,7 8,0,45,,12522,2,0,7 8,0,85,,12523,2,0,7 8,0
130003019,'1024',751,,12527,2,,,0,60,,12559,2,0,7 8,0,20,,12528,2,,,0,20,,12553,2,0,7 8,0,60,,12529,2,,,0,20,,12556,2,0,7 8,0,20,,12530,2,,,0,60,,12554,2,0,7 8,0,20,,12531,2,,,0,23,,12557,2,0,7 8,0,62,,12532,2,,,0,23,,12555,2,0,7 8,0,62,,12533,2,,,0,23,,12558,2,0,7 8,0,22,,12534,2,,,0,63,,12535,2,0,7 8,0,22,,12536,2,,,0,23,,12537,2,0,7 8,0,62,,12538,2,,,0,23,,12539,2,0,7 8,0,62,,12540,2,,,0,23,,12541,2,0,7 8,0,22,,12542,2,,,0,63,,12543,2,0,7 8,0,22,,12544,2,,,0,23,,12545,2,0,7 8,0,62,,12546,2,,,0,23,,12547,2,0,7 8,0,62,,12548,2,,,0,23,,12561,2,0,7 8,0,22,,12560,2,,,0,85,,12549,2,,,0,85,,12550,2,,,0,85,,12551,2,,,0,45,,12562,2,,,0,85,,12552,2,0,7 8,0
130003019,'1025',611,,15651,2,0,13,0,15,,15652,2,,,0,20,,15653,2,,,0,55,,15654,2,0,13,0,15,,15655,2,,,0,15,,15656,2,0,13,0,15,,15657,2,,,0,55,,15658,2,0,13,0,15,,15659,2,,,0,15,,15660,2,0,13,0,15,,15661,2,,,0,55,,15662,2,0,13,0,15,,15663,2,,,0,15,,15664,2,0,13,0,15,,15650,2,,,0,55,,15608,2,0,13,0,15,,15609,2,,,0,15,,15610,2,0,13,0,15,,15611,2,,,0,55,,15612,2,0,13,0,15,,15613,2,,,0,15,,15614,2,0,13,0,15,,15615,2,,,0,55,,15616,2,0,13,0,15,,15617,2,,,0,15,,15618,2,0,13,0,15,,15619,2,,,0,55,,15620,2,0,13,0,15,,15621,2,,,0,15,,15622,2,0,13,0,15,,15623,2,,,0,55,,15624,2,0,13,0,15,,15625,2,,,0,15,,15626,2,0,13,0,15,,15627,2,,,0,55,,15628,2,0,13,0,15,,15629,2,,,0,15,,15630,2,0,13,0,15,,15631,2,,,0,55,,15632,2,0,13,0,15,,15633,2,,,0,15,,15634,2,0,13,0,15,,15635,2,,,0,55,,15636,2,0,13,0,15,,15637,2,,,0,15,,15638,2,0,13,0,15,,15639,2,,,0,55,,15645,2,0,13,0,15,,15647,2,,,0,15,,15643,2,0,13,0,15,,15648,2,,,0,55,,15641,2,0,13,0,23,,15649,2,0,7 8,0,22,,15640,2,,,0,63,,15665,2,0,7 8,0,22,,15646,2,,,0,23,,15666,2,0,7 8,0,62,,15644,2,,,0,23,,15667,2,0,7 8,0,62,,15642,2,,,0,45,,15669,2,,,0,84,,15668,2,0,7 8,0,80,,15670,2,0,7 8,0
130003019,'1026',601,,15671,2,,,0,20,,15672,2,0,7 8,0,20,,15673,2,,,0,60,,15674,2,0,7 8,0,20,,15675,2,,,0,20,,15676,2,0,7 8,0,60,,15677,2,,,0,20,,15678,2,0,7 8,0,20,,15679,2,,,0,60,,15680,2,0,7 8,0,20,,15681,2,,,0,20,,15682,2,0,13,0,60,,15683,2,0,13,0,15,,15684,2,,,0,15,,15685,2,0,13,0,15,,15686,2,,,0,55,,15687,2,0,13,0,15,,15688,2,,,0,15,,15689,2,0,13,0,15,,15690,2,,,0,55,,15691,2,0,13,0,15,,15692,2,,,0,15,,15693,2,0,13,0,15,,15694,2,,,0,55,,15695,2,0,13,0,15,,15696,2,,,0,15,,15697,2,0,13,0,15,,15698,2,,,0,55,,15699,2,0,13,0,15,,15700,2,,,0,15,,15701,2,0,13,0,15,,15702,2,,,0,55,,15703,2,0,13,0,15,,15704,2,,,0,15,,15705,2,0,13,0,15,,15706,2,,,0,55,,15707,2,0,13,0,15,,15708,2,,,0,15,,15709,2,0,13,0,15,,15710,2,,,0,55,,15711,2,0,13,0,15,,15712,2,,,0,15,,15713,2,0,13,0,15,,15714,2,,,0,55,,15715,2,0,13,0,15,,15730,2,,,0,15,,15722,2,0,13,0,15,,15716,2,,,0,55,,15723,2,0,13,0,22,,15717,2,0,7 8,0,23,,15724,2,,,0,63,,15718,2,0,7 8,0,22,,15727,2,,,0,23,,15719,2,0,7 8,0,62,,15726,2,,,0,23,,15720,2,0,7 8,0,62,,15725,2,,,0,45,,15721,2,,,0,84,,15729,2,0,7 8,0,80,,15728,2,0,7 8,0
130003019,'1027',751,,15731,2,,,0,60,,15763,2,0,7 8,0,20,,15732,2,,,0,20,,15757,2,0,7 8,0,60,,15733,2,,,0,20,,15760,2,0,7 8,0,20,,15734,2,,,0,60,,15758,2,0,7 8,0,20,,15735,2,,,0,23,,15761,2,0,7 8,0,62,,15736,2,,,0,23,,15759,2,0,7 8,0,62,,15737,2,,,0,23,,15762,2,0,7 8,0,22,,15738,2,,,0,63,,15739,2,0,7 8,0,22,,15740,2,,,0,23,,15741,2,0,7 8,0,62,,15742,2,,,0,23,,15743,2,0,7 8,0,62,,15744,2,,,0,23,,15745,2,0,7 8,0,22,,15746,2,,,0,63,,15747,2,0,7 8,0,22,,15748,2,,,0,23,,15749,2,0,7 8,0,62,,15750,2,,,0,23,,15751,2,0,7 8,0,62,,15752,2,,,0,23,,15765,2,0,7 8,0,22,,15764,2,,,0,85,,15753,2,,,0,85,,15754,2,,,0,85,,15755,2,,,0,45,,15766,2,,,0,85,,15756,2,0,7 8,0
130003019,'996',751,,15767,2,,,0,60,,15799,2,0,7 8,0,20,,15768,2,,,0,20,,15793,2,0,7 8,0,60,,15769,2,,,0,20,,15796,2,0,7 8,0,20,,15770,2,,,0,60,,15794,2,0,7 8,0,20,,15771,2,,,0,23,,15797,2,0,7 8,0,62,,15772,2,,,0,23,,15795,2,0,7 8,0,62,,15773,2,,,0,23,,15798,2,0,7 8,0,22,,15774,2,,,0,63,,15775,2,0,7 8,0,22,,15776,2,,,0,23,,15777,2,0,7 8,0,62,,15778,2,,,0,23,,15779,2,0,7 8,0,62,,15780,2,,,0,23,,15781,2,0,7 8,0,22,,15782,2,,,0,63,,15783,2,0,7 8,0,22,,15784,2,,,0,23,,15785,2,0,7 8,0,62,,15786,2,,,0,23,,15787,2,0,7 8,0,62,,15788,2,,,0,23,,15801,2,0,7 8,0,22,,15800,2,,,0,85,,15789,2,,,0,85,,15790,2,,,0,85,,15791,2,,,0,45,,15802,2,,,0,85,,15792,2,0,7 8,0
