5029,'1003',646,,10282,2,,,0,70,,10283,2,,,0,30,,10284,2,,,0,69,,10285,2,,,0,31,,10286,2,,,0,70,,10287,2,,,0,30,,10288,2,,,0,70,,10266,2,,,0,30,,10267,2,,,0,70,,10268,2,,,0,30,,10269,2,,,0,70,,10270,2,,,0,30,,10271,2,,,0,70,,10272,2,,,0,30,,10273,2,,,0,70,,10274,2,,,0,30,,10275,2,,,0,70,,10276,2,,,0,30,,10277,2,,,0,70,,10278,2,,,0,30,,10279,2,,,0,70,,10280,2,,,0,30,,10281,2,,,0,70,,10259,2,,,0,30,,10260,2,,,0,84,,10261,2,,,0,84,,10262,2,,,0,86,,10263,2,,,0,45,,10264,2,,,0,85,,10265,2,,,0,85,,10289,2,,,0
5029,'1004',856,,10290,2,,,0,80,,10291,2,,,0,80,,10292,2,,,0,85,,10293,2,,,0,45,,10294,2,,,0,85,,10295,2,,,0,85,,10296,2,,,0,85,,10297,2,,,0,45,,10298,2,,,0,85,,10299,2,,,0,85,,10300,2,,,0,85,,10301,2,,,0,45,,10302,2,,,0,85,,10303,2,,,0,85,,10304,2,,,0,85,,10305,2,,,0,45,,10306,2,,,0,85,,10307,2,,,0,85,,10308,2,,,0,85,,10309,2,,,0
5029,'995',626,,10310,2,,,0,80,,10311,2,,,0,40,,10312,2,,,0,80,,10313,2,,,0,80,,10314,2,,,0,40,,10315,2,,,0,70,,10316,2,,,0,30,,10317,2,,,0,70,,10318,2,,,0,30,,10319,2,,,0,70,,10320,2,,,0,30,,10321,2,,,0,70,,10322,2,,,0,30,,10323,2,,,0,70,,10324,2,,,0,30,,10325,2,,,0,70,,10326,2,,,0,30,,10327,2,,,0,70,,10328,2,,,0,30,,10329,2,,,0,70,,10330,2,,,0,30,,10331,2,,,0,70,,10332,2,,,0,30,,10333,2,,,0,84,,10334,2,,,0,84,,10335,2,,,0,86,,10336,2,,,0,45,,10337,2,,,0,85,,10339,2,,,0,85,,10338,2,,,0
5029,'996',856,,10340,2,,,0,80,,10341,2,,,0,80,,10342,2,,,0,85,,10343,2,,,0,45,,10344,2,,,0,85,,10345,2,,,0,85,,10346,2,,,0,85,,10347,2,,,0,45,,10348,2,,,0,85,,10349,2,,,0,85,,10350,2,,,0,85,,10351,2,,,0,45,,10352,2,,,0,85,,10353,2,,,0,85,,10354,2,,,0,85,,10355,2,,,0,45,,10356,2,,,0,85,,10357,2,,,0,85,,10358,2,,,0,85,,10359,2,,,0
8019,'1003',642,,10604,39,0,6,0,13,,10612,15,,,0,60,,10605,39,0,6,0,1,,10613,15,,,0,24,,10606,39,0,6,0,10,,10614,15,,,0,60,,10607,39,0,6,0,5,,10615,15,,,0,25,,10608,39,0,6,0,5,,10616,15,,,0,65,,10609,39,0,6,0,5,,10617,15,,,0,25,,10610,39,0,6,0,5,,10618,15,,,0,65,,10611,39,0,6,0,5,,10576,15,,,0,25,,10560,39,0,6,0,5,,10577,15,,,0,65,,10561,39,0,6,0,5,,10578,15,,,0,25,,10562,39,0,6,0,5,,10579,15,,,0,65,,10563,39,0,6,0,5,,10580,15,,,0,29,,10564,39,0,6,0,2,,10581,15,,,0,68,,10565,39,0,6,0,6,,10582,15,,,0,24,,10566,39,0,6,0,6,,10583,15,,,0,64,,10567,39,0,6,0,6,,10584,15,,,0,24,,10568,39,0,6,0,6,,10585,15,,,0,64,,10569,39,0,6,0,6,,10586,15,,,0,24,,10570,39,0,6,0,6,,10587,15,,,0,64,,10571,39,0,6,0,6,,10588,15,,,0,24,,10572,39,0,6,0,6,,10589,15,,,0,64,,10573,39,0,6,0,6,,10590,15,,,0,24,,10574,39,0,6,0,6,,10591,15,,,0,64,,10575,39,0,6,0,5,,10619,15,,,0,22,,10598,39,0,6,0,8,,10600,15,,,0,62,,10593,39,0,6,0,5,,10601,15,,,0,27,,10621,2,,,0,85,,10599,2,,,0,85,,10602,2,,,0,45,,10592,2,,,0,85,,10603,2,,,0
8019,'1004',830,,10636,2,,,0,80,,10640,2,,,0,40,,10653,2,,,0,6,,10639,39,0,6,0,73,,10646,15,,,0,7,,10623,39,0,6,0,73,,10630,15,,,0,10,,10624,39,0,6,0,38,,10647,15,,,0,49,,10641,39,0,6,0,36,,10631,15,,,0,9,,10625,39,0,6,0,76,,10648,15,,,0,9,,10642,39,0,6,0,76,,10632,15,,,0,9,,10626,39,0,6,0,36,,10649,15,,,0,49,,10643,39,0,6,0,36,,10622,15,,,0,9,,10627,39,0,6,0,76,,10633,15,,,0,9,,10644,39,0,6,0,76,,10634,15,,,0,7,,10628,39,0,6,0,38,,10635,15,,,0,87,,10659,2,,,0,85,,10650,2,,,0,85,,10652,2,,,0,45,,10658,2,,,0,85,,10637,2,,,0,85,,10661,2,,,0
8019,'995',640,,10662,2,,,0,80,,10663,2,,,0,80,,10664,2,,,0,40,,10665,2,,,0,80,,10666,2,,,0,6,,10676,39,0,6,0,30,,10699,15,,,0,50,,10677,39,0,6,0,15,,10700,15,,,0,17,,10701,15,,,0,3,,10678,39,0,6,0,70,,10679,39,0,6,0,3,,10702,15,,,0,27,,10680,39,0,6,0,8,,10703,15,,,0,62,,10681,39,0,6,0,8,,10704,15,,,0,22,,10682,39,0,6,0,8,,10705,15,,,0,66,,10683,39,0,6,0,4,,10706,15,,,0,26,,10684,39,0,6,0,6,,10707,15,,,0,64,,10685,39,0,6,0,6,,10708,15,,,0,24,,10686,39,0,6,0,6,,10709,15,,,0,64,,10687,39,0,6,0,6,,10710,15,,,0,24,,10688,39,0,6,0,6,,10711,15,,,0,64,,10689,39,0,6,0,6,,10712,15,,,0,24,,10690,39,0,6,0,6,,10713,15,,,0,64,,10691,39,0,6,0,6,,10714,15,,,0,24,,10692,39,0,6,0,6,,10715,15,,,0,64,,10693,39,0,6,0,6,,10716,15,,,0,15,,10717,39,0,6,0,15,,10719,15,,,0,55,,10720,39,0,6,0,12,,10718,15,,,0,25,,10667,2,,,0,85,,10668,2,,,0,85,,10669,2,,,0,45,,10670,2,,,0,85,,10671,2,,,0
8019,'996',830,,10735,2,,,0,80,,10739,2,,,0,40,,10752,2,,,0,6,,10738,39,0,6,0,73,,10745,15,,,0,7,,10722,39,0,6,0,73,,10729,15,,,0,10,,10723,39,0,6,0,38,,10746,15,,,0,49,,10740,39,0,6,0,36,,10730,15,,,0,9,,10724,39,0,6,0,76,,10747,15,,,0,9,,10741,39,0,6,0,76,,10731,15,,,0,9,,10725,39,0,6,0,36,,10748,15,,,0,49,,10742,39,0,6,0,36,,10721,15,,,0,9,,10726,39,0,6,0,76,,10732,15,,,0,9,,10743,39,0,6,0,76,,10733,15,,,0,7,,10727,39,0,6,0,38,,10734,15,,,0,87,,10758,2,,,0,85,,10749,2,,,0,85,,10751,2,,,0,45,,10757,2,,,0,85,,10736,2,,,0,85,,10760,2,,,0
10029,'1003',641,,11090,2,,,0,67,,11091,2,,,0,30,,11092,2,,,0,70,,11093,2,,,0,100,,11095,2,,,0,30,,11096,2,,,0,70,,11067,2,,,0,30,,11068,2,,,0,100,,11070,2,,,0,70,,11071,2,,,0,30,,11072,2,,,0,70,,11073,2,,,0,100,,11075,2,,,0,30,,11076,2,,,0,70,,11077,2,,,0,30,,11078,2,,,0,100,,11080,2,,,0,70,,11081,2,,,0,30,,11082,2,,,0,70,,11083,2,,,0,98,,11097,2,0,7 8,0,37,,11087,2,,,0,85,,11088,2,,,0,85,,11086,2,,,0,45,,11084,2,,,0,85,,11085,2,0,9,0,83,,11098,2,0,7 8,0
10029,'1004',829,,11099,2,,,0,80,,11100,2,,,0,40,,11101,2,,,0,80,,11102,2,,,0,83,,11103,2,,,0,89,,11104,2,,,0,44,,11105,2,,,0,85,,11106,2,,,0,85,,11107,2,,,0,85,,11108,2,,,0,45,,11109,2,,,0,85,,11110,2,,,0,85,,11111,2,,,0,85,,11112,2,,,0,45,,11113,2,,,0,85,,11114,2,,,0,85,,11115,2,,,0,85,,11116,2,,,0,45,,11117,2,,,0,85,,11118,2,0,7 8,0
10029,'1006',838,,11094,2,,,0,270,,11069,2,,,0,230,,11074,2,,,0,270,,11079,2,,,0,228,,11089,2,,,0
10029,'1007',838,,12863,2,,,0,270,,12859,2,,,0,230,,12860,2,,,0,270,,12861,2,,,0,228,,12862,2,0,9,0
10029,'995',641,,11119,2,,,0,80,,11120,2,,,0,80,,11121,2,,,0,40,,11122,2,,,0,80,,11123,2,,,0,82,,11124,2,,,0,33,,11125,2,,,0,70,,11126,2,,,0,30,,11127,2,,,0,70,,11128,2,,,0,30,,11129,2,,,0,70,,11130,2,,,0,30,,11131,2,,,0,70,,11132,2,,,0,31,,11133,2,,,0,70,,11134,2,,,0,30,,11135,2,,,0,70,,11136,2,,,0,30,,11137,2,,,0,70,,11138,2,,,0,30,,11139,2,,,0,70,,11140,2,,,0,30,,11141,2,,,0,70,,11142,2,,,0,37,,11143,2,,,0,85,,11144,2,0,7 8,0,85,,11145,2,,,0,45,,11146,2,,,0,85,,11147,2,0,9,0,85,,11148,2,0,7 8,0
10029,'996',829,,11149,2,,,0,80,,11150,2,,,0,40,,11151,2,,,0,80,,11152,2,,,0,83,,11153,2,,,0,89,,11154,2,,,0,44,,11155,2,,,0,85,,11156,2,,,0,85,,11157,2,,,0,85,,11158,2,,,0,45,,11159,2,,,0,85,,11160,2,,,0,85,,11161,2,,,0,85,,11162,2,,,0,45,,11163,2,,,0,85,,11164,2,,,0,85,,11165,2,,,0,85,,11166,2,,,0,45,,11167,2,,,0,85,,11168,2,0,7 8,0
16019,'994',631,,8516,2,,,0,28,,8517,2,,,0,70,,8518,2,,,0,30,,8519,2,,,0,70,,8520,2,,,0,30,,8521,2,,,0,70,,8522,2,,,0,28,,8523,2,,,0,72,,8501,2,,,0,30,,8502,2,,,0,70,,8503,2,,,0,30,,8504,2,,,0,70,,8505,2,,,0,30,,8506,2,,,0,70,,8507,2,,,0,30,,8508,2,,,0,70,,8509,2,,,0,30,,8510,2,,,0,70,,8511,2,,,0,30,,8512,2,,,0,70,,8513,2,,,0,30,,8514,2,,,0,70,,8515,2,,,0,30,,8524,2,,,0,70,,8525,2,,,0,30,,8526,2,,,0
16019,'995',645,,8527,2,,,0,67,,8528,2,,,0,40,,8529,2,,,0,80,,8530,2,,,0,80,,8531,2,,,0,40,,8532,2,,,0,77,,8533,2,,,0,30,,8534,2,,,0,70,,8535,2,,,0,30,,8536,2,,,0,70,,8537,2,,,0,30,,8538,2,,,0,70,,8539,2,,,0,30,,8540,2,,,0,70,,8541,2,,,0,30,,8542,2,,,0,70,,8543,2,,,0,30,,8544,2,,,0,70,,8545,2,,,0,30,,8546,2,,,0,70,,8547,2,,,0,30,,8548,2,,,0,70,,8549,2,,,0,30,,8550,2,,,0
