14029,'1010',704,,11498,9,,,0,230,,11503,9,,,0,271,,11477,9,,,0,230,,11482,9,,,0,270,,11487,9,,,0,221,,11493,9,,,0,85,,11490,9,,,0,45,,11492,9,,,0,85,,11491,9,,,0,85,,11494,9,,,0,85,,11505,9,,,0
14029,'1011',804,,11500,9,,,0,230,,11474,9,,,0,271,,11479,9,,,0,230,,11484,9,,,0,269,,11489,9,,,0
14029,'1012',804,,12873,9,,,0,230,,12869,9,,,0,271,,12870,9,,,0,230,,12871,9,,,0,269,,12872,9,,,0
14029,'1014',814,,11506,9,,,0,40,,11507,9,,,0,80,,11508,9,,,0,80,,11509,9,,,0,43,,11510,9,,,0,85,,11511,9,,,0,85,,11512,9,,,0,85,,11513,9,,,0,45,,11514,9,,,0,85,,11515,9,,,0,85,,11516,9,,,0,85,,11517,9,,,0,45,,11518,9,,,0,85,,11519,9,,,0,85,,11520,9,,,0,85,,11521,9,,,0,45,,11522,9,,,0,85,,11523,9,,,0,85,,11524,9,,,0,85,,11525,9,,,0
14029,'1015',704,,13653,9,,,0,230,,13654,9,,,0,271,,13645,9,,,0,230,,13646,9,,,0,270,,13647,9,,,0,221,,13651,9,,,0,85,,13648,9,,,0,45,,13650,9,,,0,85,,13649,9,,,0,85,,13652,9,,,0,85,,13655,9,,,0
14029,'1016',624,,13656,9,,,0,80,,13657,9,,,0,40,,13658,9,,,0,80,,13659,9,,,0,80,,13660,9,,,0,40,,13661,9,,,0,260,,13662,9,,,0,231,,13663,9,,,0,270,,13664,9,,,0,221,,13665,9,,,0,85,,13666,9,,,0,45,,13667,9,,,0,85,,13668,9,,,0,85,,13670,9,,,0,85,,13669,9,,,0
14029,'1017',814,,13671,9,,,0,40,,13672,9,,,0,80,,13673,9,,,0,80,,13674,9,,,0,43,,13675,9,,,0,85,,13676,9,,,0,85,,13677,9,,,0,85,,13678,9,,,0,45,,13679,9,,,0,85,,13680,9,,,0,85,,13681,9,,,0,85,,13682,9,,,0,45,,13683,9,,,0,85,,13684,9,,,0,85,,13685,9,,,0,85,,13686,9,,,0,45,,13687,9,,,0,85,,13688,9,,,0,85,,13689,9,,,0,85,,13690,9,,,0
14029,'1018',814,,13691,9,,,0,40,,13692,9,,,0,80,,13693,9,,,0,80,,13694,9,,,0,43,,13695,9,,,0,85,,13696,9,,,0,85,,13697,9,,,0,85,,13698,9,,,0,45,,13699,9,,,0,85,,13700,9,,,0,85,,13701,9,,,0,85,,13702,9,,,0,45,,13703,9,,,0,85,,13704,9,,,0,85,,13705,9,,,0,85,,13706,9,,,0,45,,13707,9,,,0,85,,13708,9,,,0,85,,13709,9,,,0,85,,13710,9,,,0
14029,'994',613,,11496,9,,,0,21,,11497,9,,,0,100,,11499,9,,,0,100,,11501,9,,,0,70,,11502,9,,,0,100,,11473,9,,,0,100,,11475,9,,,0,30,,11476,9,,,0,101,,11478,9,,,0,100,,11480,9,,,0,70,,11481,9,,,0,100,,11483,9,,,0,100,,11485,9,,,0,30,,11486,9,,,0,100,,11488,9,,,0,99,,11495,9,,,0,70,,11504,9,,,0
14029,'995',1004,,11532,9,,,0,30,,11533,9,,,0,70,,11534,9,,,0,30,,11535,9,,,0,100,,11537,9,,,0,70,,11538,9,,,0,30,,11539,9,,,0,71,,11540,9,,,0,100,,11542,9,,,0,30,,11543,9,,,0,70,,11544,9,,,0,30,,11545,9,,,0,100,,11547,9,,,0,69,,11548,9,,,0,30,,11549,9,,,0,70,,11555,9,,,0
