4019,'1010',645,,6813,15,,,0,78,,6813,78,4,,0,82,,6814,1,,,0,46,,6814,65,4,,0,82,,6815,1,,,0,86,,6815,65,4,,0,128,,6818,19,,,0,86,,6818,83,4,,0,82,,6819,1,,,0,86,,6819,65,4,,0,145,,6816,1,,,0,86,,6816,65,4,,0,82,,6817,1,,,0,86,,6817,65,4,,0
4019,'1015',645,,13115,15,,,0,78,,13115,78,4,,0,82,,13116,1,,,0,46,,13116,65,4,,0,82,,13117,1,,,0,86,,13117,65,4,,0,128,,13120,19,,,0,86,,13120,83,4,,0,82,,13121,1,,,0,86,,13121,65,4,,0,145,,13118,1,,,0,86,,13118,65,4,,0,82,,13119,1,,,0,86,,13119,65,4,,0
6019,'1010',725,,7024,1,,,0,80,,7024,30,4,,0,47,,7025,1,,,0,80,,7025,30,4,,0,302,,7028,1,,,0,80,,7028,30,4,,0,88,,7026,1,,,0,40,,7026,30,4,,0,63,,7030,1,,,0,40,,7030,30,4,,0,88,,7029,1,,,0,80,,7029,30,4,,0,88,,7027,1,,,0,40,,7027,30,4,,0
6019,'1015',725,,13183,1,,,0,80,,13183,30,4,,0,47,,13184,1,,,0,80,,13184,30,4,,0,302,,13187,1,,,0,80,,13187,30,4,,0,88,,13185,1,,,0,40,,13185,30,4,,0,63,,13189,1,,,0,40,,13189,30,4,,0,88,,13188,1,,,0,80,,13188,30,4,,0,88,,13186,1,,,0,40,,13186,30,4,,0
18029,'1004',821,,12103,19,,,0,80,,12104,19,,,0,40,,12105,19,,,0,80,,12106,19,,,0,83,,12107,19,,,0,47,,12108,19,,,0,85,,12109,19,,,0,85,,12110,19,,,0,85,,12111,19,,,0,45,,12112,19,,,0,85,,12113,19,,,0,85,,12114,19,,,0,85,,12115,19,,,0,45,,12116,19,,,0,85,,12117,19,,,0,85,,12118,19,,,0,85,,12119,19,,,0,45,,12120,19,,,0,85,,12121,19,,,0,85,,12122,19,,,0,83,,12123,19,,,0
18029,'1010',2019,,12097,19,,,0,85,,12099,19,,,0,130,,12101,19,,,0,85,,12100,19,,,0
18029,'1015',2019,,13986,19,,,0,85,,13987,19,,,0,130,,13989,19,,,0,85,,13988,19,,,0
18029,'1016',632,,13990,19,,,0,80,,13991,19,,,0,40,,13992,19,,,0,80,,13993,19,,,0,80,,13994,19,,,0,40,,13995,19,,,0,80,,13996,19,,,0,80,,13997,19,,,0,45,,13998,19,,,0,85,,13999,19,,,0,85,,14000,19,,,0,86,,14001,19,,,0,45,,14002,19,,,0,85,,14003,19,,,0,85,,14005,19,,,0,85,,14006,19,,,0,45,,14004,19,,,0,85,,14007,19,,,0,91,,14009,19,,,0,85,,14008,19,,,0,85,,14010,19,,,0,45,,14012,19,,,0,85,,14011,19,,,0,85,,14013,19,,,0,82,,14014,19,,,0
18029,'994',642,,12079,19,,,0,85,,12080,19,,,0,85,,12081,19,,,0,45,,12082,19,,,0,85,,12083,19,,,0,85,,12084,19,,,0,85,,12085,19,,,0,45,,12086,19,,,0,85,,12087,19,,,0,85,,12088,19,,,0,86,,12089,19,,,0,45,,12090,19,,,0,85,,12091,19,,,0,85,,12092,19,,,0,85,,12093,19,,,0,45,,12094,19,,,0,84,,12095,19,,,0,92,,12096,19,,,0,215,,12098,19,,,0,252,,12102,19,,,0
18029,'996',821,,12149,19,,,0,80,,12150,19,,,0,40,,12151,19,,,0,80,,12152,19,,,0,83,,12153,19,,,0,47,,12154,19,,,0,85,,12155,19,,,0,85,,12156,19,,,0,85,,12157,19,,,0,45,,12158,19,,,0,85,,12159,19,,,0,85,,12160,19,,,0,85,,12161,19,,,0,45,,12162,19,,,0,85,,12163,19,,,0,85,,12164,19,,,0,85,,12165,19,,,0,45,,12166,19,,,0,85,,12167,19,,,0,85,,12168,19,,,0,83,,12169,19,,,0
