30003019,'1021',635,,12193,15,,,0,66,,12194,15,,,0,129,,12197,15,,,0,70,,12198,15,,,0,30,,12199,15,,,0,170,,12171,15,,,0,30,,12172,15,,,0,70,,12173,15,,,0,130,,12176,15,,,0,70,,12177,15,,,0,30,,12178,15,,,0,170,,12181,15,,,0,30,,12182,15,,,0,70,,12183,15,,,0,129,,12187,15,,,0,30,,12186,15,0,9,0,70,,12192,15,,,0,85,,12190,15,,,0,45,,12189,15,,,0,85,,12191,15,,,0,85,,12188,15,,,0,85,,12201,15,0,7 8,0
30003019,'1022',731,,12195,15,,,0,69,,14019,15,,,0,200,,12200,15,,,0,29,,14015,15,,,0,201,,12174,15,,,0,70,,14016,15,,,0,200,,12179,15,,,0,30,,14017,15,,,0,200,,12184,15,,,0,70,,14018,15,,,0
30003019,'1024',857,,12202,15,,,0,80,,12203,15,,,0,80,,12204,15,,,0,40,,12205,15,,,0,86,,12206,15,,,0,88,,12207,15,,,0,85,,12208,15,,,0,85,,12209,15,,,0,45,,12210,15,,,0,85,,12211,15,,,0,85,,12212,15,,,0,85,,12213,15,,,0,45,,12214,15,,,0,85,,12215,15,,,0,85,,12216,15,,,0,85,,12217,15,,,0,45,,12218,15,,,0,85,,12219,15,,,0,85,,12221,15,0,9,0,42,,12220,15,0,9,0
30003019,'1025',635,,15337,15,,,0,66,,15338,15,,,0,30,,15339,15,,,0,69,,15340,15,,,0,30,,15341,15,,,0,70,,15342,15,,,0,30,,15343,15,,,0,70,,15344,15,,,0,29,,15314,15,,,0,71,,15315,15,,,0,30,,15316,15,,,0,70,,15317,15,,,0,30,,15318,15,,,0,70,,15319,15,,,0,30,,15320,15,,,0,70,,15321,15,,,0,30,,15322,15,,,0,70,,15323,15,,,0,30,,15324,15,,,0,70,,15325,15,,,0,30,,15326,15,,,0,70,,15327,15,,,0,30,,15328,15,,,0,70,,15329,15,,,0,29,,15331,15,,,0,30,,15330,15,0,9,0,70,,15336,15,,,0,85,,15334,15,,,0,45,,15333,15,,,0,85,,15335,15,,,0,85,,15332,15,,,0,85,,15345,15,0,7 8,0
30003019,'1026',632,,15346,15,,,0,75,,15347,15,,,0,40,,15348,15,,,0,80,,15349,15,,,0,80,,15350,15,,,0,40,,15351,15,,,0,82,,15352,15,,,0,71,,15353,15,,,0,30,,15354,15,,,0,70,,15355,15,,,0,30,,15356,15,,,0,70,,15357,15,,,0,30,,15358,15,,,0,70,,15359,15,,,0,30,,15360,15,,,0,70,,15361,15,,,0,30,,15362,15,,,0,70,,15363,15,,,0,30,,15364,15,,,0,70,,15365,15,,,0,30,,15366,15,,,0,70,,15367,15,,,0,27,,15368,15,,,0,29,,15369,15,0,9,0,70,,15375,15,,,0,85,,15370,15,,,0,45,,15371,15,,,0,88,,15372,15,,,0,85,,15373,15,,,0,82,,15374,15,0,9,0
30003019,'1027',857,,15376,15,,,0,80,,15377,15,,,0,80,,15378,15,,,0,40,,15379,15,,,0,86,,15380,15,,,0,88,,15381,15,,,0,85,,15382,15,,,0,85,,15383,15,,,0,45,,15384,15,,,0,85,,15385,15,,,0,85,,15386,15,,,0,85,,15387,15,,,0,45,,15388,15,,,0,85,,15389,15,,,0,85,,15390,15,,,0,85,,15391,15,,,0,45,,15392,15,,,0,85,,15393,15,,,0,85,,15395,15,0,9,0,42,,15394,15,0,9,0
30003019,'996',857,,15396,15,,,0,80,,15397,15,,,0,80,,15398,15,,,0,40,,15399,15,,,0,86,,15400,15,,,0,88,,15401,15,,,0,85,,15402,15,,,0,85,,15403,15,,,0,45,,15404,15,,,0,85,,15405,15,,,0,85,,15406,15,,,0,85,,15407,15,,,0,45,,15408,15,,,0,85,,15409,15,,,0,85,,15410,15,,,0,85,,15411,15,,,0,45,,15412,15,,,0,85,,15413,15,,,0,85,,15415,15,0,9,0,42,,15414,15,0,9,0
100003019,'1021',644,,12391,7,,,0,97,,12393,7,,,0,70,,12394,7,,,0,100,,12396,7,,,0,100,,12374,7,,,0,30,,12375,7,,,0,100,,12377,7,,,0,100,,12379,7,,,0,70,,12380,7,,,0,100,,12382,7,,,0,100,,12384,7,,,0,30,,12385,7,,,0,100,,12387,7,,,0,100,,12389,7,,,0,70,,12390,7,,,0,100,,12399,7,0,9,0
100003019,'1022',711,,12392,7,,,0,130,,14038,7,,,0,100,,12397,7,,,0,170,,14035,7,,,0,100,,12378,7,,,0,130,,14036,7,,,0,100,,12383,7,,,0,170,,14037,7,,,0,100,,12388,7,,,0,130,,14039,7,,,0
100003019,'1025',644,,15535,7,,,0,67,,15536,7,,,0,30,,15537,7,,,0,70,,15538,7,,,0,30,,15539,7,,,0,70,,15540,7,,,0,30,,15541,7,,,0,70,,15518,7,,,0,30,,15519,7,,,0,70,,15520,7,,,0,30,,15521,7,,,0,70,,15522,7,,,0,30,,15523,7,,,0,70,,15524,7,,,0,30,,15525,7,,,0,70,,15526,7,,,0,30,,15527,7,,,0,70,,15528,7,,,0,30,,15529,7,,,0,70,,15530,7,,,0,30,,15531,7,,,0,70,,15532,7,,,0,30,,15533,7,,,0,70,,15534,7,,,0,30,,15542,7,,,0,70,,15543,7,0,9,0
100003019,'1026',1011,,15544,7,,,0,30,,15545,7,,,0,70,,15546,7,,,0,30,,15547,7,,,0,70,,15548,7,,,0,30,,15549,7,,,0,70,,15550,7,,,0,30,,15551,7,,,0,70,,15552,7,,,0,30,,15553,7,,,0,70,,15554,7,,,0,30,,15555,7,,,0,70,,15556,7,,,0,30,,15557,7,,,0,70,,15558,7,,,0,30,,15559,7,,,0,70,,15560,7,,,0,30,,15561,7,,,0,70,,15562,7,0,9,0
