4019,'1022',645,,13115,16,,,0,160,,13116,2,,,0,128,,13117,2,,,0,214,,13120,20,,,0,168,,13121,2,,,0,231,,13118,2,,,0,168,,13119,2,,,0
4019,'1025',645,,14412,16,,,0,160,,14413,2,,,0,128,,14414,2,,,0,214,,14417,20,,,0,168,,14418,2,,,0,231,,14415,2,,,0,168,,14416,2,,,0
6019,'1022',725,,13183,2,,,0,127,,13184,2,,,0,382,,13187,2,,,0,168,,13185,2,,,0,103,,13189,2,,,0,128,,13188,2,,,0,168,,13186,2,,,0
6019,'1025',725,,14606,2,,,0,127,,14607,2,,,0,382,,14610,2,,,0,168,,14608,2,,,0,103,,14612,2,,,0,128,,14611,2,,,0,168,,14609,2,,,0
18029,'1017',821,,12103,20,,,0,80,,12104,20,,,0,40,,12105,20,,,0,80,,12106,20,,,0,83,,12107,20,,,0,47,,12108,20,,,0,85,,12109,20,,,0,85,,12110,20,,,0,85,,12111,20,,,0,45,,12112,20,,,0,85,,12113,20,,,0,85,,12114,20,,,0,85,,12115,20,,,0,45,,12116,20,,,0,85,,12117,20,,,0,85,,12118,20,,,0,85,,12119,20,,,0,45,,12120,20,,,0,85,,12121,20,,,0,85,,12122,20,,,0,83,,12123,20,,,0
18029,'1022',2019,,13986,20,,,0,85,,13987,20,,,0,130,,13989,20,,,0,85,,13988,20,,,0
18029,'1025',2019,,15285,20,,,0,85,,15286,20,,,0,130,,15288,20,,,0,85,,15287,20,,,0
18029,'1026',632,,15289,20,,,0,80,,15290,20,,,0,40,,15291,20,,,0,80,,15292,20,,,0,80,,15293,20,,,0,40,,15294,20,,,0,80,,15295,20,,,0,80,,15296,20,,,0,45,,15297,20,,,0,85,,15298,20,,,0,85,,15299,20,,,0,86,,15300,20,,,0,45,,15301,20,,,0,85,,15302,20,,,0,85,,15304,20,,,0,85,,15305,20,,,0,45,,15303,20,,,0,85,,15306,20,,,0,91,,15308,20,,,0,85,,15307,20,,,0,85,,15309,20,,,0,45,,15311,20,,,0,85,,15310,20,,,0,85,,15312,20,,,0,82,,15313,20,,,0
18029,'994',642,,12079,20,,,0,85,,12080,20,,,0,85,,12081,20,,,0,45,,12082,20,,,0,85,,12083,20,,,0,85,,12084,20,,,0,85,,12085,20,,,0,45,,12086,20,,,0,85,,12087,20,,,0,85,,12088,20,,,0,86,,12089,20,,,0,45,,12090,20,,,0,85,,12091,20,,,0,85,,12092,20,,,0,85,,12093,20,,,0,45,,12094,20,,,0,84,,12095,20,,,0,92,,12096,20,,,0,215,,12098,20,,,0,252,,12102,20,,,0
18029,'996',821,,12149,20,,,0,80,,12150,20,,,0,40,,12151,20,,,0,80,,12152,20,,,0,83,,12153,20,,,0,47,,12154,20,,,0,85,,12155,20,,,0,85,,12156,20,,,0,85,,12157,20,,,0,45,,12158,20,,,0,85,,12159,20,,,0,85,,12160,20,,,0,85,,12161,20,,,0,45,,12162,20,,,0,85,,12163,20,,,0,85,,12164,20,,,0,85,,12165,20,,,0,45,,12166,20,,,0,85,,12167,20,,,0,85,,12168,20,,,0,83,,12169,20,,,0
