30003029,'1021',614,,12295,11,,,0,20,,12296,11,,,0,172,,12299,11,,,0,30,,12300,11,,,0,70,,12301,11,,,0,130,,12273,11,,,0,70,,12274,11,,,0,30,,12275,11,,,0,170,,12278,11,,,0,30,,12279,11,,,0,70,,12280,11,,,0,130,,12283,11,,,0,70,,12284,11,,,0,30,,12285,11,,,0,170,,12288,11,,,0,30,,12289,11,,,0,70,,12290,11,,,0,45,,12292,11,,,0,85,,12293,11,,,0,85,,12294,11,,,0,85,,12291,11,,,0,45,,12303,11,,,0
30003029,'1022',704,,12297,11,,,0,32,,14029,11,,,0,200,,12302,11,,,0,70,,14025,11,,,0,200,,12276,11,,,0,30,,14026,11,,,0,200,,12281,11,,,0,70,,14027,11,,,0,200,,12286,11,,,0,30,,14028,11,,,0
30003029,'1024',837,,12304,11,,,0,80,,12305,11,,,0,40,,12306,11,,,0,80,,12307,11,,,0,86,,12308,11,,,0,86,,12309,11,,,0,45,,12310,11,,,0,85,,12311,11,,,0,85,,12312,11,,,0,85,,12313,11,,,0,45,,12314,11,,,0,85,,12315,11,,,0,85,,12316,11,,,0,85,,12317,11,,,0,45,,12318,11,,,0,85,,12319,11,,,0,85,,12320,11,,,0,85,,12321,11,,,0,45,,12322,11,,,0,82,,12323,11,,,0
30003029,'1025',614,,15439,11,,,0,20,,15440,11,,,0,70,,15441,11,,,0,32,,15442,11,,,0,70,,15443,11,,,0,30,,15444,11,,,0,70,,15445,11,,,0,30,,15446,11,,,0,70,,15416,11,,,0,30,,15417,11,,,0,70,,15418,11,,,0,30,,15419,11,,,0,70,,15420,11,,,0,30,,15421,11,,,0,70,,15422,11,,,0,30,,15423,11,,,0,70,,15424,11,,,0,30,,15425,11,,,0,70,,15426,11,,,0,30,,15427,11,,,0,70,,15428,11,,,0,30,,15429,11,,,0,70,,15430,11,,,0,30,,15431,11,,,0,70,,15432,11,,,0,30,,15433,11,,,0,70,,15434,11,,,0,45,,15436,11,,,0,85,,15437,11,,,0,85,,15438,11,,,0,85,,15435,11,,,0,45,,15447,11,,,0
30003029,'1026',610,,15448,11,,,0,35,,15449,11,,,0,80,,15450,11,,,0,80,,15451,11,,,0,40,,15452,11,,,0,80,,15453,11,,,0,81,,15454,11,,,0,30,,15455,11,,,0,70,,15456,11,,,0,30,,15457,11,,,0,70,,15458,11,,,0,30,,15459,11,,,0,70,,15460,11,,,0,30,,15461,11,,,0,70,,15462,11,,,0,30,,15463,11,,,0,70,,15464,11,,,0,30,,15465,11,,,0,70,,15466,11,,,0,30,,15467,11,,,0,70,,15468,11,,,0,30,,15469,11,,,0,69,,15470,11,,,0,30,,15477,11,,,0,70,,15471,11,,,0,45,,15472,11,,,0,85,,15473,11,,,0,85,,15474,11,,,0,85,,15475,11,,,0,45,,15476,11,,,0
30003029,'1027',837,,15478,11,,,0,80,,15479,11,,,0,40,,15480,11,,,0,80,,15481,11,,,0,86,,15482,11,,,0,86,,15483,11,,,0,45,,15484,11,,,0,85,,15485,11,,,0,85,,15486,11,,,0,85,,15487,11,,,0,45,,15488,11,,,0,85,,15489,11,,,0,85,,15490,11,,,0,85,,15491,11,,,0,45,,15492,11,,,0,85,,15493,11,,,0,85,,15494,11,,,0,85,,15495,11,,,0,45,,15496,11,,,0,82,,15497,11,,,0
30003029,'996',837,,15498,11,,,0,80,,15499,11,,,0,40,,15500,11,,,0,80,,15501,11,,,0,86,,15502,11,,,0,86,,15503,11,,,0,45,,15504,11,,,0,85,,15505,11,,,0,85,,15506,11,,,0,85,,15507,11,,,0,45,,15508,11,,,0,85,,15509,11,,,0,85,,15510,11,,,0,85,,15511,11,,,0,45,,15512,11,,,0,85,,15513,11,,,0,85,,15514,11,,,0,85,,15515,11,,,0,45,,15516,11,,,0,82,,15517,11,,,0
100003029,'1021',624,,12436,11,,,0,95,,12438,11,,,0,32,,12439,11,,,0,100,,12441,11,,,0,100,,12435,11,,,0,70,,12419,11,,,0,100,,12421,11,,,0,100,,12423,11,,,0,30,,12424,11,,,0,100,,12426,11,,,0,100,,12428,11,,,0,70,,12429,11,,,0,100,,12431,11,,,0,100,,12433,11,,,0,30,,12434,11,,,0,100,,12443,11,,,0
100003029,'1022',649,,12437,11,,,0,172,,14047,11,,,0,100,,12442,11,,,0,130,,14044,11,,,0,100,,12422,11,,,0,170,,14045,11,,,0,100,,12427,11,,,0,130,,14046,11,,,0,100,,12432,11,,,0,170,,14048,11,,,0
100003029,'1025',624,,15580,11,,,0,25,,15581,11,,,0,70,,15582,11,,,0,32,,15583,11,,,0,70,,15584,11,,,0,30,,15585,11,,,0,70,,15586,11,,,0,30,,15579,11,,,0,70,,15563,11,,,0,30,,15564,11,,,0,70,,15565,11,,,0,30,,15566,11,,,0,70,,15567,11,,,0,30,,15568,11,,,0,70,,15569,11,,,0,30,,15570,11,,,0,70,,15571,11,,,0,30,,15572,11,,,0,70,,15573,11,,,0,30,,15574,11,,,0,70,,15575,11,,,0,30,,15576,11,,,0,70,,15577,11,,,0,30,,15578,11,,,0,70,,15588,11,,,0,30,,15587,11,,,0
100003029,'1026',951,,15605,11,,,0,70,,15589,11,,,0,30,,15590,11,,,0,70,,15591,11,,,0,30,,15592,11,,,0,70,,15593,11,,,0,30,,15594,11,,,0,70,,15595,11,,,0,30,,15596,11,,,0,70,,15597,11,,,0,30,,15598,11,,,0,70,,15599,11,,,0,30,,15600,11,,,0,70,,15601,11,,,0,30,,15602,11,,,0,70,,15603,11,,,0,30,,15604,11,,,0,70,,15606,11,,,0,30,,15607,11,,,0
