18019,'1004',829,,12012,1,,,0,80,,12013,1,,,0,40,,12014,1,,,0,80,,12015,1,,,0,83,,12016,1,,,0,47,,12017,1,,,0,85,,12018,1,,,0,85,,12019,1,,,0,85,,12020,1,,,0,45,,12021,1,,,0,85,,12022,1,,,0,85,,12023,1,,,0,85,,12024,1,,,0,45,,12025,1,,,0,85,,12026,1,,,0,85,,12027,1,,,0,85,,12028,1,,,0,45,,12029,1,,,0,85,,12030,1,,,0,85,,12031,1,,,0,82,,12032,1,,,0
18019,'1010',2025,,12006,1,,,0,85,,12008,1,,,0,130,,12010,1,,,0,85,,12009,1,,,0
18019,'1015',2025,,13957,1,,,0,85,,13958,1,,,0,130,,13960,1,,,0,85,,13959,1,,,0
18019,'1016',638,,13961,1,,,0,80,,13962,1,,,0,40,,13963,1,,,0,80,,13964,1,,,0,80,,13965,1,,,0,40,,13966,1,,,0,80,,13967,1,,,0,80,,13968,1,,,0,85,,13969,1,,,0,45,,13970,1,,,0,85,,13971,1,,,0,87,,13972,1,,,0,85,,13973,1,,,0,45,,13974,1,,,0,85,,13976,1,,,0,85,,13977,1,,,0,85,,13975,1,,,0,45,,13978,1,,,0,90,,13980,1,,,0,85,,13979,1,,,0,85,,13981,1,,,0,45,,13983,1,,,0,85,,13982,1,,,0,85,,13984,1,,,0,81,,13985,1,,,0
18019,'994',648,,11988,1,,,0,85,,11989,1,,,0,85,,11990,1,,,0,85,,11991,1,,,0,45,,11992,1,,,0,85,,11993,1,,,0,85,,11994,1,,,0,85,,11995,1,,,0,45,,11996,1,,,0,85,,11997,1,,,0,87,,11998,1,,,0,85,,11999,1,,,0,45,,12000,1,,,0,85,,12001,1,,,0,85,,12002,1,,,0,85,,12003,1,,,0,43,,12004,1,,,0,92,,12005,1,,,0,215,,12007,1,,,0,251,,12011,1,,,0
18019,'996',829,,12058,1,,,0,80,,12059,1,,,0,40,,12060,1,,,0,80,,12061,1,,,0,83,,12062,1,,,0,47,,12063,1,,,0,85,,12064,1,,,0,85,,12065,1,,,0,85,,12066,1,,,0,45,,12067,1,,,0,85,,12068,1,,,0,85,,12069,1,,,0,85,,12070,1,,,0,45,,12071,1,,,0,85,,12072,1,,,0,85,,12073,1,,,0,85,,12074,1,,,0,45,,12075,1,,,0,85,,12076,1,,,0,85,,12077,1,,,0,82,,12078,1,,,0
18029,'1004',828,,12103,30,4,,0,80,,12104,30,4,,0,40,,12105,30,4,,0,80,,12106,30,4,,0,83,,12107,30,4,,0,47,,12108,30,4,,0,85,,12109,30,4,,0,85,,12110,30,4,,0,85,,12111,30,4,,0,45,,12112,30,4,,0,85,,12113,30,4,,0,85,,12114,30,4,,0,85,,12115,30,4,,0,45,,12116,30,4,,0,85,,12117,30,4,,0,85,,12118,30,4,,0,85,,12119,30,4,,0,45,,12120,30,4,,0,85,,12121,30,4,,0,85,,12122,30,4,,0,83,,12123,30,4,,0
18029,'1010',2025,,12097,30,4,,0,85,,12099,30,4,,0,130,,12101,30,4,,0,85,,12100,30,4,,0
18029,'1015',2025,,13986,30,4,,0,85,,13987,30,4,,0,130,,13989,30,4,,0,85,,13988,30,4,,0
18029,'1016',638,,13990,30,4,,0,80,,13991,30,4,,0,40,,13992,30,4,,0,80,,13993,30,4,,0,80,,13994,30,4,,0,40,,13995,30,4,,0,80,,13996,30,4,,0,80,,13997,30,4,,0,85,,13998,30,4,,0,45,,13999,30,4,,0,85,,14000,30,4,,0,87,,14001,30,4,,0,85,,14002,30,4,,0,45,,14003,30,4,,0,85,,14005,30,4,,0,85,,14006,30,4,,0,85,,14004,30,4,,0,45,,14007,30,4,,0,90,,14009,30,4,,0,85,,14008,30,4,,0,85,,14010,30,4,,0,45,,14012,30,4,,0,85,,14011,30,4,,0,85,,14013,30,4,,0,81,,14014,30,4,,0
18029,'994',648,,12079,30,4,,0,85,,12080,30,4,,0,85,,12081,30,4,,0,85,,12082,30,4,,0,45,,12083,30,4,,0,85,,12084,30,4,,0,85,,12085,30,4,,0,85,,12086,30,4,,0,45,,12087,30,4,,0,85,,12088,30,4,,0,87,,12089,30,4,,0,85,,12090,30,4,,0,45,,12091,30,4,,0,85,,12092,30,4,,0,85,,12093,30,4,,0,85,,12094,30,4,,0,43,,12095,30,4,,0,92,,12096,30,4,,0,215,,12098,30,4,,0,251,,12102,30,4,,0
18029,'996',828,,12149,30,4,,0,80,,12150,30,4,,0,40,,12151,30,4,,0,80,,12152,30,4,,0,83,,12153,30,4,,0,47,,12154,30,4,,0,85,,12155,30,4,,0,85,,12156,30,4,,0,85,,12157,30,4,,0,45,,12158,30,4,,0,85,,12159,30,4,,0,85,,12160,30,4,,0,85,,12161,30,4,,0,45,,12162,30,4,,0,85,,12163,30,4,,0,85,,12164,30,4,,0,85,,12165,30,4,,0,45,,12166,30,4,,0,85,,12167,30,4,,0,85,,12168,30,4,,0,83,,12169,30,4,,0
