30003029,'976',833,,5750,3,,,0,80,,5751,3,,,0,40,,5752,3,,,0,80,,5753,3,,,0,86,,5754,3,,,0,85,,5755,3,,,0,45,,5756,3,,,0,85,,5757,3,,,0,85,,5758,3,,,0,85,,5759,3,,,0,45,,5760,3,,,0,85,,5761,3,,,0,85,,5762,3,,,0,85,,5763,3,,,0,45,,5764,3,,,0,85,,5765,3,,,0,85,,5766,3,,,0,85,,5767,3,,,0,45,,5768,3,,,0,85,,5769,3,,,0
30003029,'979',606,,2823,3,,,0,25,,2824,3,,,0,70,,2825,3,,,0,30,,2826,3,,,0,70,,2827,3,,,0,30,,2828,3,,,0,70,,2829,3,,,0,30,,2830,3,,,0,70,,2800,3,,,0,30,,2801,3,,,0,70,,2802,3,,,0,30,,2803,3,,,0,70,,2804,3,,,0,30,,2805,3,,,0,70,,2806,3,,,0,30,,2807,3,,,0,70,,2808,3,,,0,30,,2809,3,,,0,70,,2810,3,,,0,30,,2811,3,,,0,70,,2812,3,,,0,30,,2813,3,,,0,70,,2814,3,,,0,30,,2815,3,,,0,70,,2816,3,,,0,30,,2817,3,,,0,70,,2818,3,,,0,45,,2820,3,,,0,85,,2821,3,,,0,85,,2822,3,,,0,85,,2819,3,,,0,45,,2831,3,,,0
30003029,'983',833,,2780,3,,,0,80,,2781,3,,,0,40,,2782,3,,,0,80,,2783,3,,,0,86,,2784,3,,,0,85,,2785,3,,,0,45,,2786,3,,,0,85,,2787,3,,,0,85,,2788,3,,,0,85,,2789,3,,,0,45,,2790,3,,,0,85,,2791,3,,,0,85,,2792,3,,,0,85,,2793,3,,,0,45,,2794,3,,,0,85,,2795,3,,,0,85,,2796,3,,,0,85,,2797,3,,,0,45,,2798,3,,,0,85,,2799,3,,,0
30003029,'985',606,,5793,3,,,0,25,,5794,3,,,0,70,,5795,3,,,0,30,,5796,3,,,0,70,,5797,3,,,0,30,,5798,3,,,0,70,,5799,3,,,0,30,,5800,3,,,0,70,,5770,3,,,0,30,,5771,3,,,0,70,,5772,3,,,0,30,,5773,3,,,0,70,,5774,3,,,0,30,,5775,3,,,0,70,,5776,3,,,0,30,,5777,3,,,0,70,,5778,3,,,0,30,,5779,3,,,0,70,,5780,3,,,0,30,,5781,3,,,0,70,,5782,3,,,0,30,,5783,3,,,0,70,,5784,3,,,0,30,,5785,3,,,0,70,,5786,3,,,0,30,,5787,3,,,0,70,,5788,3,,,0,45,,5790,3,,,0,85,,5791,3,,,0,85,,5792,3,,,0,85,,5789,3,,,0,45,,5801,3,,,0
30003029,'986',606,,5802,3,,,0,35,,5803,3,,,0,80,,5804,3,,,0,80,,5805,3,,,0,40,,5806,3,,,0,80,,5807,3,,,0,80,,5808,3,,,0,30,,5809,3,,,0,70,,5810,3,,,0,30,,5811,3,,,0,70,,5812,3,,,0,30,,5813,3,,,0,70,,5814,3,,,0,30,,5815,3,,,0,70,,5816,3,,,0,30,,5817,3,,,0,70,,5818,3,,,0,30,,5819,3,,,0,70,,5820,3,,,0,30,,5821,3,,,0,70,,5822,3,,,0,30,,5823,3,,,0,70,,5824,3,,,0,30,,5831,3,,,0,70,,5825,3,,,0,45,,5826,3,,,0,85,,5827,3,,,0,85,,5828,3,,,0,85,,5829,3,,,0,45,,5830,3,,,0
30003029,'987',833,,5832,3,,,0,80,,5833,3,,,0,40,,5834,3,,,0,80,,5835,3,,,0,86,,5836,3,,,0,85,,5837,3,,,0,45,,5838,3,,,0,85,,5839,3,,,0,85,,5840,3,,,0,85,,5841,3,,,0,45,,5842,3,,,0,85,,5843,3,,,0,85,,5844,3,,,0,85,,5845,3,,,0,45,,5846,3,,,0,85,,5847,3,,,0,85,,5848,3,,,0,85,,5849,3,,,0,45,,5850,3,,,0,85,,5851,3,,,0
100003029,'979',621,,2944,3,,,0,25,,2945,3,,,0,70,,2946,3,,,0,30,,2947,3,,,0,70,,2948,3,,,0,30,,2949,3,,,0,70,,2950,3,,,0,30,,2943,3,,,0,70,,2927,3,,,0,30,,2928,3,,,0,70,,2929,3,,,0,30,,2930,3,,,0,70,,2931,3,,,0,30,,2932,3,,,0,70,,2933,3,,,0,30,,2934,3,,,0,70,,2935,3,,,0,30,,2936,3,,,0,70,,2937,3,,,0,30,,2938,3,,,0,70,,2939,3,,,0,30,,2940,3,,,0,70,,2941,3,,,0,30,,2942,3,,,0,70,,2952,3,,,0,30,,2951,3,,,0
100003029,'985',621,,5914,3,,,0,25,,5915,3,,,0,70,,5916,3,,,0,30,,5917,3,,,0,70,,5918,3,,,0,30,,5919,3,,,0,70,,5920,3,,,0,30,,5913,3,,,0,70,,5897,3,,,0,30,,5898,3,,,0,70,,5899,3,,,0,30,,5900,3,,,0,70,,5901,3,,,0,30,,5902,3,,,0,70,,5903,3,,,0,30,,5904,3,,,0,70,,5905,3,,,0,30,,5906,3,,,0,70,,5907,3,,,0,30,,5908,3,,,0,70,,5909,3,,,0,30,,5910,3,,,0,70,,5911,3,,,0,30,,5912,3,,,0,70,,5922,3,,,0,30,,5921,3,,,0
100003029,'986',946,,5939,3,,,0,70,,5923,3,,,0,30,,5924,3,,,0,70,,5925,3,,,0,30,,5926,3,,,0,70,,5927,3,,,0,30,,5928,3,,,0,70,,5929,3,,,0,30,,5930,3,,,0,70,,5931,3,,,0,30,,5932,3,,,0,70,,5933,3,,,0,30,,5934,3,,,0,70,,5935,3,,,0,30,,5936,3,,,0,70,,5937,3,,,0,30,,5938,3,,,0,70,,5940,3,,,0,30,,5941,3,,,0
130003019,'976',751,,5942,3,,,0,60,,5974,3,0,7 8,0,20,,5943,3,,,0,20,,5968,3,0,7 8,0,60,,5944,3,,,0,20,,5971,3,0,7 8,0,20,,5945,3,,,0,60,,5969,3,0,7 8,0,20,,5946,3,,,0,23,,5972,3,0,7 8,0,62,,5947,3,,,0,23,,5970,3,0,7 8,0,62,,5948,3,,,0,23,,5973,3,0,7 8,0,22,,5949,3,,,0,63,,5950,3,0,7 8,0,22,,5951,3,,,0,23,,5952,3,0,7 8,0,62,,5953,3,,,0,23,,5954,3,0,7 8,0,62,,5955,3,,,0,23,,5956,3,0,7 8,0,22,,5957,3,,,0,63,,5958,3,0,7 8,0,22,,5959,3,,,0,23,,5960,3,0,7 8,0,62,,5961,3,,,0,23,,5962,3,0,7 8,0,62,,5963,3,,,0,23,,5976,3,0,7 8,0,22,,5975,3,,,0,85,,5964,3,,,0,85,,5965,3,,,0,85,,5966,3,,,0,45,,5977,3,,,0,85,,5967,3,0,7 8,0
130003019,'979',611,,3051,3,0,13,0,15,,3052,3,,,0,20,,3053,3,,,0,55,,3054,3,0,13,0,15,,3055,3,,,0,15,,3056,3,0,13,0,15,,3057,3,,,0,55,,3058,3,0,13,0,15,,3059,3,,,0,15,,3060,3,0,13,0,15,,3061,3,,,0,55,,3062,3,0,13,0,15,,3063,3,,,0,15,,3064,3,0,13,0,15,,3050,3,,,0,55,,3008,3,0,13,0,15,,3009,3,,,0,15,,3010,3,0,13,0,15,,3011,3,,,0,55,,3012,3,0,13,0,15,,3013,3,,,0,15,,3014,3,0,13,0,15,,3015,3,,,0,55,,3016,3,0,13,0,15,,3017,3,,,0,15,,3018,3,0,13,0,15,,3019,3,,,0,55,,3020,3,0,13,0,15,,3021,3,,,0,15,,3022,3,0,13,0,15,,3023,3,,,0,55,,3024,3,0,13,0,15,,3025,3,,,0,15,,3026,3,0,13,0,15,,3027,3,,,0,55,,3028,3,0,13,0,15,,3029,3,,,0,15,,3030,3,0,13,0,15,,3031,3,,,0,55,,3032,3,0,13,0,15,,3033,3,,,0,15,,3034,3,0,13,0,15,,3035,3,,,0,55,,3036,3,0,13,0,15,,3037,3,,,0,15,,3038,3,0,13,0,15,,3039,3,,,0,55,,3045,3,0,13,0,15,,3047,3,,,0,15,,3043,3,0,13,0,15,,3048,3,,,0,55,,3041,3,0,13,0,22,,3049,3,0,7 8,0,23,,3040,3,,,0,63,,3065,3,0,7 8,0,22,,3046,3,,,0,23,,3066,3,0,7 8,0,62,,3044,3,,,0,23,,3067,3,0,7 8,0,62,,3042,3,,,0,45,,3069,3,,,0,85,,3068,3,0,7 8,0,81,,3070,3,0,7 8,0
130003019,'983',751,,2972,3,,,0,60,,3004,3,0,7 8,0,20,,2973,3,,,0,20,,2998,3,0,7 8,0,60,,2974,3,,,0,20,,3001,3,0,7 8,0,20,,2975,3,,,0,60,,2999,3,0,7 8,0,20,,2976,3,,,0,23,,3002,3,0,7 8,0,62,,2977,3,,,0,23,,3000,3,0,7 8,0,62,,2978,3,,,0,23,,3003,3,0,7 8,0,22,,2979,3,,,0,63,,2980,3,0,7 8,0,22,,2981,3,,,0,23,,2982,3,0,7 8,0,62,,2983,3,,,0,23,,2984,3,0,7 8,0,62,,2985,3,,,0,23,,2986,3,0,7 8,0,22,,2987,3,,,0,63,,2988,3,0,7 8,0,22,,2989,3,,,0,23,,2990,3,0,7 8,0,62,,2991,3,,,0,23,,2992,3,0,7 8,0,62,,2993,3,,,0,23,,3006,3,0,7 8,0,22,,3005,3,,,0,85,,2994,3,,,0,85,,2995,3,,,0,85,,2996,3,,,0,45,,3007,3,,,0,85,,2997,3,0,7 8,0
130003019,'985',611,,6021,3,0,13,0,15,,6022,3,,,0,20,,6023,3,,,0,55,,6024,3,0,13,0,15,,6025,3,,,0,15,,6026,3,0,13,0,15,,6027,3,,,0,55,,6028,3,0,13,0,15,,6029,3,,,0,15,,6030,3,0,13,0,15,,6031,3,,,0,55,,6032,3,0,13,0,15,,6033,3,,,0,15,,6034,3,0,13,0,15,,6020,3,,,0,55,,5978,3,0,13,0,15,,5979,3,,,0,15,,5980,3,0,13,0,15,,5981,3,,,0,55,,5982,3,0,13,0,15,,5983,3,,,0,15,,5984,3,0,13,0,15,,5985,3,,,0,55,,5986,3,0,13,0,15,,5987,3,,,0,15,,5988,3,0,13,0,15,,5989,3,,,0,55,,5990,3,0,13,0,15,,5991,3,,,0,15,,5992,3,0,13,0,15,,5993,3,,,0,55,,5994,3,0,13,0,15,,5995,3,,,0,15,,5996,3,0,13,0,15,,5997,3,,,0,55,,5998,3,0,13,0,15,,5999,3,,,0,15,,6000,3,0,13,0,15,,6001,3,,,0,55,,6002,3,0,13,0,15,,6003,3,,,0,15,,6004,3,0,13,0,15,,6005,3,,,0,55,,6006,3,0,13,0,15,,6007,3,,,0,15,,6008,3,0,13,0,15,,6009,3,,,0,55,,6015,3,0,13,0,15,,6017,3,,,0,15,,6013,3,0,13,0,15,,6018,3,,,0,55,,6011,3,0,13,0,22,,6019,3,0,7 8,0,23,,6010,3,,,0,63,,6035,3,0,7 8,0,22,,6016,3,,,0,23,,6036,3,0,7 8,0,62,,6014,3,,,0,23,,6037,3,0,7 8,0,62,,6012,3,,,0,45,,6039,3,,,0,85,,6038,3,0,7 8,0,81,,6040,3,0,7 8,0
130003019,'986',601,,6041,3,,,0,20,,6042,3,0,7 8,0,20,,6043,3,,,0,60,,6044,3,0,7 8,0,20,,6045,3,,,0,20,,6046,3,0,7 8,0,60,,6047,3,,,0,20,,6048,3,0,7 8,0,20,,6049,3,,,0,60,,6050,3,0,7 8,0,20,,6051,3,,,0,20,,6052,3,0,13,0,60,,6053,3,0,13,0,15,,6054,3,,,0,15,,6055,3,0,13,0,15,,6056,3,,,0,55,,6057,3,0,13,0,15,,6058,3,,,0,15,,6059,3,0,13,0,15,,6060,3,,,0,55,,6061,3,0,13,0,15,,6062,3,,,0,15,,6063,3,0,13,0,15,,6064,3,,,0,55,,6065,3,0,13,0,15,,6066,3,,,0,15,,6067,3,0,13,0,15,,6068,3,,,0,55,,6069,3,0,13,0,15,,6070,3,,,0,15,,6071,3,0,13,0,15,,6072,3,,,0,55,,6073,3,0,13,0,15,,6074,3,,,0,15,,6075,3,0,13,0,15,,6076,3,,,0,55,,6077,3,0,13,0,15,,6078,3,,,0,15,,6079,3,0,13,0,15,,6080,3,,,0,55,,6081,3,0,13,0,15,,6082,3,,,0,15,,6083,3,0,13,0,15,,6084,3,,,0,55,,6085,3,0,13,0,15,,6100,3,,,0,15,,6092,3,0,13,0,15,,6086,3,,,0,55,,6093,3,0,13,0,22,,6087,3,0,7 8,0,23,,6094,3,,,0,63,,6088,3,0,7 8,0,22,,6097,3,,,0,23,,6089,3,0,7 8,0,62,,6096,3,,,0,23,,6090,3,0,7 8,0,62,,6095,3,,,0,45,,6091,3,,,0,85,,6099,3,0,7 8,0,81,,6098,3,0,7 8,0
130003019,'987',751,,6101,3,,,0,60,,6133,3,0,7 8,0,20,,6102,3,,,0,20,,6127,3,0,7 8,0,60,,6103,3,,,0,20,,6130,3,0,7 8,0,20,,6104,3,,,0,60,,6128,3,0,7 8,0,20,,6105,3,,,0,23,,6131,3,0,7 8,0,62,,6106,3,,,0,23,,6129,3,0,7 8,0,62,,6107,3,,,0,23,,6132,3,0,7 8,0,22,,6108,3,,,0,63,,6109,3,0,7 8,0,22,,6110,3,,,0,23,,6111,3,0,7 8,0,62,,6112,3,,,0,23,,6113,3,0,7 8,0,62,,6114,3,,,0,23,,6115,3,0,7 8,0,22,,6116,3,,,0,63,,6117,3,0,7 8,0,22,,6118,3,,,0,23,,6119,3,0,7 8,0,62,,6120,3,,,0,23,,6121,3,0,7 8,0,62,,6122,3,,,0,23,,6135,3,0,7 8,0,22,,6134,3,,,0,85,,6123,3,,,0,85,,6124,3,,,0,85,,6125,3,,,0,45,,6136,3,,,0,85,,6126,3,0,7 8,0
