15019,'1010',648,,11577,7,,,0,100,,11579,7,,,0,170,,11582,7,,,0,100,,11584,7,,,0,130,,11587,7,,,0,100,,11589,7,,,0,170,,11592,7,,,0,100,,11594,7,,,0,130,,11597,7,,,0,100,,11599,7,,,0,180,,11602,7,,,0,85,,11603,7,,,0,45,,11604,7,,,0,85,,11606,7,,,0,85,,11607,7,,,0,85,,11605,7,,,0
15019,'1014',816,,11608,7,,,0,40,,11609,7,,,0,80,,11610,7,,,0,79,,11611,7,,,0,43,,11612,7,,,0,85,,11613,7,,,0,85,,11614,7,,,0,85,,11615,7,,,0,45,,11616,7,,,0,85,,11617,7,,,0,85,,11618,7,,,0,85,,11619,7,,,0,45,,11620,7,,,0,85,,11621,7,,,0,85,,11622,7,,,0,85,,11623,7,,,0,45,,11624,7,,,0,85,,11625,7,,,0,85,,11626,7,,,0,85,,11627,7,,,0
15019,'1015',648,,13711,7,,,0,100,,13712,7,,,0,170,,13713,7,,,0,100,,13714,7,,,0,130,,13715,7,,,0,100,,13716,7,,,0,170,,13717,7,,,0,100,,13718,7,,,0,130,,13719,7,,,0,100,,13720,7,,,0,180,,13721,7,,,0,85,,13722,7,,,0,45,,13723,7,,,0,85,,13725,7,,,0,85,,13726,7,,,0,85,,13724,7,,,0
15019,'1016',625,,13727,7,,,0,80,,13729,7,,,0,40,,13730,7,,,0,80,,13728,7,,,0,80,,13731,7,,,0,40,,13732,7,,,0,75,,13734,7,,,0,30,,13735,7,,,0,100,,13736,7,,,0,70,,13737,7,,,0,30,,13738,7,,,0,70,,13739,7,,,0,100,,13740,7,,,0,30,,13741,7,,,0,70,,13742,7,,,0,30,,13743,7,,,0,100,,13744,7,,,0,70,,13745,7,,,0,30,,13746,7,,,0,70,,13747,7,,,0,107,,13748,7,,,0,85,,13749,7,,,0,45,,13750,7,,,0,85,,13751,7,,,0,85,,13752,7,,,0,85,,13733,7,,,0
15019,'1017',816,,13753,7,,,0,40,,13754,7,,,0,80,,13755,7,,,0,79,,13756,7,,,0,43,,13757,7,,,0,85,,13758,7,,,0,85,,13759,7,,,0,85,,13760,7,,,0,45,,13761,7,,,0,85,,13762,7,,,0,85,,13763,7,,,0,85,,13764,7,,,0,45,,13765,7,,,0,85,,13766,7,,,0,85,,13767,7,,,0,85,,13768,7,,,0,45,,13769,7,,,0,85,,13770,7,,,0,85,,13771,7,,,0,85,,13772,7,,,0
15019,'1018',816,,13773,7,,,0,40,,13774,7,,,0,80,,13775,7,,,0,79,,13776,7,,,0,43,,13777,7,,,0,85,,13778,7,,,0,85,,13779,7,,,0,85,,13780,7,,,0,45,,13781,7,,,0,85,,13782,7,,,0,85,,13783,7,,,0,85,,13784,7,,,0,45,,13785,7,,,0,85,,13786,7,,,0,85,,13787,7,,,0,85,,13788,7,,,0,45,,13789,7,,,0,85,,13790,7,,,0,85,,13791,7,,,0,85,,13792,7,,,0
15019,'994',718,,11578,7,,,0,100,,11580,7,,,0,30,,11581,7,,,0,100,,11583,7,,,0,100,,11585,7,,,0,70,,11586,7,,,0,100,,11588,7,,,0,100,,11590,7,,,0,30,,11591,7,,,0,100,,11593,7,,,0,100,,11595,7,,,0,70,,11596,7,,,0,100,,11598,7,,,0,100,,11600,7,,,0,30,,11601,7,,,0
15019,'995',1120,,11637,7,,,0,230,,11642,7,,,0,270,,11647,7,,,0,230,,11652,7,,,0
15029,'1010',722,,11679,17,,,0,100,,11681,17,,,0,130,,11684,17,,,0,100,,11686,17,,,0,170,,11689,17,,,0,100,,11691,17,,,0,130,,11694,17,,,0,100,,11696,17,,,0,170,,11699,17,,,0,100,,11701,17,,,0,179,,11704,17,,,0,45,,11705,17,,,0,78,,11706,17,,,0,85,,11708,17,,,0,45,,11709,17,,,0,85,,11707,17,,,0
15029,'1014',843,,11710,17,,,0,80,,11711,17,,,0,80,,11712,17,,,0,43,,11713,17,,,0,83,,11714,17,,,0,85,,11715,17,,,0,45,,11716,17,,,0,85,,11717,17,,,0,85,,11718,17,,,0,85,,11719,17,,,0,45,,11720,17,,,0,85,,11721,17,,,0,85,,11722,17,,,0,85,,11723,17,,,0,41,,11724,17,,,0,85,,11725,17,,,0,85,,11726,17,,,0,85,,11727,17,,,0,45,,11728,17,,,0,85,,11729,17,,,0
15029,'1015',722,,13793,17,,,0,100,,13794,17,,,0,130,,13795,17,,,0,100,,13796,17,,,0,170,,13797,17,,,0,100,,13798,17,,,0,130,,13799,17,,,0,100,,13800,17,,,0,170,,13801,17,,,0,100,,13802,17,,,0,179,,13803,17,,,0,45,,13804,17,,,0,78,,13805,17,,,0,85,,13807,17,,,0,45,,13808,17,,,0,85,,13806,17,,,0
15029,'1016',652,,13809,17,,,0,80,,13811,17,,,0,80,,13812,17,,,0,40,,13810,17,,,0,85,,13813,17,,,0,80,,13814,17,,,0,35,,13816,17,,,0,70,,13817,17,,,0,100,,13818,17,,,0,30,,13819,17,,,0,70,,13820,17,,,0,30,,13821,17,,,0,100,,13822,17,,,0,70,,13823,17,,,0,30,,13824,17,,,0,70,,13825,17,,,0,100,,13826,17,,,0,30,,13827,17,,,0,70,,13828,17,,,0,30,,13829,17,,,0,107,,13830,17,,,0,85,,13831,17,,,0,80,,13832,17,,,0,85,,13833,17,,,0,45,,13834,17,,,0,85,,13815,17,,,0
15029,'1017',843,,13835,17,,,0,80,,13836,17,,,0,80,,13837,17,,,0,43,,13838,17,,,0,83,,13839,17,,,0,85,,13840,17,,,0,45,,13841,17,,,0,85,,13842,17,,,0,85,,13843,17,,,0,85,,13844,17,,,0,45,,13845,17,,,0,85,,13846,17,,,0,85,,13847,17,,,0,85,,13848,17,,,0,41,,13849,17,,,0,85,,13850,17,,,0,85,,13851,17,,,0,85,,13852,17,,,0,45,,13853,17,,,0,85,,13854,17,,,0
15029,'1018',843,,13855,17,,,0,80,,13856,17,,,0,80,,13857,17,,,0,43,,13858,17,,,0,83,,13859,17,,,0,85,,13860,17,,,0,45,,13861,17,,,0,85,,13862,17,,,0,85,,13863,17,,,0,85,,13864,17,,,0,45,,13865,17,,,0,85,,13866,17,,,0,85,,13867,17,,,0,85,,13868,17,,,0,41,,13869,17,,,0,85,,13870,17,,,0,85,,13871,17,,,0,85,,13872,17,,,0,45,,13873,17,,,0,85,,13874,17,,,0
15029,'994',655,,11678,17,,,0,97,,11680,17,,,0,100,,11682,17,,,0,70,,11683,17,,,0,100,,11685,17,,,0,100,,11687,17,,,0,30,,11688,17,,,0,100,,11690,17,,,0,100,,11692,17,,,0,70,,11693,17,,,0,100,,11695,17,,,0,100,,11697,17,,,0,30,,11698,17,,,0,100,,11700,17,,,0,100,,11702,17,,,0,69,,11703,17,,,0
15029,'995',1152,,11739,17,,,0,270,,11744,17,,,0,230,,11749,17,,,0,270,,11754,17,,,0
