11019,'979',624,,1534,14,,,0,30,,1535,14,,,0,70,,1536,14,,,0,30,,1537,14,,,0,70,,1538,14,,,0,30,,1539,14,,,0,70,,1540,14,,,0,30,,1541,14,,,0,70,,1518,14,,,0,30,,1519,14,,,0,70,,1520,14,,,0,30,,1521,14,,,0,70,,1522,14,,,0,30,,1523,14,,,0,70,,1524,14,,,0,30,,1525,14,,,0,70,,1526,14,,,0,30,,1527,14,,,0,70,,1528,14,,,0,30,,1529,14,,,0,70,,1530,14,,,0,30,,1531,14,,,0,70,,1532,14,,,0,30,,1533,14,,,0,70,,1543,14,,,0,30,,1542,14,,,0
11019,'985',624,,4544,14,,,0,30,,4545,14,,,0,70,,4546,14,,,0,30,,4547,14,,,0,70,,4548,14,,,0,30,,4549,14,,,0,70,,4550,14,,,0,30,,4551,14,,,0,70,,4528,14,,,0,30,,4529,14,,,0,70,,4530,14,,,0,30,,4531,14,,,0,70,,4532,14,,,0,30,,4533,14,,,0,70,,4534,14,,,0,30,,4535,14,,,0,70,,4536,14,,,0,30,,4537,14,,,0,70,,4538,14,,,0,30,,4539,14,,,0,70,,4540,14,,,0,30,,4541,14,,,0,70,,4542,14,,,0,30,,4543,14,,,0,70,,4553,14,,,0,30,,4552,14,,,0
11019,'986',1024,,4554,14,,,0,30,,4555,14,,,0,70,,4556,14,,,0,30,,4557,14,,,0,70,,4558,14,,,0,30,,4559,14,,,0,70,,4560,14,,,0,30,,4561,14,,,0,70,,4562,14,,,0,30,,4563,14,,,0,70,,4564,14,,,0,30,,4565,14,,,0,70,,4566,14,,,0,30,,4567,14,,,0,70,,4568,14,,,0,30,,4569,14,,,0,70,,4570,14,,,0,30,,4571,14,,,0
13029,'976',904,,4710,18,,,0,40,,4711,18,,,0,80,,4712,18,,,0,80,,4713,18,,,0,46,,4714,18,,,0,85,,4715,18,,,0,85,,4716,18,,,0,85,,4717,18,,,0,45,,4718,18,,,0,85,,4719,18,,,0,85,,4720,18,,,0,85,,4721,18,,,0,45,,4722,18,,,0,85,,4723,18,,,0,85,,4724,18,,,0,84,,4725,18,,,0,44,,4726,18,,,0,85,,4727,18,,,0,85,,4728,18,,,0
13029,'979',1936,,1736,18,,,0,85,,1731,18,,,0,85,,1732,18,,,0,44,,1734,18,,,0,83,,1733,18,,,0,85,,1735,18,,,0
13029,'983',904,,1712,18,,,0,40,,1713,18,,,0,80,,1714,18,,,0,80,,1715,18,,,0,46,,1716,18,,,0,85,,1717,18,,,0,85,,1718,18,,,0,85,,1719,18,,,0,45,,1720,18,,,0,85,,1721,18,,,0,85,,1722,18,,,0,85,,1723,18,,,0,45,,1724,18,,,0,85,,1725,18,,,0,85,,1726,18,,,0,84,,1727,18,,,0,44,,1728,18,,,0,85,,1729,18,,,0,85,,1730,18,,,0
13029,'985',1936,,4734,18,,,0,85,,4729,18,,,0,85,,4730,18,,,0,44,,4732,18,,,0,83,,4731,18,,,0,85,,4733,18,,,0
13029,'986',632,,4735,18,,,0,80,,4736,18,,,0,40,,4737,18,,,0,80,,4738,18,,,0,81,,4739,18,,,0,40,,4740,18,,,0,982,,4741,18,,,0,85,,4742,18,,,0,85,,4743,18,,,0,46,,4744,18,,,0,85,,4745,18,,,0,85,,4746,18,,,0
13029,'987',904,,4747,18,,,0,40,,4748,18,,,0,80,,4749,18,,,0,80,,4750,18,,,0,46,,4751,18,,,0,85,,4752,18,,,0,85,,4753,18,,,0,85,,4754,18,,,0,45,,4755,18,,,0,85,,4756,18,,,0,85,,4757,18,,,0,85,,4758,18,,,0,45,,4759,18,,,0,85,,4760,18,,,0,85,,4761,18,,,0,84,,4762,18,,,0,44,,4763,18,,,0,85,,4764,18,,,0,85,,4765,18,,,0
130003029,'976',823,,6137,22,,,0,20,,6162,22,0,9,0,60,,6138,22,,,0,20,,6168,22,0,9,0,20,,6139,22,,,0,60,,6165,22,0,9,0,20,,6140,22,,,0,22,,6166,22,0,9,0,61,,6141,22,,,0,22,,6164,22,0,9,0,25,,6142,22,,,0,62,,6167,22,0,9,0,23,,6143,22,,,0,62,,6163,22,0,9,0,23,,6144,22,,,0,22,,6145,22,0,9,0,63,,6146,22,,,0,22,,6147,22,0,9,0,23,,6148,22,,,0,62,,6149,22,0,9,0,23,,6150,22,,,0,62,,6151,22,0,9,0,23,,6152,22,,,0,22,,6153,22,0,9,0,63,,6154,22,,,0,22,,6155,22,0,9,0,24,,6156,22,,,0,62,,6170,22,0,9,0,23,,6169,22,,,0,85,,6157,22,,,0,85,,6158,22,,,0,45,,6159,22,,,0,85,,6160,22,,,0,85,,6161,22,,,0,83,,6171,22,0,9,0
130003029,'979',624,,3243,22,,,0,15,,3244,22,0,10 11,0,69,,3245,23,0,10 11,0,15,,3246,23,,,0,15,,3247,23,0,10 11,0,15,,3248,23,,,0,55,,3249,23,0,10 11,0,15,,3250,23,,,0,15,,3251,23,0,10 11,0,15,,3252,23,,,0,55,,3253,23,0,10 11,0,15,,3254,23,,,0,15,,3255,23,0,10 11,0,15,,3256,23,,,0,55,,3257,23,0,10 11,0,15,,3202,23,,,0,15,,3203,23,0,10 11,0,15,,3204,23,,,0,55,,3205,23,0,10 11,0,15,,3206,23,,,0,15,,3207,23,0,10 11,0,15,,3208,23,,,0,55,,3209,23,0,10 11,0,15,,3210,23,,,0,15,,3211,23,0,10 11,0,15,,3212,23,,,0,55,,3213,23,0,10 11,0,15,,3214,23,,,0,15,,3215,23,0,10 11,0,15,,3216,23,,,0,55,,3217,23,0,10 11,0,15,,3218,23,,,0,15,,3219,23,0,10 11,0,15,,3220,23,,,0,55,,3221,23,0,10 11,0,15,,3222,23,,,0,15,,3223,23,0,10 11,0,15,,3224,23,,,0,55,,3225,23,0,10 11,0,15,,3226,23,,,0,15,,3227,23,0,10 11,0,15,,3228,23,,,0,55,,3229,23,0,10 11,0,15,,3230,23,,,0,15,,3231,23,0,10 11,0,15,,3232,23,,,0,55,,3240,23,0,10 11,0,15,,3239,23,,,0,15,,3241,23,0,10 11,0,15,,3233,23,,,0,48,,3242,22,0,9,0,15,,3237,22,0,9,0,22,,3258,22,,,0,63,,3236,22,0,9,0,22,,3259,22,,,0,23,,3235,22,0,9,0,62,,3260,22,,,0,23,,3234,22,0,9,0,22,,3262,22,,,0,63,,3264,22,0,9,0,22,,3238,22,,,0,82,,3261,22,0,9,0,85,,3263,22,0,9,0,38,,3265,22,0,9,0
130003029,'983',823,,3167,22,,,0,20,,3192,22,0,9,0,60,,3168,22,,,0,20,,3198,22,0,9,0,20,,3169,22,,,0,60,,3195,22,0,9,0,20,,3170,22,,,0,22,,3196,22,0,9,0,61,,3171,22,,,0,22,,3194,22,0,9,0,25,,3172,22,,,0,62,,3197,22,0,9,0,23,,3173,22,,,0,62,,3193,22,0,9,0,23,,3174,22,,,0,22,,3175,22,0,9,0,63,,3176,22,,,0,22,,3177,22,0,9,0,23,,3178,22,,,0,62,,3179,22,0,9,0,23,,3180,22,,,0,62,,3181,22,0,9,0,23,,3182,22,,,0,22,,3183,22,0,9,0,63,,3184,22,,,0,22,,3185,22,0,9,0,24,,3186,22,,,0,62,,3200,22,0,9,0,23,,3199,22,,,0,85,,3187,22,,,0,85,,3188,22,,,0,45,,3189,22,,,0,85,,3190,22,,,0,85,,3191,22,,,0,83,,3201,22,0,9,0
130003029,'985',624,,6213,22,,,0,15,,6214,22,0,10 11,0,69,,6215,23,0,10 11,0,15,,6216,23,,,0,15,,6217,23,0,10 11,0,15,,6218,23,,,0,55,,6219,23,0,10 11,0,15,,6220,23,,,0,15,,6221,23,0,10 11,0,15,,6222,23,,,0,55,,6223,23,0,10 11,0,15,,6224,23,,,0,15,,6225,23,0,10 11,0,15,,6226,23,,,0,55,,6227,23,0,10 11,0,15,,6172,23,,,0,15,,6173,23,0,10 11,0,15,,6174,23,,,0,55,,6175,23,0,10 11,0,15,,6176,23,,,0,15,,6177,23,0,10 11,0,15,,6178,23,,,0,55,,6179,23,0,10 11,0,15,,6180,23,,,0,15,,6181,23,0,10 11,0,15,,6182,23,,,0,55,,6183,23,0,10 11,0,15,,6184,23,,,0,15,,6185,23,0,10 11,0,15,,6186,23,,,0,55,,6187,23,0,10 11,0,15,,6188,23,,,0,15,,6189,23,0,10 11,0,15,,6190,23,,,0,55,,6191,23,0,10 11,0,15,,6192,23,,,0,15,,6193,23,0,10 11,0,15,,6194,23,,,0,55,,6195,23,0,10 11,0,15,,6196,23,,,0,15,,6197,23,0,10 11,0,15,,6198,23,,,0,55,,6199,23,0,10 11,0,15,,6200,23,,,0,15,,6201,23,0,10 11,0,15,,6202,23,,,0,55,,6210,23,0,10 11,0,15,,6209,23,,,0,15,,6211,23,0,10 11,0,15,,6203,23,,,0,48,,6212,22,0,9,0,15,,6207,22,0,9,0,22,,6228,22,,,0,63,,6206,22,0,9,0,22,,6229,22,,,0,23,,6205,22,0,9,0,62,,6230,22,,,0,23,,6204,22,0,9,0,22,,6232,22,,,0,63,,6234,22,0,9,0,22,,6208,22,,,0,82,,6231,22,0,9,0,85,,6233,22,0,9,0,38,,6235,22,0,9,0
130003029,'986',614,,6236,22,0,9,0,20,,6237,22,,,0,20,,6238,22,0,9,0,60,,6239,22,,,0,20,,6240,22,0,9,0,20,,6241,22,,,0,60,,6242,22,0,9,0,20,,6243,22,,,0,20,,6244,22,0,9,0,60,,6245,22,,,0,20,,6246,22,0,9,0,20,,6247,22,,,0,69,,6248,23,,,0,15,,6249,23,0,10 11,0,15,,6250,23,,,0,55,,6251,23,0,10 11,0,15,,6252,23,,,0,15,,6253,23,0,10 11,0,15,,6254,23,,,0,55,,6255,23,0,10 11,0,15,,6256,23,,,0,15,,6257,23,0,10 11,0,15,,6258,23,,,0,55,,6259,23,0,10 11,0,15,,6260,23,,,0,15,,6261,23,0,10 11,0,15,,6262,23,,,0,55,,6263,23,0,10 11,0,15,,6264,23,,,0,15,,6265,23,0,10 11,0,15,,6266,23,,,0,55,,6267,23,0,10 11,0,15,,6268,23,,,0,15,,6269,23,0,10 11,0,15,,6270,23,,,0,55,,6271,23,0,10 11,0,15,,6272,23,,,0,15,,6273,23,0,10 11,0,15,,6274,23,,,0,55,,6275,23,0,10 11,0,15,,6276,23,,,0,15,,6277,23,0,10 11,0,15,,6294,23,,,0,55,,6295,23,0,10 11,0,15,,6289,23,,,0,15,,6290,23,0,10 11,0,15,,6292,23,,,0,48,,6293,22,0,9,0,15,,6291,22,0,9,0,22,,6296,22,,,0,63,,6283,22,0,9,0,22,,6278,22,,,0,23,,6284,22,0,9,0,62,,6279,22,,,0,23,,6285,22,0,9,0,22,,6280,22,,,0,63,,6286,22,0,9,0,22,,6281,22,,,0,82,,6282,22,0,9,0,86,,6287,22,0,9,0,38,,6288,22,0,9,0
130003029,'987',823,,6297,22,,,0,20,,6322,22,0,9,0,60,,6298,22,,,0,20,,6328,22,0,9,0,20,,6299,22,,,0,60,,6325,22,0,9,0,20,,6300,22,,,0,22,,6326,22,0,9,0,61,,6301,22,,,0,22,,6324,22,0,9,0,25,,6302,22,,,0,62,,6327,22,0,9,0,23,,6303,22,,,0,62,,6323,22,0,9,0,23,,6304,22,,,0,22,,6305,22,0,9,0,63,,6306,22,,,0,22,,6307,22,0,9,0,23,,6308,22,,,0,62,,6309,22,0,9,0,23,,6310,22,,,0,62,,6311,22,0,9,0,23,,6312,22,,,0,22,,6313,22,0,9,0,63,,6314,22,,,0,22,,6315,22,0,9,0,24,,6316,22,,,0,62,,6330,22,0,9,0,23,,6329,22,,,0,85,,6317,22,,,0,85,,6318,22,,,0,45,,6319,22,,,0,85,,6320,22,,,0,85,,6321,22,,,0,83,,6331,22,0,9,0
