30003019,'1004',858,,12202,18,,,0,80,,12203,18,,,0,80,,12204,18,,,0,40,,12205,18,,,0,87,,12206,18,,,0,88,,12207,18,,,0,85,,12208,18,,,0,85,,12209,18,,,0,45,,12210,18,,,0,85,,12211,18,,,0,85,,12212,18,,,0,85,,12213,18,,,0,45,,12214,18,,,0,85,,12215,18,,,0,85,,12216,18,,,0,85,,12217,18,,,0,45,,12218,18,,,0,85,,12219,18,,,0,85,,12221,18,0,9,0,82,,12220,18,0,9,0
30003019,'1010',802,,12196,18,,,0,228,,12170,18,,,0,272,,12175,18,,,0,230,,12180,18,,,0,270,,12185,18,,,0
30003019,'1011',732,,12195,18,,,0,270,,12200,18,,,0,230,,12174,18,,,0,270,,12179,18,,,0,230,,12184,18,,,0
30003019,'1012',732,,12877,18,,,0,270,,12878,18,,,0,230,,12874,18,,,0,270,,12875,18,,,0,230,,12876,18,,,0
30003019,'1015',802,,14019,18,,,0,228,,14015,18,,,0,272,,14016,18,,,0,230,,14017,18,,,0,270,,14018,18,,,0
30003019,'1016',1202,,14020,18,,,0,230,,14021,18,,,0,270,,14022,18,,,0,225,,14024,18,,,0,218,,14023,18,,,0
30003019,'994',636,,12193,18,,,0,66,,12194,18,,,0,130,,12197,18,,,0,70,,12198,18,,,0,30,,12199,18,,,0,170,,12171,18,,,0,30,,12172,18,,,0,70,,12173,18,,,0,130,,12176,18,,,0,70,,12177,18,,,0,30,,12178,18,,,0,170,,12181,18,,,0,30,,12182,18,,,0,70,,12183,18,,,0,129,,12187,18,,,0,70,,12186,18,0,9,0,30,,12192,18,,,0,85,,12190,18,,,0,85,,12189,18,,,0,45,,12191,18,,,0,85,,12188,18,,,0,85,,12201,18,0,7 8,0
30003019,'995',633,,12222,18,,,0,75,,12223,18,,,0,40,,12224,18,,,0,80,,12225,18,,,0,80,,12226,18,,,0,40,,12227,18,,,0,82,,12228,18,,,0,72,,12229,18,,,0,30,,12230,18,,,0,100,,12232,18,,,0,70,,12233,18,,,0,30,,12234,18,,,0,70,,12235,18,,,0,100,,12237,18,,,0,30,,12238,18,,,0,70,,12239,18,,,0,30,,12240,18,,,0,100,,12242,18,,,0,70,,12243,18,,,0,27,,12244,18,,,0,28,,12245,18,0,9,0,155,,12246,18,,,0,45,,12247,18,,,0,173,,12249,18,,,0,82,,12250,18,0,9,0
30003019,'996',858,,12252,18,,,0,80,,12253,18,,,0,80,,12254,18,,,0,40,,12255,18,,,0,87,,12256,18,,,0,88,,12257,18,,,0,85,,12258,18,,,0,85,,12259,18,,,0,45,,12260,18,,,0,85,,12261,18,,,0,85,,12262,18,,,0,85,,12263,18,,,0,45,,12264,18,,,0,85,,12265,18,,,0,85,,12266,18,,,0,85,,12267,18,,,0,45,,12268,18,,,0,85,,12269,18,,,0,85,,12271,18,0,9,0,82,,12270,18,0,9,0
100003019,'1010',843,,12395,10,,,0,270,,12376,10,,,0,230,,12381,10,,,0,270,,12386,10,,,0,230,,12398,10,,,0
100003019,'1011',713,,12392,10,,,0,230,,12397,10,,,0,270,,12378,10,,,0,230,,12383,10,,,0,270,,12388,10,,,0
100003019,'1012',713,,12887,10,,,0,230,,12888,10,,,0,270,,12884,10,,,0,230,,12885,10,,,0,270,,12886,10,,,0
100003019,'1015',843,,14038,10,,,0,270,,14035,10,,,0,230,,14036,10,,,0,270,,14037,10,,,0,230,,14039,10,,,0
100003019,'1016',1113,,14040,10,,,0,230,,14041,10,,,0,270,,14042,10,,,0,230,,14043,10,,,0
100003019,'994',646,,12391,10,,,0,97,,12393,10,,,0,70,,12394,10,,,0,100,,12396,10,,,0,100,,12374,10,,,0,30,,12375,10,,,0,100,,12377,10,,,0,100,,12379,10,,,0,70,,12380,10,,,0,100,,12382,10,,,0,100,,12384,10,,,0,30,,12385,10,,,0,100,,12387,10,,,0,100,,12389,10,,,0,70,,12390,10,,,0,100,,12399,10,0,9,0
100003019,'995',1013,,12400,10,,,0,30,,12401,10,,,0,100,,12403,10,,,0,70,,12404,10,,,0,30,,12405,10,,,0,70,,12406,10,,,0,100,,12408,10,,,0,30,,12409,10,,,0,70,,12410,10,,,0,30,,12411,10,,,0,100,,12413,10,,,0,70,,12414,10,,,0,30,,12415,10,,,0,70,,12416,10,,,0,100,,12418,10,0,9,0
