5019,'1004',837,,10188,18,,,0,80,,10189,18,,,0,40,,10190,18,,,0,80,,10191,18,,,0,85,,10192,18,,,0,90,,10193,18,,,0,45,,10194,18,,,0,85,,10195,18,,,0,85,,10196,18,,,0,85,,10197,18,,,0,45,,10198,18,,,0,85,,10199,18,,,0,85,,10200,18,,,0,85,,10201,18,,,0,45,,10202,18,,,0,85,,10203,18,,,0,85,,10204,18,,,0,85,,10205,18,,,0,45,,10206,18,,,0,85,,10207,18,,,0
5019,'1016',607,,13122,18,,,0,40,,13123,18,,,0,80,,13124,18,,,0,80,,13125,18,,,0,40,,13126,18,,,0,80,,13127,18,,,0,85,,13128,18,,,0,30,,13129,18,,,0,70,,13130,18,,,0,30,,13131,18,,,0,70,,13132,18,,,0,30,,13133,18,,,0,70,,13134,18,,,0,30,,13135,18,,,0,70,,13136,18,,,0,30,,13137,18,,,0,70,,13138,18,,,0,30,,13139,18,,,0,70,,13140,18,,,0,30,,13141,18,,,0,70,,13142,18,,,0,30,,13143,18,,,0,70,,13144,18,,,0,30,,13145,18,,,0,70,,13146,18,,,0,44,,13147,18,,,0,84,,13148,18,,,0,86,,13149,18,,,0,85,,13150,18,,,0,45,,13152,18,,,0,85,,13151,18,,,0
5019,'994',642,,10179,18,,,0,70,,10180,18,,,0,30,,10181,18,,,0,70,,10182,18,,,0,29,,10183,18,,,0,71,,10184,18,,,0,30,,10185,18,,,0,70,,10163,18,,,0,30,,10164,18,,,0,70,,10165,18,,,0,30,,10166,18,,,0,70,,10167,18,,,0,30,,10168,18,,,0,70,,10169,18,,,0,30,,10170,18,,,0,70,,10171,18,,,0,30,,10172,18,,,0,70,,10173,18,,,0,30,,10174,18,,,0,70,,10175,18,,,0,30,,10176,18,,,0,70,,10177,18,,,0,30,,10178,18,,,0,70,,10156,18,,,0,30,,10157,18,,,0,70,,10158,18,,,0,44,,10159,18,,,0,84,,10160,18,,,0,86,,10161,18,,,0,85,,10162,18,,,0,44,,10186,18,,,0,86,,10187,18,,,0
5019,'996',837,,10239,18,,,0,80,,10240,18,,,0,40,,10241,18,,,0,80,,10242,18,,,0,85,,10243,18,,,0,90,,10244,18,,,0,45,,10245,18,,,0,85,,10246,18,,,0,85,,10247,18,,,0,85,,10248,18,,,0,45,,10249,18,,,0,85,,10250,18,,,0,85,,10251,18,,,0,85,,10252,18,,,0,45,,10253,18,,,0,85,,10254,18,,,0,85,,10255,18,,,0,85,,10256,18,,,0,45,,10257,18,,,0,85,,10258,18,,,0
8019,'1010',652,,10612,13,,,0,58,,10613,13,,,0,34,,10614,13,,,0,65,,10615,13,,,0,30,,10616,13,,,0,70,,10617,13,,,0,30,,10618,13,,,0,70,,10576,13,,,0,30,,10577,13,,,0,70,,10578,13,,,0,30,,10579,13,,,0,70,,10580,13,,,0,32,,10581,13,,,0,74,,10582,13,,,0,30,,10583,13,,,0,70,,10584,13,,,0,30,,10585,13,,,0,70,,10586,13,,,0,30,,10587,13,,,0,70,,10588,13,,,0,30,,10589,13,,,0,70,,10590,13,,,0,30,,10591,13,,,0,68,,10619,13,,,0,30,,10600,13,,,0,67,,10601,13,,,0
8019,'1014',1025,,10646,13,,,0,80,,10630,13,,,0,43,,10647,13,,,0,85,,10631,13,,,0,85,,10648,13,,,0,86,,10632,13,,,0,45,,10649,13,,,0,85,,10622,13,,,0,85,,10633,13,,,0,85,,10634,13,,,0,45,,10635,13,,,0
8019,'1015',652,,13242,13,,,0,58,,13243,13,,,0,34,,13244,13,,,0,65,,13245,13,,,0,30,,13246,13,,,0,70,,13247,13,,,0,30,,13248,13,,,0,70,,13206,13,,,0,30,,13207,13,,,0,70,,13208,13,,,0,30,,13209,13,,,0,70,,13210,13,,,0,32,,13211,13,,,0,74,,13212,13,,,0,30,,13213,13,,,0,70,,13214,13,,,0,30,,13215,13,,,0,70,,13216,13,,,0,30,,13217,13,,,0,70,,13218,13,,,0,30,,13219,13,,,0,70,,13220,13,,,0,30,,13221,13,,,0,68,,13249,13,,,0,30,,13230,13,,,0,67,,13231,13,,,0
8019,'1016',952,,13289,13,,,0,65,,13290,13,,,0,17,,13291,13,,,0,76,,13292,13,,,0,30,,13293,13,,,0,70,,13294,13,,,0,30,,13295,13,,,0,70,,13296,13,,,0,33,,13297,13,,,0,70,,13298,13,,,0,30,,13299,13,,,0,70,,13300,13,,,0,30,,13301,13,,,0,70,,13302,13,,,0,30,,13303,13,,,0,70,,13304,13,,,0,30,,13305,13,,,0,70,,13306,13,,,0,30,,13309,13,,,0,67,,13308,13,,,0
8019,'1017',1025,,13335,13,,,0,80,,13319,13,,,0,43,,13336,13,,,0,85,,13320,13,,,0,85,,13337,13,,,0,86,,13321,13,,,0,45,,13338,13,,,0,85,,13311,13,,,0,85,,13322,13,,,0,85,,13323,13,,,0,45,,13324,13,,,0
8019,'1018',1025,,13375,13,,,0,80,,13359,13,,,0,43,,13376,13,,,0,85,,13360,13,,,0,85,,13377,13,,,0,86,,13361,13,,,0,45,,13378,13,,,0,85,,13351,13,,,0,85,,13362,13,,,0,85,,13363,13,,,0,45,,13364,13,,,0
16029,'994',627,,8566,12,,,0,28,,8567,12,,,0,70,,8568,12,,,0,30,,8569,12,,,0,70,,8570,12,,,0,30,,8571,12,,,0,70,,8572,12,,,0,28,,8573,12,,,0,72,,8551,12,,,0,30,,8552,12,,,0,70,,8553,12,,,0,30,,8554,12,,,0,70,,8555,12,,,0,30,,8556,12,,,0,70,,8557,12,,,0,30,,8558,12,,,0,70,,8559,12,,,0,30,,8560,12,,,0,70,,8561,12,,,0,30,,8562,12,,,0,70,,8563,12,,,0,30,,8564,12,,,0,70,,8565,12,,,0,30,,8574,12,,,0,70,,8575,12,,,0,30,,8576,12,,,0
16029,'995',642,,8577,12,,,0,67,,8578,12,,,0,40,,8579,12,,,0,80,,8580,12,,,0,80,,8581,12,,,0,40,,8582,12,,,0,76,,8583,12,,,0,30,,8584,12,,,0,70,,8585,12,,,0,30,,8586,12,,,0,70,,8587,12,,,0,30,,8588,12,,,0,70,,8589,12,,,0,30,,8590,12,,,0,70,,8591,12,,,0,30,,8592,12,,,0,70,,8593,12,,,0,30,,8594,12,,,0,70,,8595,12,,,0,30,,8596,12,,,0,70,,8597,12,,,0,30,,8598,12,,,0,70,,8599,12,,,0,30,,8600,12,,,0
