30003019,'1021',637,,12193,21,,,0,66,,12194,21,,,0,130,,12197,21,,,0,70,,12198,21,,,0,30,,12199,21,,,0,170,,12171,21,,,0,30,,12172,21,,,0,70,,12173,21,,,0,130,,12176,21,,,0,70,,12177,21,,,0,30,,12178,21,,,0,170,,12181,21,,,0,30,,12182,21,,,0,70,,12183,21,,,0,129,,12187,21,,,0,70,,12186,21,0,9,0,30,,12192,21,,,0,85,,12190,21,,,0,85,,12189,21,,,0,45,,12191,21,,,0,85,,12188,21,,,0,85,,12201,21,0,7 8,0
30003019,'1022',733,,12195,21,,,0,70,,14019,21,,,0,200,,12200,21,,,0,28,,14015,21,,,0,202,,12174,21,,,0,70,,14016,21,,,0,200,,12179,21,,,0,30,,14017,21,,,0,200,,12184,21,,,0,70,,14018,21,,,0
30003019,'1024',859,,12202,21,,,0,80,,12203,21,,,0,80,,12204,21,,,0,40,,12205,21,,,0,87,,12206,21,,,0,88,,12207,21,,,0,85,,12208,21,,,0,85,,12209,21,,,0,45,,12210,21,,,0,85,,12211,21,,,0,85,,12212,21,,,0,85,,12213,21,,,0,45,,12214,21,,,0,85,,12215,21,,,0,85,,12216,21,,,0,85,,12217,21,,,0,45,,12218,21,,,0,85,,12219,21,,,0,85,,12221,21,0,9,0,82,,12220,21,0,9,0
30003019,'1025',637,,15337,21,,,0,66,,15338,21,,,0,30,,15339,21,,,0,70,,15340,21,,,0,30,,15341,21,,,0,70,,15342,21,,,0,30,,15343,21,,,0,70,,15344,21,,,0,28,,15314,21,,,0,72,,15315,21,,,0,30,,15316,21,,,0,70,,15317,21,,,0,30,,15318,21,,,0,70,,15319,21,,,0,30,,15320,21,,,0,70,,15321,21,,,0,30,,15322,21,,,0,70,,15323,21,,,0,30,,15324,21,,,0,70,,15325,21,,,0,30,,15326,21,,,0,70,,15327,21,,,0,30,,15328,21,,,0,70,,15329,21,,,0,29,,15331,21,,,0,70,,15330,21,0,9,0,30,,15336,21,,,0,85,,15334,21,,,0,85,,15333,21,,,0,45,,15335,21,,,0,85,,15332,21,,,0,85,,15345,21,0,7 8,0
30003019,'1026',634,,15346,21,,,0,75,,15347,21,,,0,40,,15348,21,,,0,80,,15349,21,,,0,80,,15350,21,,,0,40,,15351,21,,,0,82,,15352,21,,,0,72,,15353,21,,,0,30,,15354,21,,,0,70,,15355,21,,,0,30,,15356,21,,,0,70,,15357,21,,,0,30,,15358,21,,,0,70,,15359,21,,,0,30,,15360,21,,,0,70,,15361,21,,,0,30,,15362,21,,,0,70,,15363,21,,,0,30,,15364,21,,,0,70,,15365,21,,,0,30,,15366,21,,,0,70,,15367,21,,,0,27,,15368,21,,,0,28,,15369,21,0,9,0,70,,15375,21,,,0,85,,15370,21,,,0,45,,15371,21,,,0,88,,15372,21,,,0,85,,15373,21,,,0,82,,15374,21,0,9,0
30003019,'1027',859,,15376,21,,,0,80,,15377,21,,,0,80,,15378,21,,,0,40,,15379,21,,,0,87,,15380,21,,,0,88,,15381,21,,,0,85,,15382,21,,,0,85,,15383,21,,,0,45,,15384,21,,,0,85,,15385,21,,,0,85,,15386,21,,,0,85,,15387,21,,,0,45,,15388,21,,,0,85,,15389,21,,,0,85,,15390,21,,,0,85,,15391,21,,,0,45,,15392,21,,,0,85,,15393,21,,,0,85,,15395,21,0,9,0,82,,15394,21,0,9,0
30003019,'996',859,,15396,21,,,0,80,,15397,21,,,0,80,,15398,21,,,0,40,,15399,21,,,0,87,,15400,21,,,0,88,,15401,21,,,0,85,,15402,21,,,0,85,,15403,21,,,0,45,,15404,21,,,0,85,,15405,21,,,0,85,,15406,21,,,0,85,,15407,21,,,0,45,,15408,21,,,0,85,,15409,21,,,0,85,,15410,21,,,0,85,,15411,21,,,0,45,,15412,21,,,0,85,,15413,21,,,0,85,,15415,21,0,9,0,82,,15414,21,0,9,0
100003019,'1021',647,,12391,13,,,0,101,,12393,15,,,0,70,,12394,15,,,0,100,,12396,15,,,0,100,,12374,15,,,0,30,,12375,15,,,0,100,,12377,15,,,0,100,,12379,15,,,0,70,,12380,15,,,0,100,,12382,15,,,0,100,,12384,15,,,0,30,,12385,15,,,0,100,,12387,15,,,0,100,,12389,15,,,0,70,,12390,15,,,0,100,,12399,15,0,9,0
100003019,'1022',718,,12392,15,,,0,130,,14038,15,,,0,100,,12397,15,,,0,170,,14035,15,,,0,100,,12378,15,,,0,130,,14036,15,,,0,100,,12383,15,,,0,170,,14037,15,,,0,100,,12388,15,,,0,130,,14039,15,,,0
100003019,'1025',647,,15535,13,,,0,71,,15536,15,,,0,30,,15537,15,,,0,70,,15538,15,,,0,30,,15539,15,,,0,70,,15540,15,,,0,30,,15541,15,,,0,70,,15518,15,,,0,30,,15519,15,,,0,70,,15520,15,,,0,30,,15521,15,,,0,70,,15522,15,,,0,30,,15523,15,,,0,70,,15524,15,,,0,30,,15525,15,,,0,70,,15526,15,,,0,30,,15527,15,,,0,70,,15528,15,,,0,30,,15529,15,,,0,70,,15530,15,,,0,30,,15531,15,,,0,70,,15532,15,,,0,30,,15533,15,,,0,70,,15534,15,,,0,30,,15542,15,,,0,70,,15543,15,0,9,0
100003019,'1026',1018,,15544,15,,,0,30,,15545,15,,,0,70,,15546,15,,,0,30,,15547,15,,,0,70,,15548,15,,,0,30,,15549,15,,,0,70,,15550,15,,,0,30,,15551,15,,,0,70,,15552,15,,,0,30,,15553,15,,,0,70,,15554,15,,,0,30,,15555,15,,,0,70,,15556,15,,,0,30,,15557,15,,,0,70,,15558,15,,,0,30,,15559,15,,,0,70,,15560,15,,,0,30,,15561,15,,,0,70,,15562,15,0,9,0
