14019,'1010',736,,11394,7,0,10 11,0,270,,11399,7,0,10 11,0,232,,11373,7,0,10 11,0,270,,11378,7,0,10 11,0,230,,11383,7,0,10 11,0,220,,11388,7,,,0,85,,11389,7,,,0,85,,11387,7,,,0,85,,11390,7,,,0,45,,11386,7,,,0,85,,11401,7,,,0
14019,'1011',836,,11396,7,0,10 11,0,270,,11370,7,0,10 11,0,232,,11375,7,0,10 11,0,270,,11380,7,0,10 11,0,228,,11385,7,0,10 11,0
14019,'1012',836,,12868,7,0,10 11,0,270,,12864,7,0,10 11,0,232,,12865,7,0,10 11,0,270,,12866,7,0,10 11,0,228,,12867,7,0,9,0
14019,'1014',842,,11402,7,,,0,80,,11403,7,,,0,80,,11404,7,,,0,40,,11405,7,,,0,84,,11406,7,,,0,88,,11407,7,,,0,45,,11408,7,,,0,85,,11409,7,,,0,85,,11410,7,,,0,85,,11411,7,,,0,45,,11412,7,,,0,85,,11413,7,,,0,85,,11414,7,,,0,85,,11415,7,,,0,45,,11416,7,,,0,82,,11417,7,,,0,85,,11418,7,,,0,85,,11419,7,,,0,45,,11420,7,,,0,85,,11421,7,,,0
14019,'1015',736,,13587,7,0,10 11,0,270,,13588,7,0,10 11,0,232,,13579,7,0,10 11,0,270,,13580,7,0,10 11,0,230,,13581,7,0,10 11,0,220,,13584,7,,,0,85,,13585,7,,,0,85,,13583,7,,,0,85,,13586,7,,,0,45,,13582,7,,,0,85,,13589,7,,,0
14019,'1016',654,,13590,7,,,0,80,,13591,7,,,0,80,,13592,7,,,0,40,,13593,7,,,0,80,,13594,7,,,0,80,,13595,7,,,0,222,,13596,7,0,10 11,0,272,,13597,7,0,10 11,0,230,,13598,7,0,10 11,0,219,,13599,7,,,0,85,,13600,7,,,0,85,,13601,7,,,0,85,,13602,7,,,0,45,,13604,7,,,0,85,,13603,7,,,0
14019,'1017',842,,13605,7,,,0,80,,13606,7,,,0,80,,13607,7,,,0,40,,13608,7,,,0,84,,13609,7,,,0,88,,13610,7,,,0,45,,13611,7,,,0,85,,13612,7,,,0,85,,13613,7,,,0,85,,13614,7,,,0,45,,13615,7,,,0,85,,13616,7,,,0,85,,13617,7,,,0,85,,13618,7,,,0,45,,13619,7,,,0,82,,13620,7,,,0,85,,13621,7,,,0,85,,13622,7,,,0,45,,13623,7,,,0,85,,13624,7,,,0
14019,'1018',842,,13625,7,,,0,80,,13626,7,,,0,80,,13627,7,,,0,40,,13628,7,,,0,84,,13629,7,,,0,88,,13630,7,,,0,45,,13631,7,,,0,85,,13632,7,,,0,85,,13633,7,,,0,85,,13634,7,,,0,45,,13635,7,,,0,85,,13636,7,,,0,85,,13637,7,,,0,85,,13638,7,,,0,45,,13639,7,,,0,82,,13640,7,,,0,85,,13641,7,,,0,85,,13642,7,,,0,45,,13643,7,,,0,85,,13644,7,,,0
14019,'994',641,,11392,7,0,10 11,0,65,,11393,7,0,10 11,0,100,,11395,7,0,10 11,0,100,,11397,7,0,10 11,0,30,,11398,7,0,10 11,0,100,,11369,7,0,10 11,0,100,,11371,7,0,10 11,0,70,,11372,7,0,10 11,0,102,,11374,7,0,10 11,0,100,,11376,7,0,10 11,0,30,,11377,7,0,10 11,0,100,,11379,7,0,10 11,0,100,,11381,7,0,10 11,0,70,,11382,7,0,10 11,0,100,,11384,7,0,10 11,0,98,,11391,7,,,0,30,,11400,7,,,0
14019,'995',1034,,11428,7,0,10 11,0,72,,11429,7,0,10 11,0,30,,11430,7,0,10 11,0,70,,11431,7,0,10 11,0,100,,11433,7,0,10 11,0,30,,11434,7,0,10 11,0,70,,11435,7,0,10 11,0,32,,11436,7,0,10 11,0,100,,11438,7,0,10 11,0,70,,11439,7,0,10 11,0,30,,11440,7,0,10 11,0,70,,11441,7,0,10 11,0,100,,11443,7,0,10 11,0,27,,11444,7,0,9,0,70,,11445,7,,,0,30,,11452,7,,,0
