2019,'1021',724,,9989,8,,,0,30,,9990,8,,,0,99,,9992,8,,,0,71,,9993,8,,,0,100,,9957,8,,,0,30,,9958,8,,,0,100,,9960,8,,,0,70,,9961,8,,,0,100,,9963,8,,,0,30,,9964,8,,,0,100,,9966,8,,,0,70,,9967,8,,,0,100,,9969,8,,,0,30,,9970,8,,,0,100,,9972,8,,,0,70,,9955,8,,,0,100,,10009,8,,,0,85,,10010,8,,,0,45,,10011,8,,,0,85,,10007,8,,,0,85,,10008,8,,,0,85,,10012,8,,,0,44,,10004,8,,,0,56,,10006,8,,,0
2019,'1024',853,,10040,8,,,0,80,,10050,8,,,0,80,,10041,8,,,0,40,,10032,8,,,0,80,,10042,8,,,0,90,,10033,8,,,0,85,,10043,8,,,0,45,,10034,8,,,0,85,,10044,8,,,0,85,,10035,8,,,0,85,,10045,8,,,0,45,,10039,8,,,0,85,,10036,8,,,0,85,,10049,8,,,0,85,,10046,8,,,0,45,,10047,8,,,0,85,,10048,8,,,0,85,,10037,8,,,0,85,,10038,8,,,0,45,,10051,8,,,0
2019,'1025',724,,14249,8,,,0,30,,14250,8,,,0,99,,14251,8,,,0,71,,14252,8,,,0,100,,14228,8,,,0,30,,14229,8,,,0,100,,14230,8,,,0,70,,14231,8,,,0,100,,14232,8,,,0,30,,14233,8,,,0,100,,14234,8,,,0,70,,14235,8,,,0,100,,14236,8,,,0,30,,14237,8,,,0,100,,14238,8,,,0,70,,14227,8,,,0,100,,14265,8,,,0,85,,14266,8,,,0,45,,14267,8,,,0,85,,14263,8,,,0,85,,14264,8,,,0,85,,14268,8,,,0,44,,14260,8,,,0,56,,14262,8,,,0
2019,'1026',617,,14269,8,,,0,40,,14270,8,,,0,80,,14271,8,,,0,80,,14272,8,,,0,40,,14273,8,,,0,81,,14274,8,,,0,85,,14275,8,,,0,30,,14276,8,,,0,70,,14277,8,,,0,30,,14278,8,,,0,70,,14279,8,,,0,30,,14280,8,,,0,70,,14281,8,,,0,30,,14282,8,,,0,70,,14283,8,,,0,30,,14284,8,,,0,70,,14285,8,,,0,30,,14286,8,,,0,70,,14287,8,,,0,30,,14288,8,,,0,70,,14289,8,,,0,30,,14290,8,,,0,70,,14291,8,,,0,30,,14292,8,,,0,70,,14293,8,,,0,84,,14294,8,,,0,44,,14295,8,,,0,85,,14296,8,,,0,85,,14297,8,,,0,85,,14328,8,,,0,45,,14327,8,,,0,55,,14331,8,,,0
2019,'1027',853,,14359,8,,,0,80,,14369,8,,,0,80,,14360,8,,,0,40,,14351,8,,,0,80,,14361,8,,,0,90,,14352,8,,,0,85,,14362,8,,,0,45,,14353,8,,,0,85,,14363,8,,,0,85,,14354,8,,,0,85,,14364,8,,,0,45,,14358,8,,,0,85,,14355,8,,,0,85,,14368,8,,,0,85,,14365,8,,,0,45,,14366,8,,,0,85,,14367,8,,,0,85,,14356,8,,,0,85,,14357,8,,,0,45,,14370,8,,,0
2019,'994',654,,9988,8,,,0,170,,9991,8,,,0,130,,9994,8,,,0,170,,9959,8,,,0,130,,9962,8,,,0,170,,9965,8,,,0,130,,9968,8,,,0,170,,9971,8,,,0,130,,9956,8,,,0
2019,'996',853,,14399,8,,,0,80,,14409,8,,,0,80,,14400,8,,,0,40,,14391,8,,,0,80,,14401,8,,,0,90,,14392,8,,,0,85,,14402,8,,,0,45,,14393,8,,,0,85,,14403,8,,,0,85,,14394,8,,,0,85,,14404,8,,,0,45,,14398,8,,,0,85,,14395,8,,,0,85,,14408,8,,,0,85,,14405,8,,,0,45,,14406,8,,,0,85,,14407,8,,,0,85,,14396,8,,,0,85,,14397,8,,,0,45,,14410,8,,,0
9019,'1011',637,,13403,22,,,0,98,,13404,22,,,0,170,,13405,22,,,0,100,,13402,22,,,0,130,,13396,22,,,0,100,,13397,22,,,0,170,,13398,22,,,0,100,,13399,22,,,0,130,,13400,22,,,0,100,,13401,22,,,0,182,,13394,22,,,0,85,,13391,22,,,0,45,,13392,22,,,0,85,,13393,22,,,0,85,,13395,22,,,0,85,,13406,22,,,0,45,,13407,22,,,0
9019,'1017',846,,13451,22,,,0,80,,13435,22,,,0,80,,13436,22,,,0,42,,13437,22,,,0,85,,13438,22,,,0,85,,13439,22,,,0,85,,13440,22,,,0,45,,13441,22,,,0,85,,13442,22,,,0,85,,13443,22,,,0,85,,13444,22,,,0,45,,13445,22,,,0,85,,13446,22,,,0,85,,13450,22,,,0,85,,13452,22,,,0,45,,13453,22,,,0,85,,13447,22,,,0,85,,13448,22,,,0,85,,13449,22,,,0
9019,'994',702,,10785,22,,,0,103,,10787,22,,,0,30,,10788,22,,,0,100,,10790,22,,,0,100,,10767,22,,,0,70,,10768,22,,,0,100,,10770,22,,,0,100,,10772,22,,,0,30,,10773,22,,,0,100,,10775,22,,,0,100,,10777,22,,,0,70,,10778,22,,,0,100,,10780,22,,,0,100,,10782,22,,,0,30,,10764,22,,,0
9019,'995',616,,13408,22,,,0,40,,13409,22,,,0,80,,13410,22,,,0,80,,13411,22,,,0,40,,13412,22,,,0,80,,13413,22,,,0,69,,13414,22,,,0,30,,13415,22,,,0,70,,10820,22,,,0,30,,13416,22,,,0,70,,13417,22,,,0,30,,13418,22,,,0,70,,13419,22,,,0,30,,10825,22,,,0,70,,13420,22,,,0,30,,13421,22,,,0,70,,13422,22,,,0,30,,13423,22,,,0,70,,10830,22,,,0,30,,13424,22,,,0,70,,13425,22,,,0,30,,13426,22,,,0,70,,13427,22,,,0,30,,10835,22,,,0,81,,13429,22,,,0,85,,13428,22,,,0,45,,13430,22,,,0,85,,13433,22,,,0,85,,13432,22,,,0,85,,13434,22,,,0,45,,13431,22,,,0
9019,'996',846,,13470,22,,,0,80,,13454,22,,,0,80,,13455,22,,,0,42,,13456,22,,,0,85,,13457,22,,,0,85,,13458,22,,,0,85,,13459,22,,,0,45,,13460,22,,,0,85,,13461,22,,,0,85,,13462,22,,,0,85,,13463,22,,,0,45,,13464,22,,,0,85,,13465,22,,,0,85,,13469,22,,,0,85,,13471,22,,,0,45,,13472,22,,,0,85,,13466,22,,,0,85,,13467,22,,,0,85,,13468,22,,,0
