15019,'976',815,,4974,6,,,0,40,,4975,6,,,0,80,,4976,6,,,0,79,,4977,6,,,0,43,,4978,6,,,0,85,,4979,6,,,0,85,,4980,6,,,0,85,,4981,6,,,0,45,,4982,6,,,0,85,,4983,6,,,0,85,,4984,6,,,0,85,,4985,6,,,0,45,,4986,6,,,0,85,,4987,6,,,0,85,,4988,6,,,0,85,,4989,6,,,0,45,,4990,6,,,0,85,,4991,6,,,0,85,,4992,6,,,0,85,,4993,6,,,0
15019,'979',648,,1996,6,,,0,70,,1997,6,,,0,30,,1998,6,,,0,70,,1999,6,,,0,30,,2000,6,,,0,70,,2001,6,,,0,30,,2002,6,,,0,70,,2003,6,,,0,30,,2004,6,,,0,70,,2005,6,,,0,30,,2006,6,,,0,70,,2007,6,,,0,30,,2008,6,,,0,70,,2009,6,,,0,30,,2010,6,,,0,70,,2011,6,,,0,30,,2012,6,,,0,70,,2013,6,,,0,30,,2014,6,,,0,70,,2015,6,,,0,30,,2016,6,,,0,70,,2017,6,,,0,30,,2018,6,,,0,70,,2019,6,,,0,30,,2020,6,,,0,80,,2021,6,,,0,85,,2022,6,,,0,44,,2023,6,,,0,85,,2025,6,,,0,85,,2026,6,,,0,85,,2024,6,,,0
15019,'983',815,,1976,6,,,0,40,,1977,6,,,0,80,,1978,6,,,0,79,,1979,6,,,0,43,,1980,6,,,0,85,,1981,6,,,0,85,,1982,6,,,0,85,,1983,6,,,0,45,,1984,6,,,0,85,,1985,6,,,0,85,,1986,6,,,0,85,,1987,6,,,0,45,,1988,6,,,0,85,,1989,6,,,0,85,,1990,6,,,0,85,,1991,6,,,0,45,,1992,6,,,0,85,,1993,6,,,0,85,,1994,6,,,0,85,,1995,6,,,0
15019,'985',648,,4994,6,,,0,70,,4995,6,,,0,30,,4996,6,,,0,70,,4997,6,,,0,30,,4998,6,,,0,70,,4999,6,,,0,30,,5000,6,,,0,70,,5001,6,,,0,30,,5002,6,,,0,70,,5003,6,,,0,30,,5004,6,,,0,70,,5005,6,,,0,30,,5006,6,,,0,70,,5007,6,,,0,30,,5008,6,,,0,70,,5009,6,,,0,30,,5010,6,,,0,70,,5011,6,,,0,30,,5012,6,,,0,70,,5013,6,,,0,30,,5014,6,,,0,70,,5015,6,,,0,30,,5016,6,,,0,70,,5017,6,,,0,30,,5018,6,,,0,80,,5019,6,,,0,85,,5020,6,,,0,44,,5021,6,,,0,85,,5023,6,,,0,85,,5024,6,,,0,85,,5022,6,,,0
15019,'986',624,,5025,6,,,0,80,,5027,6,,,0,40,,5028,6,,,0,80,,5026,6,,,0,81,,5029,6,,,0,40,,5030,6,,,0,75,,5032,6,,,0,30,,5033,6,,,0,70,,5034,6,,,0,30,,5035,6,,,0,70,,5036,6,,,0,30,,5037,6,,,0,70,,5038,6,,,0,30,,5039,6,,,0,70,,5040,6,,,0,30,,5041,6,,,0,70,,5042,6,,,0,30,,5043,6,,,0,70,,5044,6,,,0,30,,5045,6,,,0,70,,5046,6,,,0,30,,5047,6,,,0,70,,5048,6,,,0,30,,5049,6,,,0,77,,5050,6,,,0,85,,5051,6,,,0,44,,5052,6,,,0,85,,5053,6,,,0,85,,5054,6,,,0,85,,5031,6,,,0
15019,'987',815,,5055,6,,,0,40,,5056,6,,,0,80,,5057,6,,,0,79,,5058,6,,,0,43,,5059,6,,,0,85,,5060,6,,,0,85,,5061,6,,,0,85,,5062,6,,,0,45,,5063,6,,,0,85,,5064,6,,,0,85,,5065,6,,,0,85,,5066,6,,,0,45,,5067,6,,,0,85,,5068,6,,,0,85,,5069,6,,,0,85,,5070,6,,,0,45,,5071,6,,,0,85,,5072,6,,,0,85,,5073,6,,,0,85,,5074,6,,,0
15029,'976',842,,5075,16,,,0,80,,5076,16,,,0,80,,5077,16,,,0,43,,5078,16,,,0,83,,5079,16,,,0,85,,5080,16,,,0,45,,5081,16,,,0,85,,5082,16,,,0,85,,5083,16,,,0,85,,5084,16,,,0,45,,5085,16,,,0,85,,5086,16,,,0,85,,5087,16,,,0,85,,5088,16,,,0,41,,5089,16,,,0,85,,5090,16,,,0,85,,5091,16,,,0,85,,5092,16,,,0,45,,5093,16,,,0,85,,5094,16,,,0
15029,'979',655,,2097,16,,,0,67,,2098,16,,,0,30,,2099,16,,,0,70,,2100,16,,,0,30,,2101,16,,,0,70,,2102,16,,,0,30,,2103,16,,,0,70,,2104,16,,,0,30,,2105,16,,,0,70,,2106,16,,,0,30,,2107,16,,,0,70,,2108,16,,,0,30,,2109,16,,,0,70,,2110,16,,,0,30,,2111,16,,,0,70,,2112,16,,,0,30,,2113,16,,,0,70,,2114,16,,,0,30,,2115,16,,,0,70,,2116,16,,,0,30,,2117,16,,,0,70,,2118,16,,,0,30,,2119,16,,,0,70,,2120,16,,,0,30,,2121,16,,,0,70,,2122,16,,,0,79,,2123,16,,,0,45,,2124,16,,,0,78,,2125,16,,,0,85,,2127,16,,,0,45,,2128,16,,,0,85,,2126,16,,,0
15029,'983',842,,2077,16,,,0,80,,2078,16,,,0,80,,2079,16,,,0,43,,2080,16,,,0,83,,2081,16,,,0,85,,2082,16,,,0,45,,2083,16,,,0,85,,2084,16,,,0,85,,2085,16,,,0,85,,2086,16,,,0,45,,2087,16,,,0,85,,2088,16,,,0,85,,2089,16,,,0,85,,2090,16,,,0,41,,2091,16,,,0,85,,2092,16,,,0,85,,2093,16,,,0,85,,2094,16,,,0,45,,2095,16,,,0,85,,2096,16,,,0
15029,'985',655,,5095,16,,,0,67,,5096,16,,,0,30,,5097,16,,,0,70,,5098,16,,,0,30,,5099,16,,,0,70,,5100,16,,,0,30,,5101,16,,,0,70,,5102,16,,,0,30,,5103,16,,,0,70,,5104,16,,,0,30,,5105,16,,,0,70,,5106,16,,,0,30,,5107,16,,,0,70,,5108,16,,,0,30,,5109,16,,,0,70,,5110,16,,,0,30,,5111,16,,,0,70,,5112,16,,,0,30,,5113,16,,,0,70,,5114,16,,,0,30,,5115,16,,,0,70,,5116,16,,,0,30,,5117,16,,,0,70,,5118,16,,,0,30,,5119,16,,,0,70,,5120,16,,,0,79,,5121,16,,,0,45,,5122,16,,,0,78,,5123,16,,,0,85,,5125,16,,,0,45,,5126,16,,,0,85,,5124,16,,,0
15029,'986',652,,5127,16,,,0,80,,5129,16,,,0,80,,5130,16,,,0,40,,5128,16,,,0,85,,5131,16,,,0,80,,5132,16,,,0,35,,5134,16,,,0,70,,5135,16,,,0,30,,5136,16,,,0,70,,5137,16,,,0,30,,5138,16,,,0,70,,5139,16,,,0,30,,5140,16,,,0,70,,5141,16,,,0,30,,5142,16,,,0,70,,5143,16,,,0,30,,5144,16,,,0,70,,5145,16,,,0,30,,5146,16,,,0,70,,5147,16,,,0,30,,5148,16,,,0,70,,5149,16,,,0,30,,5150,16,,,0,70,,5151,16,,,0,37,,5152,16,,,0,85,,5153,16,,,0,80,,5154,16,,,0,85,,5155,16,,,0,45,,5156,16,,,0,85,,5133,16,,,0
15029,'987',842,,5157,16,,,0,80,,5158,16,,,0,80,,5159,16,,,0,43,,5160,16,,,0,83,,5161,16,,,0,85,,5162,16,,,0,45,,5163,16,,,0,85,,5164,16,,,0,85,,5165,16,,,0,85,,5166,16,,,0,45,,5167,16,,,0,85,,5168,16,,,0,85,,5169,16,,,0,85,,5170,16,,,0,41,,5171,16,,,0,85,,5172,16,,,0,85,,5173,16,,,0,85,,5174,16,,,0,45,,5175,16,,,0,85,,5176,16,,,0
