1029,'976',816,,3473,11,,,0,40,,3474,11,,,0,60,,261,11,,,0,20,,3491,11,,,0,20,,263,11,,,0,60,,3475,11,,,0,20,,265,11,,,0,23,,3476,11,,,0,62,,260,11,,,0,23,,3477,11,,,0,62,,264,11,,,0,23,,3478,11,,,0,22,,262,11,,,0,63,,3479,11,,,0,22,,266,11,,,0,23,,3480,11,,,0,62,,267,11,,,0,23,,3481,11,,,0,62,,268,11,,,0,23,,3482,11,,,0,22,,269,11,,,0,63,,3483,11,,,0,22,,270,11,,,0,23,,3484,11,,,0,62,,271,11,,,0,23,,3485,11,,,0,62,,253,11,,,0,23,,3493,11,,,0,84,,3490,11,,,0,45,,3486,11,,,0,85,,3487,11,,,0,85,,3489,11,,,0,85,,3488,11,,,0,45,,3492,11,,,0
1029,'979',606,,174,11,,,0,30,,175,11,,,0,70,,176,11,,,0,30,,177,11,,,0,70,,178,11,,,0,30,,179,11,,,0,70,,180,11,,,0,30,,181,11,,,0,70,,182,11,,,0,30,,183,11,,,0,70,,184,11,,,0,30,,185,11,,,0,70,,186,11,,,0,30,,187,11,,,0,70,,188,11,,,0,30,,189,11,,,0,70,,190,11,,,0,30,,191,11,,,0,70,,192,11,,,0,30,,193,11,,,0,70,,194,11,,,0,30,,195,11,,,0,70,,196,11,,,0,30,,197,11,,,0,70,,198,11,,,0,30,,199,11,,,0,70,,207,11,,,0,20,,200,11,,,0,85,,201,11,,,0,45,,203,11,,,0,85,,204,11,,,0,85,,205,11,,,0,85,,202,11,,,0,45,,206,11,,,0
1029,'983',816,,140,11,,,0,40,,141,11,,,0,80,,159,11,,,0,80,,142,11,,,0,43,,143,11,,,0,85,,144,11,,,0,85,,145,11,,,0,85,,146,11,,,0,45,,147,11,,,0,85,,148,11,,,0,85,,149,11,,,0,85,,150,11,,,0,45,,151,11,,,0,85,,152,11,,,0,85,,173,11,,,0,84,,158,11,,,0,45,,154,11,,,0,85,,155,11,,,0,85,,157,11,,,0,85,,156,11,,,0,45,,172,11,,,0
1029,'984',916,,161,11,,,0,40,,163,11,,,0,80,,165,11,,,0,85,,160,11,,,0,85,,164,11,,,0,45,,162,11,,,0,85,,166,11,,,0,85,,167,11,,,0,85,,168,11,,,0,45,,169,11,,,0,85,,170,11,,,0,85,,171,11,,,0,85,,153,11,,,0
1029,'985',606,,3494,11,,,0,30,,3495,11,,,0,70,,3496,11,,,0,30,,3497,11,,,0,70,,3498,11,,,0,30,,3499,11,,,0,70,,3500,11,,,0,30,,3501,11,,,0,70,,3502,11,,,0,30,,3503,11,,,0,70,,3504,11,,,0,30,,3505,11,,,0,70,,3506,11,,,0,30,,3507,11,,,0,70,,3508,11,,,0,30,,3509,11,,,0,70,,3510,11,,,0,30,,3511,11,,,0,70,,3512,11,,,0,30,,3513,11,,,0,70,,3514,11,,,0,30,,3515,11,,,0,70,,3516,11,,,0,30,,3517,11,,,0,70,,3518,11,,,0,30,,3519,11,,,0,70,,3527,11,,,0,20,,3520,11,,,0,85,,3521,11,,,0,45,,3523,11,,,0,85,,3524,11,,,0,85,,3525,11,,,0,85,,3522,11,,,0,45,,3526,11,,,0
1029,'986',626,,3528,11,,,0,80,,3529,11,,,0,40,,3530,11,,,0,80,,3531,11,,,0,80,,3532,11,,,0,40,,3533,11,,,0,60,,3535,11,,,0,30,,3534,11,,,0,70,,3537,11,,,0,30,,3536,11,,,0,70,,3539,11,,,0,30,,3538,11,,,0,70,,3541,11,,,0,30,,3540,11,,,0,70,,3543,11,,,0,30,,3542,11,,,0,70,,3545,11,,,0,30,,3544,11,,,0,70,,3547,11,,,0,30,,3546,11,,,0,70,,3549,11,,,0,30,,3548,11,,,0,70,,3558,11,,,0,30,,3550,11,,,0,70,,3559,11,,,0,22,,3551,11,,,0,83,,3553,11,,,0,45,,3552,11,,,0,85,,3554,11,,,0,86,,3556,11,,,0,85,,3555,11,,,0,45,,3557,11,,,0
1029,'987',816,,3560,11,,,0,40,,3561,11,,,0,80,,3578,11,,,0,80,,3562,11,,,0,43,,3563,11,,,0,85,,3564,11,,,0,85,,3565,11,,,0,85,,3566,11,,,0,45,,3567,11,,,0,85,,3568,11,,,0,85,,3569,11,,,0,85,,3570,11,,,0,45,,3571,11,,,0,85,,3572,11,,,0,85,,3580,11,,,0,84,,3577,11,,,0,45,,3573,11,,,0,85,,3574,11,,,0,85,,3576,11,,,0,85,,3575,11,,,0,45,,3579,11,,,0
12019,'979',634,,1623,25,,,0,25,,1624,25,,,0,71,,1625,25,,,0,70,,1626,25,,,0,30,,1627,25,,,0,70,,1628,25,,,0,30,,1629,25,,,0,70,,1630,25,,,0,30,,1607,25,,,0,70,,1608,25,,,0,30,,1609,25,,,0,70,,1610,25,,,0,30,,1611,25,,,0,70,,1612,25,,,0,30,,1613,25,,,0,70,,1614,25,,,0,30,,1615,25,,,0,70,,1616,25,,,0,30,,1617,25,,,0,70,,1618,25,,,0,30,,1619,25,,,0,70,,1620,25,,,0,30,,1621,25,,,0,70,,1622,25,,,0,30,,1606,25,,,0,70,,1631,25,,,0
12019,'982',717,,1633,25,,,0,120,,1635,25,,,0,120,,1637,25,,,0,143,,1639,25,,,0,100,,1641,25,,,0,100,,1643,25,,,0,100,,1645,25,,,0,100,,1647,25,,,0,100,,1649,25,,,0,100,,1651,25,,,0,100,,1653,25,,,0,100,,1655,25,,,0
12019,'985',634,,4633,25,,,0,25,,4634,25,,,0,71,,4635,25,,,0,70,,4636,25,,,0,30,,4637,25,,,0,70,,4638,25,,,0,30,,4639,25,,,0,70,,4640,25,,,0,30,,4617,25,,,0,70,,4618,25,,,0,30,,4619,25,,,0,70,,4620,25,,,0,30,,4621,25,,,0,70,,4622,25,,,0,30,,4623,25,,,0,70,,4624,25,,,0,30,,4625,25,,,0,70,,4626,25,,,0,30,,4627,25,,,0,70,,4628,25,,,0,30,,4629,25,,,0,70,,4630,25,,,0,30,,4631,25,,,0,70,,4632,25,,,0,30,,4616,25,,,0,70,,4641,25,,,0
12019,'986',636,,4642,25,,,0,121,,4643,25,,,0,160,,4644,25,,,0,113,,4645,25,,,0,100,,4646,25,,,0,100,,4647,25,,,0,100,,4648,25,,,0,100,,4649,25,,,0,100,,4650,25,,,0,100,,4651,25,,,0,100,,4652,25,,,0,100,,4653,25,,,0
