11019,'1030',624,,11185,13,,,0,30,,11186,13,,,0,70,,11187,13,,,0,30,,11188,13,,,0,70,,11189,13,,,0,30,,11190,13,,,0,70,,11191,13,,,0,30,,11192,13,,,0,70,,11169,13,,,0,30,,11170,13,,,0,70,,11171,13,,,0,30,,11172,13,,,0,70,,11173,13,,,0,30,,11174,13,,,0,70,,11175,13,,,0,30,,11176,13,,,0,70,,11177,13,,,0,30,,11178,13,,,0,70,,11179,13,,,0,30,,11180,13,,,0,70,,11181,13,,,0,30,,11182,13,,,0,70,,11183,13,,,0,30,,11184,13,,,0,70,,11194,13,,,0,30,,11193,13,,,0
11019,'1036',624,,16910,13,,,0,30,,16911,13,,,0,70,,16912,13,,,0,30,,16913,13,,,0,70,,16914,13,,,0,30,,16915,13,,,0,70,,16916,13,,,0,30,,16917,13,,,0,70,,16894,13,,,0,30,,16895,13,,,0,70,,16896,13,,,0,30,,16897,13,,,0,70,,16898,13,,,0,30,,16899,13,,,0,70,,16900,13,,,0,30,,16901,13,,,0,70,,16902,13,,,0,30,,16903,13,,,0,70,,16904,13,,,0,30,,16905,13,,,0,70,,16906,13,,,0,30,,16907,13,,,0,70,,16908,13,,,0,30,,16909,13,,,0,70,,16919,13,,,0,30,,16918,13,,,0
11019,'1037',1024,,16920,13,,,0,30,,16921,13,,,0,70,,16922,13,,,0,30,,16923,13,,,0,70,,16924,13,,,0,30,,16925,13,,,0,70,,16926,13,,,0,30,,16927,13,,,0,70,,16928,13,,,0,30,,16929,13,,,0,70,,16930,13,,,0,30,,16931,13,,,0,70,,16932,13,,,0,30,,16933,13,,,0,70,,16934,13,,,0,30,,16935,13,,,0,70,,16936,13,,,0,30,,16937,13,,,0
13029,'1030',1936,,11318,17,,,0,85,,11313,17,,,0,85,,11314,17,,,0,44,,11316,17,,,0,83,,11315,17,,,0,85,,11317,17,,,0
13029,'1036',1936,,17055,17,,,0,85,,17050,17,,,0,85,,17051,17,,,0,44,,17053,17,,,0,83,,17052,17,,,0,85,,17054,17,,,0
13029,'1037',632,,17056,17,,,0,80,,17057,17,,,0,40,,17058,17,,,0,80,,17059,17,,,0,81,,17060,17,,,0,40,,17061,17,,,0,982,,17062,17,,,0,85,,17063,17,,,0,85,,17064,17,,,0,45,,17065,17,,,0,85,,17066,17,,,0,85,,17067,17,,,0
130003029,'1030',623,,15844,21,,,0,82,,15846,22,0,10 11,0,15,,15847,22,,,0,30,,15849,22,,,0,55,,15850,22,0,10 11,0,15,,15851,22,,,0,30,,15853,22,,,0,70,,15855,22,,,0,15,,15856,22,0,10 11,0,15,,15857,22,,,0,70,,15803,22,,,0,15,,15804,22,0,10 11,0,15,,15805,22,,,0,70,,15807,22,,,0,30,,15809,22,,,0,55,,15810,22,0,10 11,0,15,,15811,22,,,0,30,,15813,22,,,0,55,,15814,22,0,10 11,0,15,,15815,22,,,0,30,,15817,22,,,0,70,,15819,22,,,0,15,,15820,22,0,10 11,0,15,,15821,22,,,0,70,,15823,22,,,0,15,,15824,22,0,10 11,0,15,,15825,22,,,0,70,,15827,22,,,0,30,,15829,22,,,0,55,,15830,22,0,10 11,0,15,,15831,22,,,0,30,,15833,22,,,0,58,,15841,22,0,10 11,0,15,,15840,22,,,0,30,,15834,22,,,0,63,,15838,21,0,9,0,22,,15859,21,,,0,63,,15837,21,0,9,0,22,,15860,21,,,0,23,,15836,21,0,9,0,62,,15861,21,,,0,23,,15835,21,0,9,0,22,,15863,21,,,0,63,,15865,21,0,9,0,22,,15839,21,,,0,82,,15862,21,0,9,0,81,,15864,21,0,9,0,39,,15866,21,0,9,0
130003029,'1031',638,,15845,21,0,10 11,0,97,,15848,22,0,10 11,0,100,,15852,22,0,10 11,0,70,,15854,22,0,10 11,0,100,,15858,22,0,10 11,0,100,,15806,22,0,10 11,0,30,,15808,22,0,10 11,0,100,,15812,22,0,10 11,0,100,,15816,22,0,10 11,0,70,,15818,22,0,10 11,0,100,,15822,22,0,10 11,0,100,,15826,22,0,10 11,0,30,,15828,22,0,10 11,0,100,,15832,22,0,10 11,0,103,,15842,22,0,10 11,0,63,,15843,21,0,9,0
130003029,'1033',613,,15867,21,0,9,0,40,,15869,21,0,9,0,80,,15871,21,0,9,0,80,,15873,21,0,9,0,40,,15875,21,0,9,0,80,,15877,21,0,9,0,175,,15882,22,0,10 11,0,30,,15884,22,0,10 11,0,100,,15888,22,0,10 11,0,100,,15892,22,0,10 11,0,70,,15894,22,0,10 11,0,100,,15898,22,0,10 11,0,100,,15902,22,0,10 11,0,30,,15904,22,0,10 11,0,100,,15908,22,0,10 11,0,100,,15921,22,0,10 11,0,63,,15924,21,0,9,0
130003029,'1036',623,,17869,21,,,0,82,,17870,22,0,10 11,0,15,,17871,22,,,0,30,,17872,22,,,0,55,,17873,22,0,10 11,0,15,,17874,22,,,0,30,,17875,22,,,0,70,,17876,22,,,0,15,,17877,22,0,10 11,0,15,,17878,22,,,0,70,,17839,22,,,0,15,,17840,22,0,10 11,0,15,,17841,22,,,0,70,,17842,22,,,0,30,,17843,22,,,0,55,,17844,22,0,10 11,0,15,,17845,22,,,0,30,,17846,22,,,0,55,,17847,22,0,10 11,0,15,,17848,22,,,0,30,,17849,22,,,0,70,,17850,22,,,0,15,,17851,22,0,10 11,0,15,,17852,22,,,0,70,,17853,22,,,0,15,,17854,22,0,10 11,0,15,,17855,22,,,0,70,,17856,22,,,0,30,,17857,22,,,0,55,,17858,22,0,10 11,0,15,,17859,22,,,0,30,,17860,22,,,0,58,,17868,22,0,10 11,0,15,,17867,22,,,0,30,,17861,22,,,0,63,,17865,21,0,9,0,22,,17879,21,,,0,63,,17864,21,0,9,0,22,,17880,21,,,0,23,,17863,21,0,9,0,62,,17881,21,,,0,23,,17862,21,0,9,0,22,,17883,21,,,0,63,,17885,21,0,9,0,22,,17866,21,,,0,82,,17882,21,0,9,0,81,,17884,21,0,9,0,39,,17886,21,0,9,0
130003029,'1037',633,,17887,21,,,0,80,,17888,21,,,0,40,,17889,21,,,0,80,,17890,21,,,0,80,,17891,21,,,0,40,,17892,21,,,0,70,,17893,22,,,0,15,,17894,22,0,10 11,0,15,,17895,22,,,0,70,,17896,22,,,0,30,,17897,22,,,0,55,,17898,22,0,10 11,0,15,,17899,22,,,0,30,,17900,22,,,0,55,,17901,22,0,10 11,0,15,,17902,22,,,0,30,,17903,22,,,0,70,,17904,22,,,0,15,,17905,22,0,10 11,0,15,,17906,22,,,0,70,,17907,22,,,0,15,,17908,22,0,10 11,0,15,,17909,22,,,0,70,,17910,22,,,0,30,,17911,22,,,0,55,,17912,22,0,10 11,0,15,,17913,22,,,0,30,,17928,22,,,0,55,,17929,22,0,10 11,0,15,,17925,22,,,0,30,,17927,22,,,0,63,,17926,21,0,9,0,22,,17930,21,,,0,63,,17919,21,0,9,0,22,,17914,21,,,0,23,,17920,21,0,9,0,62,,17915,21,,,0,23,,17921,21,0,9,0,22,,17916,21,,,0,63,,17922,21,0,9,0,22,,17917,21,,,0,82,,17918,21,0,9,0,82,,17923,21,0,9,0,39,,17924,21,0,9,0
