5019,'976',835,,581,12,,,0,80,,582,12,,,0,40,,583,12,,,0,80,,584,12,,,0,85,,585,12,,,0,88,,586,12,,,0,45,,587,12,,,0,85,,588,12,,,0,85,,589,12,,,0,85,,590,12,,,0,45,,591,12,,,0,85,,592,12,,,0,85,,593,12,,,0,85,,594,12,,,0,45,,595,12,,,0,85,,596,12,,,0,85,,597,12,,,0,85,,598,12,,,0,45,,599,12,,,0,85,,600,12,,,0
5019,'980',638,,541,12,,,0,70,,542,12,,,0,30,,543,12,,,0,70,,544,12,,,0,29,,545,12,,,0,71,,546,12,,,0,30,,547,12,,,0,70,,525,12,,,0,30,,526,12,,,0,70,,527,12,,,0,30,,528,12,,,0,70,,529,12,,,0,30,,530,12,,,0,70,,531,12,,,0,30,,532,12,,,0,70,,533,12,,,0,30,,534,12,,,0,70,,535,12,,,0,30,,536,12,,,0,70,,537,12,,,0,30,,538,12,,,0,70,,539,12,,,0,30,,540,12,,,0,70,,518,12,,,0,30,,519,12,,,0,70,,520,12,,,0,44,,521,12,,,0,84,,522,12,,,0,86,,523,12,,,0,85,,524,12,,,0,44,,548,12,,,0,86,,549,12,,,0
5019,'984',835,,498,12,,,0,80,,499,12,,,0,40,,500,12,,,0,80,,501,12,,,0,85,,502,12,,,0,88,,503,12,,,0,45,,504,12,,,0,85,,505,12,,,0,85,,506,12,,,0,85,,507,12,,,0,45,,508,12,,,0,85,,509,12,,,0,85,,510,12,,,0,85,,511,12,,,0,45,,512,12,,,0,85,,513,12,,,0,85,,514,12,,,0,85,,515,12,,,0,45,,516,12,,,0,85,,517,12,,,0
5019,'986',605,,3654,12,,,0,40,,3655,12,,,0,80,,3656,12,,,0,80,,3657,12,,,0,40,,3658,12,,,0,80,,3659,12,,,0,83,,3660,12,,,0,30,,3661,12,,,0,70,,3662,12,,,0,30,,3663,12,,,0,70,,3664,12,,,0,30,,3665,12,,,0,70,,3666,12,,,0,30,,3667,12,,,0,70,,3668,12,,,0,30,,3669,12,,,0,70,,3670,12,,,0,30,,3671,12,,,0,70,,3672,12,,,0,30,,3673,12,,,0,70,,3674,12,,,0,30,,3675,12,,,0,70,,3676,12,,,0,30,,3677,12,,,0,70,,3678,12,,,0,44,,3679,12,,,0,84,,3680,12,,,0,86,,3681,12,,,0,85,,3682,12,,,0,45,,3684,12,,,0,85,,3683,12,,,0
10019,'976',817,,4324,12,,,0,40,,4325,12,,,0,80,,4326,12,,,0,80,,4327,12,,,0,83,,4328,12,,,0,45,,4329,12,,,0,85,,4330,12,,,0,85,,4331,12,,,0,85,,4332,12,,,0,45,,4333,12,,,0,85,,4334,12,,,0,85,,4335,12,,,0,85,,4336,12,,,0,45,,4337,12,,,0,85,,4338,12,,,0,85,,4339,12,,,0,85,,4340,12,,,0,45,,4341,12,,,0,85,,4342,12,,,0,85,,4343,12,,,0
10019,'979',627,,1356,12,,,0,25,,1357,12,,,0,70,,1358,12,,,0,31,,1359,12,,,0,70,,1360,12,,,0,30,,1361,12,,,0,70,,1362,12,,,0,30,,1363,12,,,0,70,,1334,12,,,0,30,,1335,12,,,0,70,,1336,12,,,0,30,,1337,12,,,0,70,,1338,12,,,0,30,,1339,12,,,0,70,,1340,12,,,0,30,,1341,12,,,0,70,,1342,12,,,0,30,,1343,12,,,0,70,,1344,12,,,0,30,,1345,12,,,0,70,,1346,12,,,0,30,,1347,12,,,0,70,,1348,12,,,0,30,,1349,12,,,0,69,,1351,12,,,0,30,,1364,12,,,0,77,,1355,12,,,0,85,,1354,12,,,0,45,,1350,12,,,0,85,,1352,12,,,0,85,,1353,12,,,0,85,,1365,12,,,0
10019,'983',817,,1314,12,,,0,40,,1315,12,,,0,80,,1316,12,,,0,80,,1317,12,,,0,83,,1318,12,,,0,45,,1319,12,,,0,85,,1320,12,,,0,85,,1321,12,,,0,85,,1322,12,,,0,45,,1323,12,,,0,85,,1324,12,,,0,85,,1325,12,,,0,85,,1326,12,,,0,45,,1327,12,,,0,85,,1328,12,,,0,85,,1329,12,,,0,85,,1330,12,,,0,45,,1331,12,,,0,85,,1332,12,,,0,85,,1333,12,,,0
10019,'985',627,,4366,12,,,0,25,,4367,12,,,0,70,,4368,12,,,0,31,,4369,12,,,0,70,,4370,12,,,0,30,,4371,12,,,0,70,,4372,12,,,0,30,,4373,12,,,0,70,,4344,12,,,0,30,,4345,12,,,0,70,,4346,12,,,0,30,,4347,12,,,0,70,,4348,12,,,0,30,,4349,12,,,0,70,,4350,12,,,0,30,,4351,12,,,0,70,,4352,12,,,0,30,,4353,12,,,0,70,,4354,12,,,0,30,,4355,12,,,0,70,,4356,12,,,0,30,,4357,12,,,0,70,,4358,12,,,0,30,,4359,12,,,0,69,,4361,12,,,0,30,,4374,12,,,0,77,,4365,12,,,0,85,,4364,12,,,0,45,,4360,12,,,0,85,,4362,12,,,0,85,,4363,12,,,0,85,,4375,12,,,0
10019,'986',627,,4376,12,,,0,80,,4377,12,,,0,40,,4378,12,,,0,80,,4379,12,,,0,80,,4380,12,,,0,40,,4381,12,,,0,75,,4382,12,,,0,30,,4383,12,,,0,70,,4384,12,,,0,30,,4385,12,,,0,70,,4386,12,,,0,30,,4387,12,,,0,70,,4388,12,,,0,30,,4389,12,,,0,70,,4390,12,,,0,30,,4391,12,,,0,70,,4392,12,,,0,30,,4393,12,,,0,70,,4394,12,,,0,30,,4395,12,,,0,70,,4396,12,,,0,30,,4397,12,,,0,70,,4398,12,,,0,29,,4399,12,,,0,78,,4400,12,,,0,85,,4401,12,,,0,45,,4402,12,,,0,85,,4403,12,,,0,85,,4404,12,,,0,85,,4405,12,,,0
10019,'987',817,,4406,12,,,0,40,,4407,12,,,0,80,,4408,12,,,0,80,,4409,12,,,0,83,,4410,12,,,0,45,,4411,12,,,0,85,,4412,12,,,0,85,,4413,12,,,0,85,,4414,12,,,0,45,,4415,12,,,0,85,,4416,12,,,0,85,,4417,12,,,0,85,,4418,12,,,0,45,,4419,12,,,0,85,,4420,12,,,0,85,,4421,12,,,0,85,,4422,12,,,0,45,,4423,12,,,0,85,,4424,12,,,0,85,,4425,12,,,0
