4019,'1010',716,,6813,65,,,0,128,,6814,52,,,0,168,,6815,52,,,0,214,,6818,70,,,0,128,,6819,52,,,0,271,,6816,52,,,0,128,,6817,52,,,0
4019,'1015',716,,13115,65,,,0,128,,13116,52,,,0,168,,13117,52,,,0,214,,13120,70,,,0,128,,13121,52,,,0,271,,13118,52,,,0,128,,13119,52,,,0
14029,'1010',722,,11498,25,,,0,230,,11503,25,,,0,272,,11477,25,,,0,230,,11482,25,,,0,270,,11487,25,,,0,220,,11493,25,,,0,85,,11490,25,,,0,85,,11492,25,,,0,45,,11491,25,,,0,85,,11494,25,,,0,85,,11505,25,,,0
14029,'1011',822,,11500,25,,,0,230,,11474,25,,,0,272,,11479,25,,,0,230,,11484,25,,,0,268,,11489,25,,,0
14029,'1012',822,,12873,25,,,0,230,,12869,25,,,0,272,,12870,25,,,0,230,,12871,25,,,0,268,,12872,25,,,0
14029,'1014',830,,11506,25,,,0,80,,11507,25,,,0,40,,11508,25,,,0,80,,11509,25,,,0,83,,11510,25,,,0,88,,11511,25,,,0,45,,11512,25,,,0,85,,11513,25,,,0,85,,11514,25,,,0,85,,11515,25,,,0,45,,11516,25,,,0,85,,11517,25,,,0,85,,11518,25,,,0,85,,11519,25,,,0,45,,11520,25,,,0,82,,11521,25,,,0,85,,11522,25,,,0,45,,11523,25,,,0,85,,11524,25,,,0,85,,11525,25,,,0
14029,'1015',722,,13653,25,,,0,230,,13654,25,,,0,272,,13645,25,,,0,230,,13646,25,,,0,270,,13647,25,,,0,220,,13651,25,,,0,85,,13648,25,,,0,85,,13650,25,,,0,45,,13649,25,,,0,85,,13652,25,,,0,85,,13655,25,,,0
14029,'1016',642,,13656,25,,,0,80,,13657,25,,,0,80,,13658,25,,,0,40,,13659,25,,,0,80,,13660,25,,,0,80,,13661,25,,,0,220,,13662,25,,,0,232,,13663,25,,,0,270,,13664,25,,,0,220,,13665,25,,,0,85,,13666,25,,,0,85,,13667,25,,,0,45,,13668,25,,,0,85,,13670,25,,,0,85,,13669,25,,,0
14029,'1017',830,,13671,25,,,0,80,,13672,25,,,0,40,,13673,25,,,0,80,,13674,25,,,0,83,,13675,25,,,0,88,,13676,25,,,0,45,,13677,25,,,0,85,,13678,25,,,0,85,,13679,25,,,0,85,,13680,25,,,0,45,,13681,25,,,0,85,,13682,25,,,0,85,,13683,25,,,0,85,,13684,25,,,0,45,,13685,25,,,0,82,,13686,25,,,0,85,,13687,25,,,0,45,,13688,25,,,0,85,,13689,25,,,0,85,,13690,25,,,0
14029,'1018',830,,13691,25,,,0,80,,13692,25,,,0,40,,13693,25,,,0,80,,13694,25,,,0,83,,13695,25,,,0,88,,13696,25,,,0,45,,13697,25,,,0,85,,13698,25,,,0,85,,13699,25,,,0,85,,13700,25,,,0,45,,13701,25,,,0,85,,13702,25,,,0,85,,13703,25,,,0,85,,13704,25,,,0,45,,13705,25,,,0,82,,13706,25,,,0,85,,13707,25,,,0,45,,13708,25,,,0,85,,13709,25,,,0,85,,13710,25,,,0
14029,'994',629,,11496,25,,,0,23,,11497,25,,,0,100,,11499,25,,,0,100,,11501,25,,,0,70,,11502,25,,,0,100,,11473,25,,,0,100,,11475,25,,,0,30,,11476,25,,,0,102,,11478,25,,,0,100,,11480,25,,,0,70,,11481,25,,,0,100,,11483,25,,,0,100,,11485,25,,,0,30,,11486,25,,,0,100,,11488,25,,,0,98,,11495,25,,,0,70,,11504,25,,,0
14029,'995',1022,,11532,25,,,0,30,,11533,25,,,0,70,,11534,25,,,0,30,,11535,25,,,0,100,,11537,25,,,0,70,,11538,25,,,0,30,,11539,25,,,0,72,,11540,25,,,0,100,,11542,25,,,0,30,,11543,25,,,0,70,,11544,25,,,0,30,,11545,25,,,0,100,,11547,25,,,0,68,,11548,25,,,0,30,,11549,25,,,0,70,,11555,25,,,0
