13019,'1035',851,,19603,33,4,,0,80,,19604,33,4,,0,80,,19605,33,4,,0,40,,19606,33,4,,0,86,,19607,33,4,,0,85,,19608,33,4,,0,85,,19609,33,4,,0,45,,19610,33,4,,0,85,,19611,33,4,,0,85,,19612,33,4,,0,85,,19613,33,4,,0,45,,19614,33,4,,0,85,,19615,33,4,,0,85,,19616,33,4,,0,85,,19617,33,4,,0,45,,19618,33,4,,0,84,,19619,33,4,,0,85,,19620,33,4,,0,85,,19621,33,4,,0
13019,'1039',1923,,19627,33,4,,0,85,,19622,33,4,,0,45,,19623,33,4,,0,85,,19625,33,4,,0,83,,19624,33,4,,0,85,,19626,33,4,,0
13019,'1040',620,,19628,33,4,,0,80,,19629,33,4,,0,40,,19630,33,4,,0,80,,19631,33,4,,0,81,,19632,33,4,,0,40,,19633,33,4,,0,982,,19634,33,4,,0,85,,19635,33,4,,0,45,,19636,33,4,,0,85,,19637,33,4,,0,85,,19638,33,4,,0,85,,19639,33,4,,0
13019,'996',851,,19640,33,4,,0,80,,19641,33,4,,0,80,,19642,33,4,,0,40,,19643,33,4,,0,86,,19644,33,4,,0,85,,19645,33,4,,0,85,,19646,33,4,,0,45,,19647,33,4,,0,85,,19648,33,4,,0,85,,19649,33,4,,0,85,,19650,33,4,,0,45,,19651,33,4,,0,85,,19652,33,4,,0,85,,19653,33,4,,0,85,,19654,33,4,,0,45,,19655,33,4,,0,84,,19656,33,4,,0,85,,19657,33,4,,0,85,,19658,33,4,,0
13029,'1035',851,,19659,1,,,0,80,,19660,1,,,0,80,,19661,1,,,0,40,,19662,1,,,0,86,,19663,1,,,0,85,,19664,1,,,0,85,,19665,1,,,0,45,,19666,1,,,0,85,,19667,1,,,0,85,,19668,1,,,0,85,,19669,1,,,0,45,,19670,1,,,0,85,,19671,1,,,0,85,,19672,1,,,0,85,,19673,1,,,0,45,,19674,1,,,0,84,,19675,1,,,0,85,,19676,1,,,0,85,,19677,1,,,0
13029,'1039',1923,,19683,1,,,0,85,,19678,1,,,0,45,,19679,1,,,0,85,,19681,1,,,0,83,,19680,1,,,0,85,,19682,1,,,0
13029,'1040',620,,19684,1,,,0,80,,19685,1,,,0,40,,19686,1,,,0,80,,19687,1,,,0,81,,19688,1,,,0,40,,19689,1,,,0,982,,19690,1,,,0,85,,19691,1,,,0,45,,19692,1,,,0,85,,19693,1,,,0,85,,19694,1,,,0,85,,19695,1,,,0
13029,'996',851,,19696,1,,,0,80,,19697,1,,,0,80,,19698,1,,,0,40,,19699,1,,,0,86,,19700,1,,,0,85,,19701,1,,,0,85,,19702,1,,,0,45,,19703,1,,,0,85,,19704,1,,,0,85,,19705,1,,,0,85,,19706,1,,,0,45,,19707,1,,,0,85,,19708,1,,,0,85,,19709,1,,,0,85,,19710,1,,,0,45,,19711,1,,,0,84,,19712,1,,,0,85,,19713,1,,,0,85,,19714,1,,,0
30003019,'1035',856,,20668,14,,,0,80,,20669,14,,,0,80,,20670,14,,,0,40,,20671,14,,,0,86,,20672,14,,,0,88,,20673,14,,,0,85,,20674,14,,,0,85,,20675,14,,,0,45,,20676,14,,,0,85,,20677,14,,,0,85,,20678,14,,,0,85,,20679,14,,,0,45,,20680,14,,,0,85,,20681,14,,,0,85,,20682,14,,,0,85,,20683,14,,,0,45,,20684,14,,,0,85,,20685,14,,,0,85,,20687,14,0,9,0,42,,20686,14,0,9,0
30003019,'1039',634,,20711,14,,,0,66,,20712,14,,,0,30,,20713,14,,,0,29,,20714,14,,,0,70,,20715,14,,,0,30,,20716,14,,,0,70,,20717,14,,,0,30,,20718,14,,,0,69,,20688,14,,,0,31,,20689,14,,,0,70,,20690,14,,,0,30,,20691,14,,,0,70,,20692,14,,,0,30,,20693,14,,,0,70,,20694,14,,,0,30,,20695,14,,,0,70,,20696,14,,,0,30,,20697,14,,,0,70,,20698,14,,,0,30,,20699,14,,,0,70,,20700,14,,,0,30,,20701,14,,,0,70,,20702,14,,,0,30,,20703,14,,,0,69,,20705,14,,,0,30,,20704,14,0,9,0,70,,20710,14,,,0,85,,20708,14,,,0,45,,20707,14,,,0,85,,20709,14,,,0,85,,20706,14,,,0,85,,20719,14,0,7 8,0
30003019,'1040',631,,20720,14,,,0,75,,20721,14,,,0,40,,20722,14,,,0,80,,20723,14,,,0,80,,20724,14,,,0,40,,20725,14,,,0,82,,20726,14,,,0,31,,20727,14,,,0,70,,20728,14,,,0,30,,20729,14,,,0,70,,20730,14,,,0,30,,20731,14,,,0,70,,20732,14,,,0,30,,20733,14,,,0,70,,20734,14,,,0,30,,20735,14,,,0,70,,20736,14,,,0,30,,20737,14,,,0,70,,20738,14,,,0,30,,20739,14,,,0,70,,20740,14,,,0,30,,20741,14,,,0,67,,20742,14,,,0,29,,20743,14,0,9,0,70,,20749,14,,,0,85,,20744,14,,,0,45,,20745,14,,,0,88,,20746,14,,,0,85,,20747,14,,,0,82,,20748,14,0,9,0
30003019,'996',856,,20750,14,,,0,80,,20751,14,,,0,80,,20752,14,,,0,40,,20753,14,,,0,86,,20754,14,,,0,88,,20755,14,,,0,85,,20756,14,,,0,85,,20757,14,,,0,45,,20758,14,,,0,85,,20759,14,,,0,85,,20760,14,,,0,85,,20761,14,,,0,45,,20762,14,,,0,85,,20763,14,,,0,85,,20764,14,,,0,85,,20765,14,,,0,45,,20766,14,,,0,85,,20767,14,,,0,85,,20769,14,0,9,0,42,,20768,14,0,9,0
100003019,'1039',643,,20889,6,,,0,67,,20890,6,,,0,30,,20891,6,,,0,70,,20892,6,,,0,30,,20893,6,,,0,70,,20894,6,,,0,30,,20895,6,,,0,70,,20872,6,,,0,30,,20873,6,,,0,70,,20874,6,,,0,30,,20875,6,,,0,70,,20876,6,,,0,30,,20877,6,,,0,70,,20878,6,,,0,30,,20879,6,,,0,70,,20880,6,,,0,30,,20881,6,,,0,70,,20882,6,,,0,30,,20883,6,,,0,70,,20884,6,,,0,30,,20885,6,,,0,70,,20886,6,,,0,30,,20887,6,,,0,70,,20888,6,,,0,30,,20896,6,,,0,70,,20897,6,0,9,0
100003019,'1040',1010,,20898,6,,,0,30,,20899,6,,,0,70,,20900,6,,,0,30,,20901,6,,,0,70,,20902,6,,,0,30,,20903,6,,,0,70,,20904,6,,,0,30,,20905,6,,,0,70,,20906,6,,,0,30,,20907,6,,,0,70,,20908,6,,,0,30,,20909,6,,,0,70,,20910,6,,,0,30,,20911,6,,,0,70,,20912,6,,,0,30,,20913,6,,,0,70,,20914,6,,,0,30,,20915,6,,,0,70,,20916,6,0,9,0
