5019,'976',834,,581,11,,,0,80,,582,11,,,0,40,,583,11,,,0,80,,584,11,,,0,85,,585,11,,,0,88,,586,11,,,0,45,,587,11,,,0,85,,588,11,,,0,85,,589,11,,,0,85,,590,11,,,0,45,,591,11,,,0,85,,592,11,,,0,85,,593,11,,,0,85,,594,11,,,0,45,,595,11,,,0,85,,596,11,,,0,85,,597,11,,,0,85,,598,11,,,0,45,,599,11,,,0,85,,600,11,,,0
5019,'980',637,,541,11,,,0,70,,542,11,,,0,30,,543,11,,,0,70,,544,11,,,0,29,,545,11,,,0,71,,546,11,,,0,30,,547,11,,,0,70,,525,11,,,0,30,,526,11,,,0,70,,527,11,,,0,30,,528,11,,,0,70,,529,11,,,0,30,,530,11,,,0,70,,531,11,,,0,30,,532,11,,,0,70,,533,11,,,0,30,,534,11,,,0,70,,535,11,,,0,30,,536,11,,,0,70,,537,11,,,0,30,,538,11,,,0,70,,539,11,,,0,30,,540,11,,,0,70,,518,11,,,0,30,,519,11,,,0,70,,520,11,,,0,44,,521,11,,,0,84,,522,11,,,0,86,,523,11,,,0,85,,524,11,,,0,44,,548,11,,,0,86,,549,11,,,0
5019,'984',834,,498,11,,,0,80,,499,11,,,0,40,,500,11,,,0,80,,501,11,,,0,85,,502,11,,,0,88,,503,11,,,0,45,,504,11,,,0,85,,505,11,,,0,85,,506,11,,,0,85,,507,11,,,0,45,,508,11,,,0,85,,509,11,,,0,85,,510,11,,,0,85,,511,11,,,0,45,,512,11,,,0,85,,513,11,,,0,85,,514,11,,,0,85,,515,11,,,0,45,,516,11,,,0,85,,517,11,,,0
5019,'986',604,,3654,11,,,0,40,,3655,11,,,0,80,,3656,11,,,0,80,,3657,11,,,0,40,,3658,11,,,0,80,,3659,11,,,0,83,,3660,11,,,0,30,,3661,11,,,0,70,,3662,11,,,0,30,,3663,11,,,0,70,,3664,11,,,0,30,,3665,11,,,0,70,,3666,11,,,0,30,,3667,11,,,0,70,,3668,11,,,0,30,,3669,11,,,0,70,,3670,11,,,0,30,,3671,11,,,0,70,,3672,11,,,0,30,,3673,11,,,0,70,,3674,11,,,0,30,,3675,11,,,0,70,,3676,11,,,0,30,,3677,11,,,0,70,,3678,11,,,0,44,,3679,11,,,0,84,,3680,11,,,0,86,,3681,11,,,0,85,,3682,11,,,0,45,,3684,11,,,0,85,,3683,11,,,0
10019,'976',817,,4324,11,,,0,40,,4325,11,,,0,80,,4326,11,,,0,80,,4327,11,,,0,83,,4328,11,,,0,45,,4329,11,,,0,85,,4330,11,,,0,85,,4331,11,,,0,85,,4332,11,,,0,45,,4333,11,,,0,85,,4334,11,,,0,85,,4335,11,,,0,85,,4336,11,,,0,45,,4337,11,,,0,85,,4338,11,,,0,85,,4339,11,,,0,85,,4340,11,,,0,45,,4341,11,,,0,85,,4342,11,,,0,85,,4343,11,,,0
10019,'979',627,,1356,11,,,0,25,,1357,11,,,0,70,,1358,11,,,0,31,,1359,11,,,0,70,,1360,11,,,0,30,,1361,11,,,0,70,,1362,11,,,0,30,,1363,11,,,0,70,,1334,11,,,0,30,,1335,11,,,0,70,,1336,11,,,0,30,,1337,11,,,0,70,,1338,11,,,0,30,,1339,11,,,0,70,,1340,11,,,0,30,,1341,11,,,0,70,,1342,11,,,0,30,,1343,11,,,0,70,,1344,11,,,0,30,,1345,11,,,0,70,,1346,11,,,0,30,,1347,11,,,0,70,,1348,11,,,0,30,,1349,11,,,0,69,,1351,11,,,0,30,,1364,11,,,0,77,,1355,11,,,0,85,,1354,11,,,0,45,,1350,11,,,0,85,,1352,11,,,0,85,,1353,11,,,0,85,,1365,11,,,0
10019,'983',817,,1314,11,,,0,40,,1315,11,,,0,80,,1316,11,,,0,80,,1317,11,,,0,83,,1318,11,,,0,45,,1319,11,,,0,85,,1320,11,,,0,85,,1321,11,,,0,85,,1322,11,,,0,45,,1323,11,,,0,85,,1324,11,,,0,85,,1325,11,,,0,85,,1326,11,,,0,45,,1327,11,,,0,85,,1328,11,,,0,85,,1329,11,,,0,85,,1330,11,,,0,45,,1331,11,,,0,85,,1332,11,,,0,85,,1333,11,,,0
10019,'985',627,,4366,11,,,0,25,,4367,11,,,0,70,,4368,11,,,0,31,,4369,11,,,0,70,,4370,11,,,0,30,,4371,11,,,0,70,,4372,11,,,0,30,,4373,11,,,0,70,,4344,11,,,0,30,,4345,11,,,0,70,,4346,11,,,0,30,,4347,11,,,0,70,,4348,11,,,0,30,,4349,11,,,0,70,,4350,11,,,0,30,,4351,11,,,0,70,,4352,11,,,0,30,,4353,11,,,0,70,,4354,11,,,0,30,,4355,11,,,0,70,,4356,11,,,0,30,,4357,11,,,0,70,,4358,11,,,0,30,,4359,11,,,0,69,,4361,11,,,0,30,,4374,11,,,0,77,,4365,11,,,0,85,,4364,11,,,0,45,,4360,11,,,0,85,,4362,11,,,0,85,,4363,11,,,0,85,,4375,11,,,0
10019,'986',627,,4376,11,,,0,80,,4377,11,,,0,40,,4378,11,,,0,80,,4379,11,,,0,80,,4380,11,,,0,40,,4381,11,,,0,75,,4382,11,,,0,30,,4383,11,,,0,70,,4384,11,,,0,30,,4385,11,,,0,70,,4386,11,,,0,30,,4387,11,,,0,70,,4388,11,,,0,30,,4389,11,,,0,70,,4390,11,,,0,30,,4391,11,,,0,70,,4392,11,,,0,30,,4393,11,,,0,70,,4394,11,,,0,30,,4395,11,,,0,70,,4396,11,,,0,30,,4397,11,,,0,70,,4398,11,,,0,29,,4399,11,,,0,78,,4400,11,,,0,85,,4401,11,,,0,45,,4402,11,,,0,85,,4403,11,,,0,85,,4404,11,,,0,85,,4405,11,,,0
10019,'987',817,,4406,11,,,0,40,,4407,11,,,0,80,,4408,11,,,0,80,,4409,11,,,0,83,,4410,11,,,0,45,,4411,11,,,0,85,,4412,11,,,0,85,,4413,11,,,0,85,,4414,11,,,0,45,,4415,11,,,0,85,,4416,11,,,0,85,,4417,11,,,0,85,,4418,11,,,0,45,,4419,11,,,0,85,,4420,11,,,0,85,,4421,11,,,0,85,,4422,11,,,0,45,,4423,11,,,0,85,,4424,11,,,0,85,,4425,11,,,0
