14029,'1010',713,,11498,19,,,0,230,,11503,19,,,0,272,,11477,19,,,0,230,,11482,19,,,0,270,,11487,19,,,0,220,,11493,19,,,0,85,,11490,19,,,0,85,,11492,19,,,0,45,,11491,19,,,0,85,,11494,19,,,0,85,,11505,19,,,0
14029,'1011',813,,11500,19,,,0,230,,11474,19,,,0,272,,11479,19,,,0,230,,11484,19,,,0,268,,11489,19,,,0
14029,'1012',813,,12873,19,,,0,230,,12869,19,,,0,272,,12870,19,,,0,230,,12871,19,,,0,268,,12872,19,,,0
14029,'1014',823,,11506,19,,,0,80,,11507,19,,,0,40,,11508,19,,,0,80,,11509,19,,,0,83,,11510,19,,,0,46,,11511,19,,,0,85,,11512,19,,,0,85,,11513,19,,,0,85,,11514,19,,,0,45,,11515,19,,,0,85,,11516,19,,,0,85,,11517,19,,,0,85,,11518,19,,,0,45,,11519,19,,,0,85,,11520,19,,,0,84,,11521,19,,,0,85,,11522,19,,,0,45,,11523,19,,,0,85,,11524,19,,,0,85,,11525,19,,,0
14029,'1015',713,,13653,19,,,0,230,,13654,19,,,0,272,,13645,19,,,0,230,,13646,19,,,0,270,,13647,19,,,0,220,,13651,19,,,0,85,,13648,19,,,0,85,,13650,19,,,0,45,,13649,19,,,0,85,,13652,19,,,0,85,,13655,19,,,0
14029,'1016',633,,13656,19,,,0,80,,13657,19,,,0,40,,13658,19,,,0,80,,13659,19,,,0,80,,13660,19,,,0,40,,13661,19,,,0,260,,13662,19,,,0,232,,13663,19,,,0,270,,13664,19,,,0,220,,13665,19,,,0,85,,13666,19,,,0,85,,13667,19,,,0,45,,13668,19,,,0,85,,13670,19,,,0,85,,13669,19,,,0
14029,'1017',823,,13671,19,,,0,80,,13672,19,,,0,40,,13673,19,,,0,80,,13674,19,,,0,83,,13675,19,,,0,46,,13676,19,,,0,85,,13677,19,,,0,85,,13678,19,,,0,85,,13679,19,,,0,45,,13680,19,,,0,85,,13681,19,,,0,85,,13682,19,,,0,85,,13683,19,,,0,45,,13684,19,,,0,85,,13685,19,,,0,84,,13686,19,,,0,85,,13687,19,,,0,45,,13688,19,,,0,85,,13689,19,,,0,85,,13690,19,,,0
14029,'1018',823,,13691,19,,,0,80,,13692,19,,,0,40,,13693,19,,,0,80,,13694,19,,,0,83,,13695,19,,,0,46,,13696,19,,,0,85,,13697,19,,,0,85,,13698,19,,,0,85,,13699,19,,,0,45,,13700,19,,,0,85,,13701,19,,,0,85,,13702,19,,,0,85,,13703,19,,,0,45,,13704,19,,,0,85,,13705,19,,,0,84,,13706,19,,,0,85,,13707,19,,,0,45,,13708,19,,,0,85,,13709,19,,,0,85,,13710,19,,,0
14029,'994',622,,11496,19,,,0,21,,11497,19,,,0,100,,11499,19,,,0,100,,11501,19,,,0,70,,11502,19,,,0,100,,11473,19,,,0,100,,11475,19,,,0,30,,11476,19,,,0,102,,11478,19,,,0,100,,11480,19,,,0,70,,11481,19,,,0,100,,11483,19,,,0,100,,11485,19,,,0,30,,11486,19,,,0,100,,11488,19,,,0,98,,11495,19,,,0,70,,11504,19,,,0
14029,'995',1013,,11532,19,,,0,30,,11533,19,,,0,70,,11534,19,,,0,30,,11535,19,,,0,100,,11537,19,,,0,70,,11538,19,,,0,30,,11539,19,,,0,72,,11540,19,,,0,100,,11542,19,,,0,30,,11543,19,,,0,70,,11544,19,,,0,30,,11545,19,,,0,100,,11547,19,,,0,68,,11548,19,,,0,30,,11549,19,,,0,70,,11555,19,,,0
