30003029,'1003',613,,12295,8,,,0,20,,12296,8,,,0,101,,12298,8,,,0,70,,12299,8,,,0,30,,12300,8,,,0,70,,12301,8,,,0,100,,12272,8,,,0,30,,12273,8,,,0,70,,12274,8,,,0,30,,12275,8,,,0,100,,12277,8,,,0,70,,12278,8,,,0,30,,12279,8,,,0,70,,12280,8,,,0,100,,12282,8,,,0,30,,12283,8,,,0,70,,12284,8,,,0,30,,12285,8,,,0,100,,12287,8,,,0,70,,12288,8,,,0,30,,12289,8,,,0,70,,12290,8,,,0,45,,12292,8,,,0,85,,12293,8,,,0,85,,12294,8,,,0,85,,12291,8,,,0,45,,12303,8,,,0
30003029,'1004',836,,12304,8,,,0,80,,12305,8,,,0,40,,12306,8,,,0,80,,12307,8,,,0,86,,12308,8,,,0,85,,12309,8,,,0,45,,12310,8,,,0,85,,12311,8,,,0,85,,12312,8,,,0,85,,12313,8,,,0,45,,12314,8,,,0,85,,12315,8,,,0,85,,12316,8,,,0,85,,12317,8,,,0,45,,12318,8,,,0,85,,12319,8,,,0,85,,12320,8,,,0,85,,12321,8,,,0,45,,12322,8,,,0,82,,12323,8,,,0
30003029,'1006',703,,12297,8,,,0,231,,12302,8,,,0,270,,12276,8,,,0,230,,12281,8,,,0,270,,12286,8,,,0
30003029,'1007',703,,12882,8,,,0,231,,12883,8,,,0,270,,12879,8,,,0,230,,12880,8,,,0,270,,12881,8,,,0
30003029,'995',609,,12324,8,,,0,35,,12325,8,,,0,80,,12326,8,,,0,80,,12327,8,,,0,40,,12328,8,,,0,80,,12329,8,,,0,80,,12330,8,,,0,30,,12331,8,,,0,70,,12332,8,,,0,30,,12333,8,,,0,70,,12334,8,,,0,30,,12335,8,,,0,70,,12336,8,,,0,30,,12337,8,,,0,70,,12338,8,,,0,30,,12339,8,,,0,70,,12340,8,,,0,30,,12341,8,,,0,70,,12342,8,,,0,30,,12343,8,,,0,70,,12344,8,,,0,30,,12345,8,,,0,70,,12346,8,,,0,30,,12353,8,,,0,70,,12347,8,,,0,45,,12348,8,,,0,85,,12349,8,,,0,85,,12350,8,,,0,85,,12351,8,,,0,45,,12352,8,,,0
30003029,'996',836,,12354,8,,,0,80,,12355,8,,,0,40,,12356,8,,,0,80,,12357,8,,,0,86,,12358,8,,,0,85,,12359,8,,,0,45,,12360,8,,,0,85,,12361,8,,,0,85,,12362,8,,,0,85,,12363,8,,,0,45,,12364,8,,,0,85,,12365,8,,,0,85,,12366,8,,,0,85,,12367,8,,,0,45,,12368,8,,,0,85,,12369,8,,,0,85,,12370,8,,,0,85,,12371,8,,,0,45,,12372,8,,,0,82,,12373,8,,,0
100003029,'1003',623,,12436,8,,,0,95,,12438,8,,,0,31,,12439,8,,,0,70,,12440,8,,,0,30,,12441,8,,,0,100,,12435,8,,,0,70,,12419,8,,,0,30,,12420,8,,,0,70,,12421,8,,,0,100,,12423,8,,,0,30,,12424,8,,,0,70,,12425,8,,,0,30,,12426,8,,,0,100,,12428,8,,,0,70,,12429,8,,,0,30,,12430,8,,,0,70,,12431,8,,,0,100,,12433,8,,,0,30,,12434,8,,,0,70,,12444,8,,,0,30,,12443,8,,,0
100003029,'1006',648,,12437,8,,,0,271,,12442,8,,,0,230,,12422,8,,,0,270,,12427,8,,,0,230,,12432,8,,,0
100003029,'1007',648,,12892,8,,,0,271,,12893,8,,,0,230,,12889,8,,,0,270,,12890,8,,,0,230,,12891,8,,,0
100003029,'995',949,,12461,8,,,0,70,,12445,8,,,0,30,,12446,8,,,0,70,,12447,8,,,0,30,,12448,8,,,0,70,,12449,8,,,0,30,,12450,8,,,0,70,,12451,8,,,0,30,,12452,8,,,0,70,,12453,8,,,0,30,,12454,8,,,0,70,,12455,8,,,0,30,,12456,8,,,0,70,,12457,8,,,0,30,,12458,8,,,0,70,,12459,8,,,0,30,,12460,8,,,0,70,,12462,8,,,0,30,,12463,8,,,0
