4019,'1010',717,,6813,67,,,0,128,,6814,54,,,0,168,,6815,54,,,0,214,,6818,72,,,0,128,,6819,54,,,0,271,,6816,54,,,0,128,,6817,54,,,0
4019,'1015',717,,13115,67,,,0,128,,13116,54,,,0,168,,13117,54,,,0,214,,13120,72,,,0,128,,13121,54,,,0,271,,13118,54,,,0,128,,13119,54,,,0
14019,'1010',732,,11394,3,0,10 11,0,270,,11399,3,0,10 11,0,232,,11373,3,0,10 11,0,270,,11378,3,0,10 11,0,230,,11383,3,0,10 11,0,220,,11388,3,,,0,85,,11389,3,,,0,85,,11387,3,,,0,85,,11390,3,,,0,45,,11386,3,,,0,85,,11401,3,,,0
14019,'1011',832,,11396,3,0,10 11,0,270,,11370,3,0,10 11,0,232,,11375,3,0,10 11,0,270,,11380,3,0,10 11,0,228,,11385,3,0,10 11,0
14019,'1012',832,,12868,3,0,10 11,0,270,,12864,3,0,10 11,0,232,,12865,3,0,10 11,0,270,,12866,3,0,10 11,0,228,,12867,3,0,9,0
14019,'1014',838,,11402,3,,,0,80,,11403,3,,,0,40,,11404,3,,,0,80,,11405,3,,,0,84,,11406,3,,,0,88,,11407,3,,,0,45,,11408,3,,,0,85,,11409,3,,,0,85,,11410,3,,,0,85,,11411,3,,,0,45,,11412,3,,,0,85,,11413,3,,,0,85,,11414,3,,,0,85,,11415,3,,,0,45,,11416,3,,,0,82,,11417,3,,,0,85,,11418,3,,,0,85,,11419,3,,,0,45,,11420,3,,,0,85,,11421,3,,,0
14019,'1015',732,,13587,3,0,10 11,0,270,,13588,3,0,10 11,0,232,,13579,3,0,10 11,0,270,,13580,3,0,10 11,0,230,,13581,3,0,10 11,0,220,,13584,3,,,0,85,,13585,3,,,0,85,,13583,3,,,0,85,,13586,3,,,0,45,,13582,3,,,0,85,,13589,3,,,0
14019,'1016',650,,13590,3,,,0,80,,13591,3,,,0,80,,13592,3,,,0,40,,13593,3,,,0,80,,13594,3,,,0,80,,13595,3,,,0,222,,13596,3,0,10 11,0,272,,13597,3,0,10 11,0,230,,13598,3,0,10 11,0,219,,13599,3,,,0,85,,13600,3,,,0,85,,13601,3,,,0,85,,13602,3,,,0,45,,13604,3,,,0,85,,13603,3,,,0
14019,'1017',838,,13605,3,,,0,80,,13606,3,,,0,40,,13607,3,,,0,80,,13608,3,,,0,84,,13609,3,,,0,88,,13610,3,,,0,45,,13611,3,,,0,85,,13612,3,,,0,85,,13613,3,,,0,85,,13614,3,,,0,45,,13615,3,,,0,85,,13616,3,,,0,85,,13617,3,,,0,85,,13618,3,,,0,45,,13619,3,,,0,82,,13620,3,,,0,85,,13621,3,,,0,85,,13622,3,,,0,45,,13623,3,,,0,85,,13624,3,,,0
14019,'1018',838,,13625,3,,,0,80,,13626,3,,,0,40,,13627,3,,,0,80,,13628,3,,,0,84,,13629,3,,,0,88,,13630,3,,,0,45,,13631,3,,,0,85,,13632,3,,,0,85,,13633,3,,,0,85,,13634,3,,,0,45,,13635,3,,,0,85,,13636,3,,,0,85,,13637,3,,,0,85,,13638,3,,,0,45,,13639,3,,,0,82,,13640,3,,,0,85,,13641,3,,,0,85,,13642,3,,,0,45,,13643,3,,,0,85,,13644,3,,,0
14019,'994',637,,11392,3,0,10 11,0,65,,11393,3,0,10 11,0,100,,11395,3,0,10 11,0,100,,11397,3,0,10 11,0,30,,11398,3,0,10 11,0,100,,11369,3,0,10 11,0,100,,11371,3,0,10 11,0,70,,11372,3,0,10 11,0,102,,11374,3,0,10 11,0,100,,11376,3,0,10 11,0,30,,11377,3,0,10 11,0,100,,11379,3,0,10 11,0,100,,11381,3,0,10 11,0,70,,11382,3,0,10 11,0,100,,11384,3,0,10 11,0,98,,11391,3,,,0,30,,11400,3,,,0
14019,'995',1030,,11428,3,0,10 11,0,72,,11429,3,0,10 11,0,30,,11430,3,0,10 11,0,70,,11431,3,0,10 11,0,100,,11433,3,0,10 11,0,30,,11434,3,0,10 11,0,70,,11435,3,0,10 11,0,32,,11436,3,0,10 11,0,100,,11438,3,0,10 11,0,70,,11439,3,0,10 11,0,30,,11440,3,0,10 11,0,70,,11441,3,0,10 11,0,100,,11443,3,0,10 11,0,27,,11444,3,0,9,0,70,,11445,3,,,0,30,,11452,3,,,0
