1029,'976',815,,3473,9,,,0,40,,3474,9,,,0,60,,261,9,,,0,20,,3491,9,,,0,20,,263,9,,,0,60,,3475,9,,,0,20,,265,9,,,0,23,,3476,9,,,0,62,,260,9,,,0,23,,3477,9,,,0,62,,264,9,,,0,23,,3478,9,,,0,22,,262,9,,,0,63,,3479,9,,,0,22,,266,9,,,0,23,,3480,9,,,0,62,,267,9,,,0,23,,3481,9,,,0,62,,268,9,,,0,23,,3482,9,,,0,22,,269,9,,,0,63,,3483,9,,,0,22,,270,9,,,0,23,,3484,9,,,0,62,,271,9,,,0,23,,3485,9,,,0,62,,253,9,,,0,23,,3493,9,,,0,85,,3490,9,,,0,45,,3486,9,,,0,85,,3487,9,,,0,85,,3489,9,,,0,85,,3488,9,,,0,45,,3492,9,,,0
1029,'979',605,,174,9,,,0,30,,175,9,,,0,70,,176,9,,,0,30,,177,9,,,0,70,,178,9,,,0,30,,179,9,,,0,70,,180,9,,,0,30,,181,9,,,0,70,,182,9,,,0,30,,183,9,,,0,70,,184,9,,,0,30,,185,9,,,0,70,,186,9,,,0,30,,187,9,,,0,70,,188,9,,,0,30,,189,9,,,0,70,,190,9,,,0,30,,191,9,,,0,70,,192,9,,,0,30,,193,9,,,0,70,,194,9,,,0,30,,195,9,,,0,70,,196,9,,,0,30,,197,9,,,0,70,,198,9,,,0,30,,199,9,,,0,70,,207,9,,,0,21,,200,9,,,0,85,,201,9,,,0,45,,203,9,,,0,85,,204,9,,,0,85,,205,9,,,0,85,,202,9,,,0,45,,206,9,,,0
1029,'983',815,,140,9,,,0,40,,141,9,,,0,80,,159,9,,,0,80,,142,9,,,0,43,,143,9,,,0,85,,144,9,,,0,85,,145,9,,,0,85,,146,9,,,0,45,,147,9,,,0,85,,148,9,,,0,85,,149,9,,,0,85,,150,9,,,0,45,,151,9,,,0,85,,152,9,,,0,85,,173,9,,,0,85,,158,9,,,0,45,,154,9,,,0,85,,155,9,,,0,85,,157,9,,,0,85,,156,9,,,0,45,,172,9,,,0
1029,'984',915,,161,9,,,0,40,,163,9,,,0,80,,165,9,,,0,85,,160,9,,,0,85,,164,9,,,0,45,,162,9,,,0,85,,166,9,,,0,85,,167,9,,,0,85,,168,9,,,0,45,,169,9,,,0,85,,170,9,,,0,85,,171,9,,,0,85,,153,9,,,0
1029,'985',605,,3494,9,,,0,30,,3495,9,,,0,70,,3496,9,,,0,30,,3497,9,,,0,70,,3498,9,,,0,30,,3499,9,,,0,70,,3500,9,,,0,30,,3501,9,,,0,70,,3502,9,,,0,30,,3503,9,,,0,70,,3504,9,,,0,30,,3505,9,,,0,70,,3506,9,,,0,30,,3507,9,,,0,70,,3508,9,,,0,30,,3509,9,,,0,70,,3510,9,,,0,30,,3511,9,,,0,70,,3512,9,,,0,30,,3513,9,,,0,70,,3514,9,,,0,30,,3515,9,,,0,70,,3516,9,,,0,30,,3517,9,,,0,70,,3518,9,,,0,30,,3519,9,,,0,70,,3527,9,,,0,21,,3520,9,,,0,85,,3521,9,,,0,45,,3523,9,,,0,85,,3524,9,,,0,85,,3525,9,,,0,85,,3522,9,,,0,45,,3526,9,,,0
1029,'986',625,,3528,9,,,0,80,,3529,9,,,0,40,,3530,9,,,0,80,,3531,9,,,0,80,,3532,9,,,0,40,,3533,9,,,0,60,,3535,9,,,0,30,,3534,9,,,0,70,,3537,9,,,0,30,,3536,9,,,0,70,,3539,9,,,0,30,,3538,9,,,0,70,,3541,9,,,0,30,,3540,9,,,0,70,,3543,9,,,0,30,,3542,9,,,0,70,,3545,9,,,0,30,,3544,9,,,0,70,,3547,9,,,0,30,,3546,9,,,0,70,,3549,9,,,0,30,,3548,9,,,0,70,,3558,9,,,0,30,,3550,9,,,0,70,,3559,9,,,0,22,,3551,9,,,0,84,,3553,9,,,0,45,,3552,9,,,0,85,,3554,9,,,0,85,,3556,9,,,0,85,,3555,9,,,0,45,,3557,9,,,0
1029,'987',815,,3560,9,,,0,40,,3561,9,,,0,80,,3578,9,,,0,80,,3562,9,,,0,43,,3563,9,,,0,85,,3564,9,,,0,85,,3565,9,,,0,85,,3566,9,,,0,45,,3567,9,,,0,85,,3568,9,,,0,85,,3569,9,,,0,85,,3570,9,,,0,45,,3571,9,,,0,85,,3572,9,,,0,85,,3580,9,,,0,85,,3577,9,,,0,45,,3573,9,,,0,85,,3574,9,,,0,85,,3576,9,,,0,85,,3575,9,,,0,45,,3579,9,,,0
12019,'979',633,,1623,23,,,0,25,,1624,23,,,0,71,,1625,23,,,0,30,,1626,23,,,0,70,,1627,23,,,0,30,,1628,23,,,0,70,,1629,23,,,0,30,,1630,23,,,0,70,,1607,23,,,0,30,,1608,23,,,0,70,,1609,23,,,0,30,,1610,23,,,0,70,,1611,23,,,0,30,,1612,23,,,0,70,,1613,23,,,0,30,,1614,23,,,0,70,,1615,23,,,0,30,,1616,23,,,0,70,,1617,23,,,0,30,,1618,23,,,0,70,,1619,23,,,0,30,,1620,23,,,0,70,,1621,23,,,0,30,,1622,23,,,0,70,,1606,23,,,0,30,,1631,23,,,0
12019,'982',716,,1633,23,,,0,120,,1635,23,,,0,120,,1637,23,,,0,103,,1639,23,,,0,100,,1641,23,,,0,100,,1643,23,,,0,100,,1645,23,,,0,100,,1647,23,,,0,100,,1649,23,,,0,100,,1651,23,,,0,100,,1653,23,,,0,100,,1655,23,,,0
12019,'985',633,,4633,23,,,0,25,,4634,23,,,0,71,,4635,23,,,0,30,,4636,23,,,0,70,,4637,23,,,0,30,,4638,23,,,0,70,,4639,23,,,0,30,,4640,23,,,0,70,,4617,23,,,0,30,,4618,23,,,0,70,,4619,23,,,0,30,,4620,23,,,0,70,,4621,23,,,0,30,,4622,23,,,0,70,,4623,23,,,0,30,,4624,23,,,0,70,,4625,23,,,0,30,,4626,23,,,0,70,,4627,23,,,0,30,,4628,23,,,0,70,,4629,23,,,0,30,,4630,23,,,0,70,,4631,23,,,0,30,,4632,23,,,0,70,,4616,23,,,0,30,,4641,23,,,0
12019,'986',635,,4642,23,,,0,121,,4643,23,,,0,160,,4644,23,,,0,113,,4645,23,,,0,100,,4646,23,,,0,100,,4647,23,,,0,100,,4648,23,,,0,100,,4649,23,,,0,100,,4650,23,,,0,100,,4651,23,,,0,100,,4652,23,,,0,100,,4653,23,,,0
