4019,'1022',631,,13115,2,,,0,502,,13120,2,,,0
4019,'1025',631,,14412,2,,,0,502,,14417,2,,,0
10019,'1021',646,,10988,2,,,0,70,,10989,2,,,0,30,,10990,2,,,0,170,,10993,2,,,0,30,,10994,2,,,0,70,,10965,2,,,0,130,,10968,2,,,0,70,,10969,2,,,0,30,,10970,2,,,0,170,,10973,2,,,0,30,,10974,2,,,0,70,,10975,2,,,0,130,,10978,2,,,0,70,,10979,2,,,0,30,,10980,2,,,0,177,,10986,2,,,0,85,,10985,2,,,0,45,,10981,2,,,0,85,,10983,2,,,0,85,,10984,2,,,0,85,,10996,2,,,0
10019,'1022',621,,13558,2,,,0,195,,10991,2,,,0,30,,13559,2,,,0,200,,10966,2,,,0,70,,13555,2,,,0,200,,10971,2,,,0,30,,13556,2,,,0,200,,10976,2,,,0,70,,13557,2,,,0,200,,10982,2,,,0,30,,13560,2,,,0
10019,'1024',811,,10997,2,,,0,40,,10998,2,,,0,80,,10999,2,,,0,80,,11000,2,,,0,43,,11001,2,,,0,85,,11002,2,,,0,85,,11003,2,,,0,85,,11004,2,,,0,45,,11005,2,,,0,85,,11006,2,,,0,85,,11007,2,,,0,85,,11008,2,,,0,45,,11009,2,,,0,85,,11010,2,,,0,85,,11011,2,,,0,85,,11012,2,,,0,45,,11013,2,,,0,85,,11014,2,,,0,85,,11015,2,,,0,85,,11016,2,,,0
10019,'1025',621,,14836,2,,,0,25,,14837,2,,,0,70,,14838,2,,,0,30,,14839,2,,,0,70,,14840,2,,,0,30,,14841,2,,,0,70,,14842,2,,,0,30,,14843,2,,,0,70,,14814,2,,,0,30,,14815,2,,,0,70,,14816,2,,,0,30,,14817,2,,,0,70,,14818,2,,,0,30,,14819,2,,,0,70,,14820,2,,,0,30,,14821,2,,,0,70,,14822,2,,,0,30,,14823,2,,,0,70,,14824,2,,,0,30,,14825,2,,,0,70,,14826,2,,,0,30,,14827,2,,,0,70,,14828,2,,,0,30,,14829,2,,,0,70,,14831,2,,,0,30,,14844,2,,,0,77,,14835,2,,,0,85,,14834,2,,,0,45,,14830,2,,,0,85,,14832,2,,,0,85,,14833,2,,,0,85,,14845,2,,,0
10019,'1026',621,,14846,2,,,0,80,,14847,2,,,0,40,,14848,2,,,0,80,,14849,2,,,0,80,,14850,2,,,0,42,,14851,2,,,0,73,,14852,2,,,0,30,,14853,2,,,0,70,,14854,2,,,0,30,,14855,2,,,0,70,,14856,2,,,0,30,,14857,2,,,0,70,,14858,2,,,0,30,,14859,2,,,0,70,,14860,2,,,0,30,,14861,2,,,0,70,,14862,2,,,0,30,,14863,2,,,0,70,,14864,2,,,0,30,,14865,2,,,0,70,,14866,2,,,0,30,,14867,2,,,0,70,,14868,2,,,0,30,,14869,2,,,0,77,,14870,2,,,0,85,,14871,2,,,0,45,,14872,2,,,0,85,,14873,2,,,0,85,,14874,2,,,0,85,,14875,2,,,0
10019,'1027',811,,14876,2,,,0,40,,14877,2,,,0,80,,14878,2,,,0,80,,14879,2,,,0,43,,14880,2,,,0,85,,14881,2,,,0,85,,14882,2,,,0,85,,14883,2,,,0,45,,14884,2,,,0,85,,14885,2,,,0,85,,14886,2,,,0,85,,14887,2,,,0,45,,14888,2,,,0,85,,14889,2,,,0,85,,14890,2,,,0,85,,14891,2,,,0,45,,14892,2,,,0,85,,14893,2,,,0,85,,14894,2,,,0,85,,14895,2,,,0
10019,'996',811,,14896,2,,,0,40,,14897,2,,,0,80,,14898,2,,,0,80,,14899,2,,,0,43,,14900,2,,,0,85,,14901,2,,,0,85,,14902,2,,,0,85,,14903,2,,,0,45,,14904,2,,,0,85,,14905,2,,,0,85,,14906,2,,,0,85,,14907,2,,,0,45,,14908,2,,,0,85,,14909,2,,,0,85,,14910,2,,,0,85,,14911,2,,,0,45,,14912,2,,,0,85,,14913,2,,,0,85,,14914,2,,,0,85,,14915,2,,,0
12019,'994',621,,7945,2,,,0,25,,7946,2,,,0,70,,7947,2,,,0,30,,7948,2,,,0,70,,7949,2,,,0,30,,7950,2,,,0,70,,7951,2,,,0,30,,7952,2,,,0,70,,7929,2,,,0,30,,7930,2,,,0,70,,7931,2,,,0,30,,7932,2,,,0,70,,7933,2,,,0,30,,7934,2,,,0,70,,7935,2,,,0,30,,7936,2,,,0,70,,7937,2,,,0,30,,7938,2,,,0,70,,7939,2,,,0,30,,7940,2,,,0,70,,7941,2,,,0,30,,7942,2,,,0,70,,7943,2,,,0,30,,7944,2,,,0,70,,7928,2,,,0,30,,7953,2,,,0
12019,'995',633,,7954,2,,,0,70,,7955,2,,,0,40,,7956,2,,,0,80,,7957,2,,,0,80,,7958,2,,,0,40,,7959,2,,,0,73,,7960,2,,,0,30,,7961,2,,,0,70,,7962,2,,,0,30,,7963,2,,,0,70,,7964,2,,,0,30,,7965,2,,,0,70,,7966,2,,,0,30,,7967,2,,,0,70,,7968,2,,,0,30,,7969,2,,,0,70,,7970,2,,,0,30,,7971,2,,,0,70,,7972,2,,,0,30,,7973,2,,,0,70,,7974,2,,,0,30,,7975,2,,,0,70,,7976,2,,,0,30,,7977,2,,,0
18029,'1017',811,,12103,2,,,0,40,,12104,2,,,0,80,,12105,2,,,0,80,,12106,2,,,0,43,,12107,2,,,0,87,,12108,2,,,0,85,,12109,2,,,0,85,,12110,2,,,0,45,,12111,2,,,0,85,,12112,2,,,0,85,,12113,2,,,0,85,,12114,2,,,0,45,,12115,2,,,0,85,,12116,2,,,0,85,,12117,2,,,0,85,,12118,2,,,0,45,,12119,2,,,0,85,,12120,2,,,0,85,,12121,2,,,0,85,,12122,2,,,0,43,,12123,2,,,0
18029,'1022',2008,,13986,2,,,0,45,,13987,2,,,0,170,,13989,2,,,0,85,,13988,2,,,0
18029,'1025',2008,,15285,2,,,0,45,,15286,2,,,0,170,,15288,2,,,0,85,,15287,2,,,0
18029,'1026',621,,15289,2,,,0,80,,15290,2,,,0,40,,15291,2,,,0,80,,15292,2,,,0,80,,15293,2,,,0,40,,15294,2,,,0,80,,15295,2,,,0,80,,15296,2,,,0,45,,15297,2,,,0,85,,15298,2,,,0,85,,15299,2,,,0,85,,15300,2,,,0,45,,15301,2,,,0,85,,15302,2,,,0,85,,15304,2,,,0,85,,15305,2,,,0,45,,15303,2,,,0,85,,15306,2,,,0,92,,15308,2,,,0,85,,15307,2,,,0,45,,15309,2,,,0,85,,15311,2,,,0,85,,15310,2,,,0,85,,15312,2,,,0,43,,15313,2,,,0
18029,'994',631,,12079,2,,,0,85,,12080,2,,,0,85,,12081,2,,,0,45,,12082,2,,,0,85,,12083,2,,,0,85,,12084,2,,,0,85,,12085,2,,,0,45,,12086,2,,,0,85,,12087,2,,,0,85,,12088,2,,,0,85,,12089,2,,,0,45,,12090,2,,,0,85,,12091,2,,,0,85,,12092,2,,,0,85,,12093,2,,,0,45,,12094,2,,,0,85,,12095,2,,,0,92,,12096,2,,,0,215,,12098,2,,,0,213,,12102,2,,,0
18029,'996',811,,12149,2,,,0,40,,12150,2,,,0,80,,12151,2,,,0,80,,12152,2,,,0,43,,12153,2,,,0,87,,12154,2,,,0,85,,12155,2,,,0,85,,12156,2,,,0,45,,12157,2,,,0,85,,12158,2,,,0,85,,12159,2,,,0,85,,12160,2,,,0,45,,12161,2,,,0,85,,12162,2,,,0,85,,12163,2,,,0,85,,12164,2,,,0,45,,12165,2,,,0,85,,12166,2,,,0,85,,12167,2,,,0,85,,12168,2,,,0,43,,12169,2,,,0
