14019,'1010',733,,11394,6,0,10 11,0,270,,11399,6,0,10 11,0,232,,11373,6,0,10 11,0,270,,11378,6,0,10 11,0,230,,11383,6,0,10 11,0,220,,11388,6,,,0,85,,11389,6,,,0,85,,11387,6,,,0,85,,11390,6,,,0,45,,11386,6,,,0,85,,11401,6,,,0
14019,'1011',833,,11396,6,0,10 11,0,270,,11370,6,0,10 11,0,232,,11375,6,0,10 11,0,270,,11380,6,0,10 11,0,228,,11385,6,0,10 11,0
14019,'1012',833,,12868,6,0,10 11,0,270,,12864,6,0,10 11,0,232,,12865,6,0,10 11,0,270,,12866,6,0,10 11,0,228,,12867,6,0,9,0
14019,'1014',840,,11402,6,,,0,80,,11403,6,,,0,80,,11404,6,,,0,40,,11405,6,,,0,84,,11406,6,,,0,88,,11407,6,,,0,45,,11408,6,,,0,85,,11409,6,,,0,85,,11410,6,,,0,85,,11411,6,,,0,45,,11412,6,,,0,85,,11413,6,,,0,85,,11414,6,,,0,85,,11415,6,,,0,45,,11416,6,,,0,82,,11417,6,,,0,85,,11418,6,,,0,85,,11419,6,,,0,45,,11420,6,,,0,85,,11421,6,,,0
14019,'1015',733,,13587,6,0,10 11,0,270,,13588,6,0,10 11,0,232,,13579,6,0,10 11,0,270,,13580,6,0,10 11,0,230,,13581,6,0,10 11,0,220,,13584,6,,,0,85,,13585,6,,,0,85,,13583,6,,,0,85,,13586,6,,,0,45,,13582,6,,,0,85,,13589,6,,,0
14019,'1016',652,,13590,6,,,0,80,,13591,6,,,0,80,,13592,6,,,0,40,,13593,6,,,0,80,,13594,6,,,0,80,,13595,6,,,0,221,,13596,6,0,10 11,0,272,,13597,6,0,10 11,0,230,,13598,6,0,10 11,0,220,,13599,6,,,0,85,,13600,6,,,0,85,,13601,6,,,0,85,,13602,6,,,0,45,,13604,6,,,0,85,,13603,6,,,0
14019,'1017',840,,13605,6,,,0,80,,13606,6,,,0,80,,13607,6,,,0,40,,13608,6,,,0,84,,13609,6,,,0,88,,13610,6,,,0,45,,13611,6,,,0,85,,13612,6,,,0,85,,13613,6,,,0,85,,13614,6,,,0,45,,13615,6,,,0,85,,13616,6,,,0,85,,13617,6,,,0,85,,13618,6,,,0,45,,13619,6,,,0,82,,13620,6,,,0,85,,13621,6,,,0,85,,13622,6,,,0,45,,13623,6,,,0,85,,13624,6,,,0
14019,'1018',840,,13625,6,,,0,80,,13626,6,,,0,80,,13627,6,,,0,40,,13628,6,,,0,84,,13629,6,,,0,88,,13630,6,,,0,45,,13631,6,,,0,85,,13632,6,,,0,85,,13633,6,,,0,85,,13634,6,,,0,45,,13635,6,,,0,85,,13636,6,,,0,85,,13637,6,,,0,85,,13638,6,,,0,45,,13639,6,,,0,82,,13640,6,,,0,85,,13641,6,,,0,85,,13642,6,,,0,45,,13643,6,,,0,85,,13644,6,,,0
14019,'994',639,,11392,6,0,10 11,0,64,,11393,6,0,10 11,0,100,,11395,6,0,10 11,0,100,,11397,6,0,10 11,0,30,,11398,6,0,10 11,0,100,,11369,6,0,10 11,0,100,,11371,6,0,10 11,0,70,,11372,6,0,10 11,0,102,,11374,6,0,10 11,0,100,,11376,6,0,10 11,0,30,,11377,6,0,10 11,0,100,,11379,6,0,10 11,0,100,,11381,6,0,10 11,0,70,,11382,6,0,10 11,0,100,,11384,6,0,10 11,0,98,,11391,6,,,0,30,,11400,6,,,0
14019,'995',1032,,11428,6,0,10 11,0,71,,11429,6,0,10 11,0,30,,11430,6,0,10 11,0,70,,11431,6,0,10 11,0,100,,11433,6,0,10 11,0,30,,11434,6,0,10 11,0,70,,11435,6,0,10 11,0,32,,11436,6,0,10 11,0,100,,11438,6,0,10 11,0,70,,11439,6,0,10 11,0,30,,11440,6,0,10 11,0,70,,11441,6,0,10 11,0,100,,11443,6,0,10 11,0,28,,11444,6,0,9,0,70,,11445,6,,,0,30,,11452,6,,,0
