11019,'979',626,,1534,18,,,0,30,,1535,18,,,0,70,,1536,18,,,0,30,,1537,18,,,0,70,,1538,18,,,0,30,,1539,18,,,0,70,,1540,18,,,0,30,,1541,18,,,0,70,,1518,18,,,0,30,,1519,18,,,0,70,,1520,18,,,0,30,,1521,18,,,0,70,,1522,18,,,0,30,,1523,18,,,0,70,,1524,18,,,0,30,,1525,18,,,0,70,,1526,18,,,0,30,,1527,18,,,0,70,,1528,18,,,0,30,,1529,18,,,0,70,,1530,18,,,0,30,,1531,18,,,0,70,,1532,18,,,0,30,,1533,18,,,0,70,,1543,18,,,0,30,,1542,18,,,0
11019,'985',626,,4544,18,,,0,30,,4545,18,,,0,70,,4546,18,,,0,30,,4547,18,,,0,70,,4548,18,,,0,30,,4549,18,,,0,70,,4550,18,,,0,30,,4551,18,,,0,70,,4528,18,,,0,30,,4529,18,,,0,70,,4530,18,,,0,30,,4531,18,,,0,70,,4532,18,,,0,30,,4533,18,,,0,70,,4534,18,,,0,30,,4535,18,,,0,70,,4536,18,,,0,30,,4537,18,,,0,70,,4538,18,,,0,30,,4539,18,,,0,70,,4540,18,,,0,30,,4541,18,,,0,70,,4542,18,,,0,30,,4543,18,,,0,70,,4553,18,,,0,30,,4552,18,,,0
11019,'986',1026,,4554,18,,,0,30,,4555,18,,,0,70,,4556,18,,,0,30,,4557,18,,,0,70,,4558,18,,,0,30,,4559,18,,,0,70,,4560,18,,,0,30,,4561,18,,,0,70,,4562,18,,,0,30,,4563,18,,,0,70,,4564,18,,,0,30,,4565,18,,,0,70,,4566,18,,,0,30,,4567,18,,,0,70,,4568,18,,,0,30,,4569,18,,,0,70,,4570,18,,,0,30,,4571,18,,,0
13029,'976',906,,4710,22,,,0,40,,4711,22,,,0,80,,4712,22,,,0,80,,4713,22,,,0,46,,4714,22,,,0,85,,4715,22,,,0,85,,4716,22,,,0,85,,4717,22,,,0,45,,4718,22,,,0,85,,4719,22,,,0,85,,4720,22,,,0,85,,4721,22,,,0,45,,4722,22,,,0,85,,4723,22,,,0,85,,4724,22,,,0,83,,4725,22,,,0,44,,4726,22,,,0,85,,4727,22,,,0,85,,4728,22,,,0
13029,'979',1937,,1736,22,,,0,85,,1731,22,,,0,85,,1732,22,,,0,44,,1734,22,,,0,83,,1733,22,,,0,85,,1735,22,,,0
13029,'983',906,,1712,22,,,0,40,,1713,22,,,0,80,,1714,22,,,0,80,,1715,22,,,0,46,,1716,22,,,0,85,,1717,22,,,0,85,,1718,22,,,0,85,,1719,22,,,0,45,,1720,22,,,0,85,,1721,22,,,0,85,,1722,22,,,0,85,,1723,22,,,0,45,,1724,22,,,0,85,,1725,22,,,0,85,,1726,22,,,0,83,,1727,22,,,0,44,,1728,22,,,0,85,,1729,22,,,0,85,,1730,22,,,0
13029,'985',1937,,4734,22,,,0,85,,4729,22,,,0,85,,4730,22,,,0,44,,4732,22,,,0,83,,4731,22,,,0,85,,4733,22,,,0
13029,'986',633,,4735,22,,,0,80,,4736,22,,,0,40,,4737,22,,,0,80,,4738,22,,,0,81,,4739,22,,,0,40,,4740,22,,,0,982,,4741,22,,,0,85,,4742,22,,,0,85,,4743,22,,,0,46,,4744,22,,,0,85,,4745,22,,,0,85,,4746,22,,,0
13029,'987',906,,4747,22,,,0,40,,4748,22,,,0,80,,4749,22,,,0,80,,4750,22,,,0,46,,4751,22,,,0,85,,4752,22,,,0,85,,4753,22,,,0,85,,4754,22,,,0,45,,4755,22,,,0,85,,4756,22,,,0,85,,4757,22,,,0,85,,4758,22,,,0,45,,4759,22,,,0,85,,4760,22,,,0,85,,4761,22,,,0,83,,4762,22,,,0,44,,4763,22,,,0,85,,4764,22,,,0,85,,4765,22,,,0
130003029,'976',826,,6137,26,,,0,20,,6162,26,0,9,0,60,,6138,26,,,0,20,,6168,26,0,9,0,20,,6139,26,,,0,60,,6165,26,0,9,0,20,,6140,26,,,0,22,,6166,26,0,9,0,61,,6141,26,,,0,22,,6164,26,0,9,0,25,,6142,26,,,0,62,,6167,26,0,9,0,23,,6143,26,,,0,62,,6163,26,0,9,0,23,,6144,26,,,0,22,,6145,26,0,9,0,63,,6146,26,,,0,22,,6147,26,0,9,0,23,,6148,26,,,0,62,,6149,26,0,9,0,23,,6150,26,,,0,62,,6151,26,0,9,0,23,,6152,26,,,0,22,,6153,26,0,9,0,63,,6154,26,,,0,22,,6155,26,0,9,0,24,,6156,26,,,0,62,,6170,26,0,9,0,23,,6169,26,,,0,85,,6157,26,,,0,85,,6158,26,,,0,45,,6159,26,,,0,85,,6160,26,,,0,85,,6161,26,,,0,83,,6171,26,0,9,0
130003029,'979',626,,3243,26,,,0,15,,3244,26,0,10 11,0,70,,3245,27,0,10 11,0,15,,3246,27,,,0,15,,3247,27,0,10 11,0,15,,3248,27,,,0,55,,3249,27,0,10 11,0,15,,3250,27,,,0,15,,3251,27,0,10 11,0,15,,3252,27,,,0,55,,3253,27,0,10 11,0,15,,3254,27,,,0,15,,3255,27,0,10 11,0,15,,3256,27,,,0,55,,3257,27,0,10 11,0,15,,3202,27,,,0,15,,3203,27,0,10 11,0,15,,3204,27,,,0,55,,3205,27,0,10 11,0,15,,3206,27,,,0,15,,3207,27,0,10 11,0,15,,3208,27,,,0,55,,3209,27,0,10 11,0,15,,3210,27,,,0,15,,3211,27,0,10 11,0,15,,3212,27,,,0,55,,3213,27,0,10 11,0,15,,3214,27,,,0,15,,3215,27,0,10 11,0,15,,3216,27,,,0,55,,3217,27,0,10 11,0,15,,3218,27,,,0,15,,3219,27,0,10 11,0,15,,3220,27,,,0,55,,3221,27,0,10 11,0,15,,3222,27,,,0,15,,3223,27,0,10 11,0,15,,3224,27,,,0,55,,3225,27,0,10 11,0,15,,3226,27,,,0,15,,3227,27,0,10 11,0,15,,3228,27,,,0,55,,3229,27,0,10 11,0,15,,3230,27,,,0,15,,3231,27,0,10 11,0,15,,3232,27,,,0,55,,3240,27,0,10 11,0,15,,3239,27,,,0,15,,3241,27,0,10 11,0,15,,3233,27,,,0,48,,3242,26,0,9,0,15,,3237,26,0,9,0,22,,3258,26,,,0,63,,3236,26,0,9,0,22,,3259,26,,,0,23,,3235,26,0,9,0,62,,3260,26,,,0,23,,3234,26,0,9,0,22,,3262,26,,,0,63,,3264,26,0,9,0,22,,3238,26,,,0,82,,3261,26,0,9,0,84,,3263,26,0,9,0,38,,3265,26,0,9,0
130003029,'983',826,,3167,26,,,0,20,,3192,26,0,9,0,60,,3168,26,,,0,20,,3198,26,0,9,0,20,,3169,26,,,0,60,,3195,26,0,9,0,20,,3170,26,,,0,22,,3196,26,0,9,0,61,,3171,26,,,0,22,,3194,26,0,9,0,25,,3172,26,,,0,62,,3197,26,0,9,0,23,,3173,26,,,0,62,,3193,26,0,9,0,23,,3174,26,,,0,22,,3175,26,0,9,0,63,,3176,26,,,0,22,,3177,26,0,9,0,23,,3178,26,,,0,62,,3179,26,0,9,0,23,,3180,26,,,0,62,,3181,26,0,9,0,23,,3182,26,,,0,22,,3183,26,0,9,0,63,,3184,26,,,0,22,,3185,26,0,9,0,24,,3186,26,,,0,62,,3200,26,0,9,0,23,,3199,26,,,0,85,,3187,26,,,0,85,,3188,26,,,0,45,,3189,26,,,0,85,,3190,26,,,0,85,,3191,26,,,0,83,,3201,26,0,9,0
130003029,'985',626,,6213,26,,,0,15,,6214,26,0,10 11,0,70,,6215,27,0,10 11,0,15,,6216,27,,,0,15,,6217,27,0,10 11,0,15,,6218,27,,,0,55,,6219,27,0,10 11,0,15,,6220,27,,,0,15,,6221,27,0,10 11,0,15,,6222,27,,,0,55,,6223,27,0,10 11,0,15,,6224,27,,,0,15,,6225,27,0,10 11,0,15,,6226,27,,,0,55,,6227,27,0,10 11,0,15,,6172,27,,,0,15,,6173,27,0,10 11,0,15,,6174,27,,,0,55,,6175,27,0,10 11,0,15,,6176,27,,,0,15,,6177,27,0,10 11,0,15,,6178,27,,,0,55,,6179,27,0,10 11,0,15,,6180,27,,,0,15,,6181,27,0,10 11,0,15,,6182,27,,,0,55,,6183,27,0,10 11,0,15,,6184,27,,,0,15,,6185,27,0,10 11,0,15,,6186,27,,,0,55,,6187,27,0,10 11,0,15,,6188,27,,,0,15,,6189,27,0,10 11,0,15,,6190,27,,,0,55,,6191,27,0,10 11,0,15,,6192,27,,,0,15,,6193,27,0,10 11,0,15,,6194,27,,,0,55,,6195,27,0,10 11,0,15,,6196,27,,,0,15,,6197,27,0,10 11,0,15,,6198,27,,,0,55,,6199,27,0,10 11,0,15,,6200,27,,,0,15,,6201,27,0,10 11,0,15,,6202,27,,,0,55,,6210,27,0,10 11,0,15,,6209,27,,,0,15,,6211,27,0,10 11,0,15,,6203,27,,,0,48,,6212,26,0,9,0,15,,6207,26,0,9,0,22,,6228,26,,,0,63,,6206,26,0,9,0,22,,6229,26,,,0,23,,6205,26,0,9,0,62,,6230,26,,,0,23,,6204,26,0,9,0,22,,6232,26,,,0,63,,6234,26,0,9,0,22,,6208,26,,,0,82,,6231,26,0,9,0,84,,6233,26,0,9,0,38,,6235,26,0,9,0
130003029,'986',616,,6236,26,0,9,0,20,,6237,26,,,0,20,,6238,26,0,9,0,60,,6239,26,,,0,20,,6240,26,0,9,0,20,,6241,26,,,0,60,,6242,26,0,9,0,20,,6243,26,,,0,20,,6244,26,0,9,0,60,,6245,26,,,0,20,,6246,26,0,9,0,20,,6247,26,,,0,70,,6248,27,,,0,15,,6249,27,0,10 11,0,15,,6250,27,,,0,55,,6251,27,0,10 11,0,15,,6252,27,,,0,15,,6253,27,0,10 11,0,15,,6254,27,,,0,55,,6255,27,0,10 11,0,15,,6256,27,,,0,15,,6257,27,0,10 11,0,15,,6258,27,,,0,55,,6259,27,0,10 11,0,15,,6260,27,,,0,15,,6261,27,0,10 11,0,15,,6262,27,,,0,55,,6263,27,0,10 11,0,15,,6264,27,,,0,15,,6265,27,0,10 11,0,15,,6266,27,,,0,55,,6267,27,0,10 11,0,15,,6268,27,,,0,15,,6269,27,0,10 11,0,15,,6270,27,,,0,55,,6271,27,0,10 11,0,15,,6272,27,,,0,15,,6273,27,0,10 11,0,15,,6274,27,,,0,55,,6275,27,0,10 11,0,15,,6276,27,,,0,15,,6277,27,0,10 11,0,15,,6294,27,,,0,55,,6295,27,0,10 11,0,15,,6289,27,,,0,15,,6290,27,0,10 11,0,15,,6292,27,,,0,48,,6293,26,0,9,0,15,,6291,26,0,9,0,22,,6296,26,,,0,63,,6283,26,0,9,0,22,,6278,26,,,0,23,,6284,26,0,9,0,62,,6279,26,,,0,23,,6285,26,0,9,0,22,,6280,26,,,0,63,,6286,26,0,9,0,22,,6281,26,,,0,82,,6282,26,0,9,0,85,,6287,26,0,9,0,38,,6288,26,0,9,0
130003029,'987',826,,6297,26,,,0,20,,6322,26,0,9,0,60,,6298,26,,,0,20,,6328,26,0,9,0,20,,6299,26,,,0,60,,6325,26,0,9,0,20,,6300,26,,,0,22,,6326,26,0,9,0,61,,6301,26,,,0,22,,6324,26,0,9,0,25,,6302,26,,,0,62,,6327,26,0,9,0,23,,6303,26,,,0,62,,6323,26,0,9,0,23,,6304,26,,,0,22,,6305,26,0,9,0,63,,6306,26,,,0,22,,6307,26,0,9,0,23,,6308,26,,,0,62,,6309,26,0,9,0,23,,6310,26,,,0,62,,6311,26,0,9,0,23,,6312,26,,,0,22,,6313,26,0,9,0,63,,6314,26,,,0,22,,6315,26,0,9,0,24,,6316,26,,,0,62,,6330,26,0,9,0,23,,6329,26,,,0,85,,6317,26,,,0,85,,6318,26,,,0,45,,6319,26,,,0,85,,6320,26,,,0,85,,6321,26,,,0,83,,6331,26,0,9,0
