13019,'1004',845,,11263,26,,,0,80,,11264,26,,,0,80,,11265,26,,,0,40,,11266,26,,,0,86,,11267,26,,,0,85,,11268,26,,,0,85,,11269,26,,,0,45,,11270,26,,,0,85,,11271,26,,,0,85,,11272,26,,,0,85,,11273,26,,,0,45,,11274,26,,,0,85,,11275,26,,,0,85,,11276,26,,,0,85,,11277,26,,,0,45,,11278,26,,,0,84,,11279,26,,,0,85,,11280,26,,,0,85,,11281,26,,,0
13019,'994',1917,,11262,26,,,0,85,,11257,26,,,0,45,,11258,26,,,0,85,,11260,26,,,0,83,,11259,26,,,0,85,,11261,26,,,0
13019,'995',614,,11282,26,,,0,40,,11283,26,,,0,80,,11284,26,,,0,80,,11285,26,,,0,41,,11286,26,,,0,80,,11287,26,,,0,982,,11288,26,,,0,85,,11289,26,,,0,45,,11290,26,,,0,85,,11291,26,,,0,85,,11292,26,,,0,85,,11293,26,,,0
13019,'996',845,,11294,26,,,0,80,,11295,26,,,0,80,,11296,26,,,0,40,,11297,26,,,0,86,,11298,26,,,0,85,,11299,26,,,0,85,,11300,26,,,0,45,,11301,26,,,0,85,,11302,26,,,0,85,,11303,26,,,0,85,,11304,26,,,0,45,,11305,26,,,0,85,,11306,26,,,0,85,,11307,26,,,0,85,,11308,26,,,0,45,,11309,26,,,0,84,,11310,26,,,0,85,,11311,26,,,0,85,,11312,26,,,0
100003029,'1010',833,,12440,28,,,0,270,,12420,28,,,0,230,,12425,28,,,0,270,,12430,28,,,0,230,,12444,28,,,0
100003029,'1011',701,,12437,28,,,0,232,,12442,28,,,0,270,,12422,28,,,0,230,,12427,28,,,0,270,,12432,28,,,0
100003029,'1012',701,,12892,28,,,0,232,,12893,28,,,0,270,,12889,28,,,0,230,,12890,28,,,0,270,,12891,28,,,0
100003029,'1015',833,,14047,28,,,0,270,,14044,28,,,0,230,,14045,28,,,0,270,,14046,28,,,0,230,,14048,28,,,0
100003029,'1016',1103,,14049,28,,,0,230,,14050,28,,,0,270,,14051,28,,,0,230,,14052,28,,,0
100003029,'994',636,,12436,28,,,0,95,,12438,28,,,0,72,,12439,28,,,0,100,,12441,28,,,0,100,,12435,28,,,0,30,,12419,28,,,0,100,,12421,28,,,0,100,,12423,28,,,0,70,,12424,28,,,0,100,,12426,28,,,0,100,,12428,28,,,0,30,,12429,28,,,0,100,,12431,28,,,0,100,,12433,28,,,0,70,,12434,28,,,0,100,,12443,28,,,0
100003029,'995',1003,,12461,28,,,0,30,,12445,28,,,0,100,,12447,28,,,0,70,,12448,28,,,0,30,,12449,28,,,0,70,,12450,28,,,0,100,,12452,28,,,0,30,,12453,28,,,0,70,,12454,28,,,0,30,,12455,28,,,0,100,,12457,28,,,0,70,,12458,28,,,0,30,,12459,28,,,0,70,,12460,28,,,0,100,,12463,28,,,0
