30003029,'1004',842,,12304,15,,,0,80,,12305,15,,,0,80,,12306,15,,,0,40,,12307,15,,,0,86,,12308,15,,,0,86,,12309,15,,,0,45,,12310,15,,,0,85,,12311,15,,,0,85,,12312,15,,,0,85,,12313,15,,,0,45,,12314,15,,,0,85,,12315,15,,,0,85,,12316,15,,,0,85,,12317,15,,,0,45,,12318,15,,,0,85,,12319,15,,,0,85,,12320,15,,,0,85,,12321,15,,,0,45,,12322,15,,,0,82,,12323,15,,,0
30003029,'1010',741,,12298,15,,,0,270,,12272,15,,,0,230,,12277,15,,,0,270,,12282,15,,,0,230,,12287,15,,,0
30003029,'1011',709,,12297,15,,,0,232,,12302,15,,,0,270,,12276,15,,,0,230,,12281,15,,,0,270,,12286,15,,,0
30003029,'1012',709,,12882,15,,,0,232,,12883,15,,,0,270,,12879,15,,,0,230,,12880,15,,,0,270,,12881,15,,,0
30003029,'1015',741,,14029,15,,,0,270,,14025,15,,,0,230,,14026,15,,,0,270,,14027,15,,,0,230,,14028,15,,,0
30003029,'1016',1141,,14030,15,,,0,270,,14031,15,,,0,230,,14032,15,,,0,269,,14033,15,,,0,215,,14034,15,,,0
30003029,'994',619,,12295,15,,,0,20,,12296,15,,,0,172,,12299,15,,,0,30,,12300,15,,,0,70,,12301,15,,,0,130,,12273,15,,,0,70,,12274,15,,,0,30,,12275,15,,,0,170,,12278,15,,,0,30,,12279,15,,,0,70,,12280,15,,,0,130,,12283,15,,,0,70,,12284,15,,,0,30,,12285,15,,,0,170,,12288,15,,,0,30,,12289,15,,,0,70,,12290,15,,,0,45,,12292,15,,,0,85,,12293,15,,,0,85,,12294,15,,,0,85,,12291,15,,,0,45,,12303,15,,,0
30003029,'995',615,,12324,15,,,0,35,,12325,15,,,0,80,,12326,15,,,0,80,,12327,15,,,0,40,,12328,15,,,0,80,,12329,15,,,0,81,,12330,15,,,0,30,,12331,15,,,0,70,,12332,15,,,0,100,,12334,15,,,0,30,,12335,15,,,0,70,,12336,15,,,0,30,,12337,15,,,0,100,,12339,15,,,0,70,,12340,15,,,0,30,,12341,15,,,0,70,,12342,15,,,0,100,,12344,15,,,0,30,,12345,15,,,0,69,,12346,15,,,0,30,,12353,15,,,0,115,,12348,15,,,0,85,,12349,15,,,0,170,,12351,15,,,0,45,,12352,15,,,0
30003029,'996',842,,12354,15,,,0,80,,12355,15,,,0,80,,12356,15,,,0,40,,12357,15,,,0,86,,12358,15,,,0,86,,12359,15,,,0,45,,12360,15,,,0,85,,12361,15,,,0,85,,12362,15,,,0,85,,12363,15,,,0,45,,12364,15,,,0,85,,12365,15,,,0,85,,12366,15,,,0,85,,12367,15,,,0,45,,12368,15,,,0,85,,12369,15,,,0,85,,12370,15,,,0,85,,12371,15,,,0,45,,12372,15,,,0,82,,12373,15,,,0
100003029,'1010',826,,12440,15,,,0,230,,12420,15,,,0,270,,12425,15,,,0,230,,12430,15,,,0,270,,12444,15,,,0
100003029,'1011',654,,12437,15,,,0,272,,12442,15,,,0,230,,12422,15,,,0,270,,12427,15,,,0,230,,12432,15,,,0
100003029,'1012',654,,12892,15,,,0,272,,12893,15,,,0,230,,12889,15,,,0,270,,12890,15,,,0,230,,12891,15,,,0
100003029,'1015',826,,14047,15,,,0,230,,14044,15,,,0,270,,14045,15,,,0,230,,14046,15,,,0,270,,14048,15,,,0
100003029,'1016',1056,,14049,15,,,0,270,,14050,15,,,0,230,,14051,15,,,0,270,,14052,15,,,0
100003029,'994',629,,12436,15,,,0,95,,12438,15,,,0,32,,12439,15,,,0,100,,12441,15,,,0,100,,12435,15,,,0,70,,12419,15,,,0,100,,12421,15,,,0,100,,12423,15,,,0,30,,12424,15,,,0,100,,12426,15,,,0,100,,12428,15,,,0,70,,12429,15,,,0,100,,12431,15,,,0,100,,12433,15,,,0,30,,12434,15,,,0,100,,12443,15,,,0
100003029,'995',956,,12461,15,,,0,70,,12445,15,,,0,100,,12447,15,,,0,30,,12448,15,,,0,70,,12449,15,,,0,30,,12450,15,,,0,100,,12452,15,,,0,70,,12453,15,,,0,30,,12454,15,,,0,70,,12455,15,,,0,100,,12457,15,,,0,30,,12458,15,,,0,70,,12459,15,,,0,30,,12460,15,,,0,100,,12463,15,,,0
