14029,'1010',716,,11498,20,,,0,230,,11503,20,,,0,272,,11477,20,,,0,230,,11482,20,,,0,270,,11487,20,,,0,220,,11493,20,,,0,85,,11490,20,,,0,85,,11492,20,,,0,45,,11491,20,,,0,85,,11494,20,,,0,85,,11505,20,,,0
14029,'1011',816,,11500,20,,,0,230,,11474,20,,,0,272,,11479,20,,,0,230,,11484,20,,,0,268,,11489,20,,,0
14029,'1012',816,,12873,20,,,0,230,,12869,20,,,0,272,,12870,20,,,0,230,,12871,20,,,0,268,,12872,20,,,0
14029,'1014',825,,11506,20,,,0,80,,11507,20,,,0,40,,11508,20,,,0,80,,11509,20,,,0,83,,11510,20,,,0,47,,11511,20,,,0,85,,11512,20,,,0,85,,11513,20,,,0,85,,11514,20,,,0,45,,11515,20,,,0,85,,11516,20,,,0,85,,11517,20,,,0,85,,11518,20,,,0,45,,11519,20,,,0,85,,11520,20,,,0,83,,11521,20,,,0,85,,11522,20,,,0,45,,11523,20,,,0,85,,11524,20,,,0,85,,11525,20,,,0
14029,'1015',716,,13653,20,,,0,230,,13654,20,,,0,272,,13645,20,,,0,230,,13646,20,,,0,270,,13647,20,,,0,220,,13651,20,,,0,85,,13648,20,,,0,85,,13650,20,,,0,45,,13649,20,,,0,85,,13652,20,,,0,85,,13655,20,,,0
14029,'1016',636,,13656,20,,,0,80,,13657,20,,,0,40,,13658,20,,,0,80,,13659,20,,,0,80,,13660,20,,,0,40,,13661,20,,,0,260,,13662,20,,,0,232,,13663,20,,,0,270,,13664,20,,,0,220,,13665,20,,,0,85,,13666,20,,,0,85,,13667,20,,,0,45,,13668,20,,,0,85,,13670,20,,,0,85,,13669,20,,,0
14029,'1017',825,,13671,20,,,0,80,,13672,20,,,0,40,,13673,20,,,0,80,,13674,20,,,0,83,,13675,20,,,0,47,,13676,20,,,0,85,,13677,20,,,0,85,,13678,20,,,0,85,,13679,20,,,0,45,,13680,20,,,0,85,,13681,20,,,0,85,,13682,20,,,0,85,,13683,20,,,0,45,,13684,20,,,0,85,,13685,20,,,0,83,,13686,20,,,0,85,,13687,20,,,0,45,,13688,20,,,0,85,,13689,20,,,0,85,,13690,20,,,0
14029,'1018',825,,13691,20,,,0,80,,13692,20,,,0,40,,13693,20,,,0,80,,13694,20,,,0,83,,13695,20,,,0,47,,13696,20,,,0,85,,13697,20,,,0,85,,13698,20,,,0,85,,13699,20,,,0,45,,13700,20,,,0,85,,13701,20,,,0,85,,13702,20,,,0,85,,13703,20,,,0,45,,13704,20,,,0,85,,13705,20,,,0,83,,13706,20,,,0,85,,13707,20,,,0,45,,13708,20,,,0,85,,13709,20,,,0,85,,13710,20,,,0
14029,'994',624,,11496,20,,,0,22,,11497,20,,,0,100,,11499,20,,,0,100,,11501,20,,,0,70,,11502,20,,,0,100,,11473,20,,,0,100,,11475,20,,,0,30,,11476,20,,,0,102,,11478,20,,,0,100,,11480,20,,,0,70,,11481,20,,,0,100,,11483,20,,,0,100,,11485,20,,,0,30,,11486,20,,,0,100,,11488,20,,,0,98,,11495,20,,,0,70,,11504,20,,,0
14029,'995',1016,,11532,20,,,0,30,,11533,20,,,0,70,,11534,20,,,0,30,,11535,20,,,0,100,,11537,20,,,0,70,,11538,20,,,0,30,,11539,20,,,0,72,,11540,20,,,0,100,,11542,20,,,0,30,,11543,20,,,0,70,,11544,20,,,0,30,,11545,20,,,0,100,,11547,20,,,0,68,,11548,20,,,0,30,,11549,20,,,0,70,,11555,20,,,0
