30003019,'1004',900,,12202,22,,,0,40,,12203,22,,,0,80,,12204,22,,,0,80,,12205,22,,,0,47,,12206,22,,,0,88,,12207,22,,,0,85,,12208,22,,,0,85,,12209,22,,,0,45,,12210,22,,,0,85,,12211,22,,,0,85,,12212,22,,,0,85,,12213,22,,,0,45,,12214,22,,,0,85,,12215,22,,,0,85,,12216,22,,,0,85,,12217,22,,,0,45,,12218,22,,,0,85,,12219,22,,,0,85,,12221,22,0,9,0,82,,12220,22,0,9,0
30003019,'1010',803,,12196,22,,,0,229,,12170,22,,,0,271,,12175,22,,,0,230,,12180,22,,,0,270,,12185,22,,,0
30003019,'1011',734,,12195,22,,,0,269,,12200,22,,,0,230,,12174,22,,,0,270,,12179,22,,,0,230,,12184,22,,,0
30003019,'1012',734,,12877,22,,,0,269,,12878,22,,,0,230,,12874,22,,,0,270,,12875,22,,,0,230,,12876,22,,,0
30003019,'1015',803,,14019,22,,,0,229,,14015,22,,,0,271,,14016,22,,,0,230,,14017,22,,,0,270,,14018,22,,,0
30003019,'1016',1203,,14020,22,,,0,230,,14021,22,,,0,270,,14022,22,,,0,226,,14024,22,,,0,218,,14023,22,,,0
30003019,'994',638,,12193,22,,,0,66,,12194,22,,,0,129,,12197,22,,,0,70,,12198,22,,,0,30,,12199,22,,,0,170,,12171,22,,,0,30,,12172,22,,,0,70,,12173,22,,,0,130,,12176,22,,,0,70,,12177,22,,,0,30,,12178,22,,,0,170,,12181,22,,,0,30,,12182,22,,,0,70,,12183,22,,,0,130,,12187,22,,,0,70,,12186,22,0,9,0,30,,12192,22,,,0,85,,12190,22,,,0,85,,12189,22,,,0,45,,12191,22,,,0,85,,12188,22,,,0,85,,12201,22,0,7 8,0
30003019,'995',635,,12222,22,,,0,75,,12223,22,,,0,40,,12224,22,,,0,80,,12225,22,,,0,80,,12226,22,,,0,40,,12227,22,,,0,82,,12228,22,,,0,71,,12229,22,,,0,30,,12230,22,,,0,100,,12232,22,,,0,70,,12233,22,,,0,30,,12234,22,,,0,70,,12235,22,,,0,100,,12237,22,,,0,30,,12238,22,,,0,70,,12239,22,,,0,30,,12240,22,,,0,100,,12242,22,,,0,70,,12243,22,,,0,27,,12244,22,,,0,29,,12245,22,0,9,0,155,,12246,22,,,0,45,,12247,22,,,0,173,,12249,22,,,0,82,,12250,22,0,9,0
30003019,'996',900,,12252,22,,,0,40,,12253,22,,,0,80,,12254,22,,,0,80,,12255,22,,,0,47,,12256,22,,,0,88,,12257,22,,,0,85,,12258,22,,,0,85,,12259,22,,,0,45,,12260,22,,,0,85,,12261,22,,,0,85,,12262,22,,,0,85,,12263,22,,,0,45,,12264,22,,,0,85,,12265,22,,,0,85,,12266,22,,,0,85,,12267,22,,,0,45,,12268,22,,,0,85,,12269,22,,,0,85,,12271,22,0,9,0,82,,12270,22,0,9,0
100003019,'1010',848,,12395,16,,,0,270,,12376,16,,,0,230,,12381,16,,,0,270,,12386,16,,,0,230,,12398,16,,,0
100003019,'1011',718,,12392,16,,,0,230,,12397,16,,,0,270,,12378,16,,,0,230,,12383,16,,,0,270,,12388,16,,,0
100003019,'1012',718,,12887,16,,,0,230,,12888,16,,,0,270,,12884,16,,,0,230,,12885,16,,,0,270,,12886,16,,,0
100003019,'1015',848,,14038,16,,,0,270,,14035,16,,,0,230,,14036,16,,,0,270,,14037,16,,,0,230,,14039,16,,,0
100003019,'1016',1118,,14040,16,,,0,230,,14041,16,,,0,270,,14042,16,,,0,230,,14043,16,,,0
100003019,'994',648,,12391,14,,,0,100,,12393,16,,,0,70,,12394,16,,,0,100,,12396,16,,,0,100,,12374,16,,,0,30,,12375,16,,,0,100,,12377,16,,,0,100,,12379,16,,,0,70,,12380,16,,,0,100,,12382,16,,,0,100,,12384,16,,,0,30,,12385,16,,,0,100,,12387,16,,,0,100,,12389,16,,,0,70,,12390,16,,,0,100,,12399,16,0,9,0
100003019,'995',1018,,12400,16,,,0,30,,12401,16,,,0,100,,12403,16,,,0,70,,12404,16,,,0,30,,12405,16,,,0,70,,12406,16,,,0,100,,12408,16,,,0,30,,12409,16,,,0,70,,12410,16,,,0,30,,12411,16,,,0,100,,12413,16,,,0,70,,12414,16,,,0,30,,12415,16,,,0,70,,12416,16,,,0,100,,12418,16,0,9,0
