8019,'1002',710,,7323,42,,,0,22,,7324,42,,,0,74,,7325,42,,,0,25,,7326,42,,,0,70,,7327,42,,,0,30,,7328,42,,,0,70,,7329,42,,,0,30,,7287,42,,,0,70,,7288,42,,,0,30,,7289,42,,,0,70,,7290,42,,,0,30,,7291,42,,,0,73,,7292,42,,,0,34,,7293,42,,,0,70,,7294,42,,,0,30,,7295,42,,,0,70,,7296,42,,,0,30,,7297,42,,,0,70,,7298,42,,,0,30,,7299,42,,,0,70,,7300,42,,,0,30,,7301,42,,,0,70,,7302,42,,,0,27,,7330,42,,,0,70,,7311,42,,,0,27,,7312,42,,,0,25,,7332,29,,,0,85,,7310,29,,,0,85,,7313,29,,,0,85,,7303,29,,,0,45,,7314,29,,,0
8019,'1003',710,,10612,42,,,0,22,,10613,42,,,0,74,,10614,42,,,0,25,,10615,42,,,0,70,,10616,42,,,0,30,,10617,42,,,0,70,,10618,42,,,0,30,,10576,42,,,0,70,,10577,42,,,0,30,,10578,42,,,0,70,,10579,42,,,0,30,,10580,42,,,0,73,,10581,42,,,0,34,,10582,42,,,0,70,,10583,42,,,0,30,,10584,42,,,0,70,,10585,42,,,0,30,,10586,42,,,0,70,,10587,42,,,0,30,,10588,42,,,0,70,,10589,42,,,0,30,,10590,42,,,0,70,,10591,42,,,0,27,,10619,42,,,0,70,,10600,42,,,0,27,,10601,42,,,0,25,,10621,29,,,0,85,,10599,29,,,0,85,,10602,29,,,0,85,,10592,29,,,0,45,,10603,29,,,0
8019,'1004',844,,10636,29,,,0,80,,10640,29,,,0,80,,10653,29,,,0,40,,10646,42,,,0,80,,10630,42,,,0,88,,10647,42,,,0,45,,10631,42,,,0,85,,10648,42,,,0,85,,10632,42,,,0,85,,10649,42,,,0,45,,10622,42,,,0,85,,10633,42,,,0,85,,10634,42,,,0,85,,10635,42,,,0,46,,10659,29,,,0,85,,10650,29,,,0,85,,10652,29,,,0,85,,10658,29,,,0,45,,10637,29,,,0,85,,10661,29,,,0
8019,'995',654,,10662,29,,,0,80,,10663,29,,,0,80,,10664,29,,,0,40,,10665,29,,,0,80,,10666,29,,,0,76,,10699,42,,,0,25,,10700,42,,,0,17,,10701,42,,,0,76,,10702,42,,,0,76,,10703,42,,,0,30,,10704,42,,,0,70,,10705,42,,,0,30,,10706,42,,,0,72,,10707,42,,,0,30,,10708,42,,,0,70,,10709,42,,,0,30,,10710,42,,,0,70,,10711,42,,,0,30,,10712,42,,,0,70,,10713,42,,,0,30,,10714,42,,,0,70,,10715,42,,,0,30,,10716,42,,,0,70,,10719,42,,,0,27,,10718,42,,,0,24,,10667,29,,,0,85,,10668,29,,,0,85,,10669,29,,,0,85,,10670,29,,,0,45,,10671,29,,,0
8019,'996',844,,10735,29,,,0,80,,10739,29,,,0,80,,10752,29,,,0,40,,10745,42,,,0,80,,10729,42,,,0,88,,10746,42,,,0,45,,10730,42,,,0,85,,10747,42,,,0,85,,10731,42,,,0,85,,10748,42,,,0,45,,10721,42,,,0,85,,10732,42,,,0,85,,10733,42,,,0,85,,10734,42,,,0,46,,10758,29,,,0,85,,10749,29,,,0,85,,10751,29,,,0,85,,10757,29,,,0,45,,10736,29,,,0,85,,10760,29,,,0
18019,'1002',700,,8830,25,,,0,45,,8831,25,,,0,85,,8832,25,,,0,85,,8833,25,,,0,85,,8834,25,,,0,45,,8835,25,,,0,85,,8836,25,,,0,85,,8837,25,,,0,85,,8838,25,,,0,45,,8839,25,,,0,87,,8840,25,,,0,85,,8841,25,,,0,85,,8842,25,,,0,45,,8843,25,,,0,85,,8844,25,,,0,85,,8845,25,,,0,83,,8846,25,,,0,50,,8847,25,,,0,85,,8848,25,,,0,85,,8850,25,,,0,85,,8849,25,,,0,45,,8852,25,,,0,85,,8851,25,,,0,81,,8853,25,,,0
18019,'1003',700,,11988,25,,,0,45,,11989,25,,,0,85,,11990,25,,,0,85,,11991,25,,,0,85,,11992,25,,,0,45,,11993,25,,,0,85,,11994,25,,,0,85,,11995,25,,,0,85,,11996,25,,,0,45,,11997,25,,,0,87,,11998,25,,,0,85,,11999,25,,,0,85,,12000,25,,,0,45,,12001,25,,,0,85,,12002,25,,,0,85,,12003,25,,,0,83,,12004,25,,,0,50,,12005,25,,,0,85,,12006,25,,,0,85,,12008,25,,,0,85,,12007,25,,,0,45,,12010,25,,,0,85,,12009,25,,,0,81,,12011,25,,,0
18019,'1004',840,,12012,25,,,0,80,,12013,25,,,0,80,,12014,25,,,0,40,,12015,25,,,0,83,,12016,25,,,0,87,,12017,25,,,0,45,,12018,25,,,0,85,,12019,25,,,0,85,,12020,25,,,0,85,,12021,25,,,0,45,,12022,25,,,0,85,,12023,25,,,0,85,,12024,25,,,0,85,,12025,25,,,0,45,,12026,25,,,0,85,,12027,25,,,0,85,,12028,25,,,0,85,,12029,25,,,0,45,,12030,25,,,0,85,,12031,25,,,0,82,,12032,25,,,0
18019,'995',648,,12033,25,,,0,80,,12034,25,,,0,81,,12035,25,,,0,40,,12036,25,,,0,80,,12037,25,,,0,80,,12038,25,,,0,40,,12039,25,,,0,80,,12040,25,,,0,85,,12041,25,,,0,45,,12042,25,,,0,85,,12043,25,,,0,87,,12044,25,,,0,85,,12045,25,,,0,85,,12046,25,,,0,45,,12048,25,,,0,85,,12049,25,,,0,85,,12047,25,,,0,85,,12050,25,,,0,50,,12052,25,,,0,85,,12051,25,,,0,84,,12053,25,,,0,85,,12055,25,,,0,45,,12054,25,,,0,85,,12056,25,,,0,81,,12057,25,,,0
18019,'996',840,,12058,25,,,0,80,,12059,25,,,0,80,,12060,25,,,0,40,,12061,25,,,0,83,,12062,25,,,0,87,,12063,25,,,0,45,,12064,25,,,0,85,,12065,25,,,0,85,,12066,25,,,0,85,,12067,25,,,0,45,,12068,25,,,0,85,,12069,25,,,0,85,,12070,25,,,0,85,,12071,25,,,0,45,,12072,25,,,0,85,,12073,25,,,0,85,,12074,25,,,0,85,,12075,25,,,0,45,,12076,25,,,0,85,,12077,25,,,0,82,,12078,25,,,0
