10029,'1004',843,,11099,23,,,0,80,,11100,23,,,0,80,,11101,23,,,0,40,,11102,23,,,0,83,,11103,23,,,0,93,,11104,25,,,0,84,,11105,25,,,0,45,,11106,25,,,0,85,,11107,25,,,0,85,,11108,25,,,0,85,,11109,25,,,0,45,,11110,25,,,0,82,,11111,23,,,0,85,,11112,23,,,0,85,,11113,23,,,0,45,,11114,23,,,0,85,,11115,23,,,0,85,,11116,23,,,0,85,,11117,23,,,0,45,,11118,23,0,7 8,0
10029,'1010',655,,11090,23,,,0,271,,11095,25,,,0,230,,11070,25,,,0,270,,11075,25,,,0,230,,11080,25,,,0,267,,11097,25,0,7 8,0
10029,'1011',856,,11094,25,,,0,270,,11069,25,,,0,230,,11074,25,,,0,270,,11079,25,,,0,227,,11089,25,,,0
10029,'1012',856,,12863,25,,,0,270,,12859,25,,,0,230,,12860,25,,,0,270,,12861,25,,,0,227,,12862,25,0,9,0
10029,'1015',655,,13570,23,,,0,271,,13571,25,,,0,230,,13567,25,,,0,270,,13568,25,,,0,230,,13569,25,,,0,267,,13572,25,,,0
10029,'1016',1053,,13573,25,,,0,270,,13574,25,,,0,232,,13575,25,,,0,269,,13576,25,,,0,222,,13577,25,,,0,255,,13578,25,0,9,0
10029,'994',726,,11091,25,,,0,30,,11092,25,,,0,70,,11093,25,,,0,130,,11096,25,,,0,70,,11067,25,,,0,30,,11068,25,,,0,170,,11071,25,,,0,30,,11072,25,,,0,70,,11073,25,,,0,130,,11076,25,,,0,70,,11077,25,,,0,30,,11078,25,,,0,170,,11081,25,,,0,30,,11082,25,,,0,69,,11083,25,,,0,175,,11087,25,,,0,45,,11088,25,,,0,85,,11086,25,,,0,85,,11084,25,,,0,85,,11085,25,0,9,0,41,,11098,25,0,7 8,0
10029,'995',655,,11119,23,,,0,80,,11120,23,,,0,80,,11121,23,,,0,40,,11122,23,,,0,80,,11123,23,,,0,85,,11124,25,,,0,103,,11126,25,,,0,30,,11127,25,,,0,70,,11128,25,,,0,30,,11129,25,,,0,100,,11131,25,,,0,71,,11132,25,,,0,31,,11133,25,,,0,70,,11134,25,,,0,100,,11136,25,,,0,30,,11137,25,,,0,70,,11138,25,,,0,30,,11139,25,,,0,99,,11141,25,,,0,70,,11142,25,,,0,77,,11143,25,,,0,130,,11145,25,,,0,85,,11146,25,,,0,130,,11148,25,0,7 8,0
10029,'996',843,,11149,23,,,0,80,,11150,23,,,0,80,,11151,23,,,0,40,,11152,23,,,0,83,,11153,23,,,0,93,,11154,25,,,0,84,,11155,25,,,0,45,,11156,25,,,0,85,,11157,25,,,0,85,,11158,25,,,0,85,,11159,25,,,0,45,,11160,25,,,0,82,,11161,23,,,0,85,,11162,23,,,0,85,,11163,23,,,0,45,,11164,23,,,0,85,,11165,23,,,0,85,,11166,23,,,0,85,,11167,23,,,0,45,,11168,23,0,7 8,0
12019,'994',641,,7945,35,,,0,65,,7946,35,,,0,34,,7947,35,,,0,70,,7948,35,,,0,30,,7949,35,,,0,70,,7950,35,,,0,30,,7951,35,,,0,70,,7952,35,,,0,30,,7929,35,,,0,70,,7930,35,,,0,30,,7931,35,,,0,70,,7932,35,,,0,30,,7933,35,,,0,70,,7934,35,,,0,30,,7935,35,,,0,70,,7936,35,,,0,30,,7937,35,,,0,70,,7938,35,,,0,30,,7939,35,,,0,70,,7940,35,,,0,30,,7941,35,,,0,70,,7942,35,,,0,30,,7943,35,,,0,70,,7944,35,,,0,30,,7928,35,,,0,70,,7953,35,,,0
12019,'995',652,,7954,35,,,0,75,,7955,35,,,0,80,,7956,35,,,0,40,,7957,35,,,0,80,,7958,35,,,0,80,,7959,35,,,0,33,,7960,35,,,0,70,,7961,35,,,0,30,,7962,35,,,0,70,,7963,35,,,0,30,,7964,35,,,0,70,,7965,35,,,0,30,,7966,35,,,0,70,,7967,35,,,0,30,,7968,35,,,0,70,,7969,35,,,0,30,,7970,35,,,0,70,,7971,35,,,0,30,,7972,35,,,0,70,,7973,35,,,0,30,,7974,35,,,0,70,,7975,35,,,0,30,,7976,35,,,0,70,,7977,35,,,0
