5019,'976',836,,581,17,,,0,80,,582,17,,,0,40,,583,17,,,0,80,,584,17,,,0,85,,585,17,,,0,90,,586,17,,,0,45,,587,17,,,0,85,,588,17,,,0,85,,589,17,,,0,85,,590,17,,,0,45,,591,17,,,0,85,,592,17,,,0,85,,593,17,,,0,85,,594,17,,,0,45,,595,17,,,0,85,,596,17,,,0,85,,597,17,,,0,85,,598,17,,,0,45,,599,17,,,0,85,,600,17,,,0
5019,'980',641,,541,17,,,0,70,,542,17,,,0,30,,543,17,,,0,70,,544,17,,,0,29,,545,17,,,0,71,,546,17,,,0,30,,547,17,,,0,70,,525,17,,,0,30,,526,17,,,0,70,,527,17,,,0,30,,528,17,,,0,70,,529,17,,,0,30,,530,17,,,0,70,,531,17,,,0,30,,532,17,,,0,70,,533,17,,,0,30,,534,17,,,0,70,,535,17,,,0,30,,536,17,,,0,70,,537,17,,,0,30,,538,17,,,0,70,,539,17,,,0,30,,540,17,,,0,70,,518,17,,,0,30,,519,17,,,0,70,,520,17,,,0,44,,521,17,,,0,84,,522,17,,,0,86,,523,17,,,0,85,,524,17,,,0,44,,548,17,,,0,86,,549,17,,,0
5019,'984',836,,498,17,,,0,80,,499,17,,,0,40,,500,17,,,0,80,,501,17,,,0,85,,502,17,,,0,90,,503,17,,,0,45,,504,17,,,0,85,,505,17,,,0,85,,506,17,,,0,85,,507,17,,,0,45,,508,17,,,0,85,,509,17,,,0,85,,510,17,,,0,85,,511,17,,,0,45,,512,17,,,0,85,,513,17,,,0,85,,514,17,,,0,85,,515,17,,,0,45,,516,17,,,0,85,,517,17,,,0
5019,'986',606,,3654,17,,,0,40,,3655,17,,,0,80,,3656,17,,,0,80,,3657,17,,,0,40,,3658,17,,,0,80,,3659,17,,,0,85,,3660,17,,,0,30,,3661,17,,,0,70,,3662,17,,,0,30,,3663,17,,,0,70,,3664,17,,,0,30,,3665,17,,,0,70,,3666,17,,,0,30,,3667,17,,,0,70,,3668,17,,,0,30,,3669,17,,,0,70,,3670,17,,,0,30,,3671,17,,,0,70,,3672,17,,,0,30,,3673,17,,,0,70,,3674,17,,,0,30,,3675,17,,,0,70,,3676,17,,,0,30,,3677,17,,,0,70,,3678,17,,,0,44,,3679,17,,,0,84,,3680,17,,,0,86,,3681,17,,,0,85,,3682,17,,,0,45,,3684,17,,,0,85,,3683,17,,,0
10019,'976',825,,4324,25,,,0,80,,4325,25,,,0,40,,4326,25,,,0,80,,4327,25,,,0,83,,4328,25,,,0,45,,4329,25,,,0,87,,4330,25,,,0,85,,4331,25,,,0,85,,4332,25,,,0,45,,4333,25,,,0,85,,4334,25,,,0,85,,4335,25,,,0,85,,4336,25,,,0,45,,4337,25,,,0,85,,4338,25,,,0,85,,4339,25,,,0,85,,4340,25,,,0,45,,4341,25,,,0,85,,4342,25,,,0,85,,4343,25,,,0
10019,'979',635,,1356,25,,,0,65,,1357,25,,,0,30,,1358,25,,,0,72,,1359,25,,,0,30,,1360,25,,,0,70,,1361,25,,,0,30,,1362,25,,,0,70,,1363,25,,,0,30,,1334,25,,,0,70,,1335,25,,,0,30,,1336,25,,,0,70,,1337,25,,,0,30,,1338,25,,,0,70,,1339,25,,,0,30,,1340,25,,,0,70,,1341,25,,,0,30,,1342,25,,,0,70,,1343,25,,,0,30,,1344,25,,,0,70,,1345,25,,,0,30,,1346,25,,,0,70,,1347,25,,,0,30,,1348,25,,,0,70,,1349,25,,,0,28,,1351,25,,,0,70,,1364,25,,,0,37,,1355,25,,,0,85,,1354,25,,,0,85,,1350,25,,,0,45,,1352,25,,,0,85,,1353,25,,,0,85,,1365,25,,,0
10019,'983',825,,1314,25,,,0,80,,1315,25,,,0,40,,1316,25,,,0,80,,1317,25,,,0,83,,1318,25,,,0,45,,1319,25,,,0,87,,1320,25,,,0,85,,1321,25,,,0,85,,1322,25,,,0,45,,1323,25,,,0,85,,1324,25,,,0,85,,1325,25,,,0,85,,1326,25,,,0,45,,1327,25,,,0,85,,1328,25,,,0,85,,1329,25,,,0,85,,1330,25,,,0,45,,1331,25,,,0,85,,1332,25,,,0,85,,1333,25,,,0
10019,'985',635,,4366,25,,,0,65,,4367,25,,,0,30,,4368,25,,,0,72,,4369,25,,,0,30,,4370,25,,,0,70,,4371,25,,,0,30,,4372,25,,,0,70,,4373,25,,,0,30,,4344,25,,,0,70,,4345,25,,,0,30,,4346,25,,,0,70,,4347,25,,,0,30,,4348,25,,,0,70,,4349,25,,,0,30,,4350,25,,,0,70,,4351,25,,,0,30,,4352,25,,,0,70,,4353,25,,,0,30,,4354,25,,,0,70,,4355,25,,,0,30,,4356,25,,,0,70,,4357,25,,,0,30,,4358,25,,,0,70,,4359,25,,,0,28,,4361,25,,,0,70,,4374,25,,,0,37,,4365,25,,,0,85,,4364,25,,,0,85,,4360,25,,,0,45,,4362,25,,,0,85,,4363,25,,,0,85,,4375,25,,,0
10019,'986',635,,4376,25,,,0,80,,4377,25,,,0,40,,4378,25,,,0,80,,4379,25,,,0,80,,4380,25,,,0,40,,4381,25,,,0,75,,4382,25,,,0,71,,4383,25,,,0,30,,4384,25,,,0,70,,4385,25,,,0,30,,4386,25,,,0,70,,4387,25,,,0,30,,4388,25,,,0,70,,4389,25,,,0,30,,4390,25,,,0,70,,4391,25,,,0,30,,4392,25,,,0,70,,4393,25,,,0,30,,4394,25,,,0,70,,4395,25,,,0,30,,4396,25,,,0,70,,4397,25,,,0,30,,4398,25,,,0,69,,4399,25,,,0,38,,4400,25,,,0,85,,4401,25,,,0,85,,4402,25,,,0,45,,4403,25,,,0,85,,4404,25,,,0,85,,4405,25,,,0
10019,'987',825,,4406,25,,,0,80,,4407,25,,,0,40,,4408,25,,,0,80,,4409,25,,,0,83,,4410,25,,,0,45,,4411,25,,,0,87,,4412,25,,,0,85,,4413,25,,,0,85,,4414,25,,,0,45,,4415,25,,,0,85,,4416,25,,,0,85,,4417,25,,,0,85,,4418,25,,,0,45,,4419,25,,,0,85,,4420,25,,,0,85,,4421,25,,,0,85,,4422,25,,,0,45,,4423,25,,,0,85,,4424,25,,,0,85,,4425,25,,,0
