14029,'1010',707,,11498,12,,,0,230,,11503,12,,,0,271,,11477,12,,,0,230,,11482,12,,,0,270,,11487,12,,,0,221,,11493,12,,,0,85,,11490,12,,,0,45,,11492,12,,,0,85,,11491,12,,,0,85,,11494,12,,,0,85,,11505,12,,,0
14029,'1011',807,,11500,12,,,0,230,,11474,12,,,0,271,,11479,12,,,0,230,,11484,12,,,0,269,,11489,12,,,0
14029,'1012',807,,12873,12,,,0,230,,12869,12,,,0,271,,12870,12,,,0,230,,12871,12,,,0,269,,12872,12,,,0
14029,'1014',817,,11506,12,,,0,40,,11507,12,,,0,80,,11508,12,,,0,80,,11509,12,,,0,83,,11510,12,,,0,45,,11511,12,,,0,85,,11512,12,,,0,85,,11513,12,,,0,85,,11514,12,,,0,45,,11515,12,,,0,85,,11516,12,,,0,85,,11517,12,,,0,85,,11518,12,,,0,45,,11519,12,,,0,85,,11520,12,,,0,85,,11521,12,,,0,85,,11522,12,,,0,45,,11523,12,,,0,85,,11524,12,,,0,85,,11525,12,,,0
14029,'1015',707,,13653,12,,,0,230,,13654,12,,,0,271,,13645,12,,,0,230,,13646,12,,,0,270,,13647,12,,,0,221,,13651,12,,,0,85,,13648,12,,,0,45,,13650,12,,,0,85,,13649,12,,,0,85,,13652,12,,,0,85,,13655,12,,,0
14029,'1016',627,,13656,12,,,0,80,,13657,12,,,0,40,,13658,12,,,0,80,,13659,12,,,0,80,,13660,12,,,0,40,,13661,12,,,0,260,,13662,12,,,0,231,,13663,12,,,0,270,,13664,12,,,0,221,,13665,12,,,0,85,,13666,12,,,0,45,,13667,12,,,0,85,,13668,12,,,0,85,,13670,12,,,0,85,,13669,12,,,0
14029,'1017',817,,13671,12,,,0,40,,13672,12,,,0,80,,13673,12,,,0,80,,13674,12,,,0,83,,13675,12,,,0,45,,13676,12,,,0,85,,13677,12,,,0,85,,13678,12,,,0,85,,13679,12,,,0,45,,13680,12,,,0,85,,13681,12,,,0,85,,13682,12,,,0,85,,13683,12,,,0,45,,13684,12,,,0,85,,13685,12,,,0,85,,13686,12,,,0,85,,13687,12,,,0,45,,13688,12,,,0,85,,13689,12,,,0,85,,13690,12,,,0
14029,'1018',817,,13691,12,,,0,40,,13692,12,,,0,80,,13693,12,,,0,80,,13694,12,,,0,83,,13695,12,,,0,45,,13696,12,,,0,85,,13697,12,,,0,85,,13698,12,,,0,85,,13699,12,,,0,45,,13700,12,,,0,85,,13701,12,,,0,85,,13702,12,,,0,85,,13703,12,,,0,45,,13704,12,,,0,85,,13705,12,,,0,85,,13706,12,,,0,85,,13707,12,,,0,45,,13708,12,,,0,85,,13709,12,,,0,85,,13710,12,,,0
14029,'994',616,,11496,12,,,0,21,,11497,12,,,0,100,,11499,12,,,0,100,,11501,12,,,0,70,,11502,12,,,0,100,,11473,12,,,0,100,,11475,12,,,0,30,,11476,12,,,0,101,,11478,12,,,0,100,,11480,12,,,0,70,,11481,12,,,0,100,,11483,12,,,0,100,,11485,12,,,0,30,,11486,12,,,0,100,,11488,12,,,0,99,,11495,12,,,0,70,,11504,12,,,0
14029,'995',1007,,11532,12,,,0,30,,11533,12,,,0,70,,11534,12,,,0,30,,11535,12,,,0,100,,11537,12,,,0,70,,11538,12,,,0,30,,11539,12,,,0,71,,11540,12,,,0,100,,11542,12,,,0,30,,11543,12,,,0,70,,11544,12,,,0,30,,11545,12,,,0,100,,11547,12,,,0,69,,11548,12,,,0,30,,11549,12,,,0,70,,11555,12,,,0
