1029,'1004',826,,9848,25,,,0,80,,9849,25,,,0,20,,9869,25,,,0,20,,9867,25,,,0,60,,9871,25,,,0,20,,9850,25,,,0,20,,9873,25,,,0,63,,9851,25,,,0,25,,9868,25,,,0,23,,9852,25,,,0,62,,9872,25,,,0,23,,9853,25,,,0,62,,9870,25,,,0,23,,9854,25,,,0,22,,9874,25,,,0,63,,9855,25,,,0,22,,9875,25,,,0,23,,9856,25,,,0,62,,9876,25,,,0,23,,9857,25,,,0,62,,9877,25,,,0,23,,9858,25,,,0,22,,9878,25,,,0,63,,9859,25,,,0,22,,9879,25,,,0,23,,9860,25,,,0,62,,9861,25,,,0,23,,9881,25,,,0,82,,9866,24,,,0,85,,9862,24,,,0,45,,9863,24,,,0,85,,9865,24,,,0,85,,9864,24,,,0,85,,9880,24,,,0
1029,'1010',621,,9814,25,,,0,30,,9815,25,,,0,70,,9816,25,,,0,30,,9817,25,,,0,70,,9818,25,,,0,30,,9819,25,,,0,70,,9820,25,,,0,30,,9821,25,,,0,70,,9822,25,,,0,30,,9823,25,,,0,70,,9824,25,,,0,30,,9825,25,,,0,70,,9826,25,,,0,30,,9827,25,,,0,70,,9828,25,,,0,30,,9829,25,,,0,70,,9830,25,,,0,30,,9831,25,,,0,70,,9832,25,,,0,30,,9833,25,,,0,70,,9834,25,,,0,30,,9835,25,,,0,70,,9836,25,,,0,30,,9837,25,,,0,70,,9838,25,,,0,30,,9839,25,,,0,70,,9847,25,,,0,18,,9840,25,,,0,170,,9843,25,,,0,42,,9844,24,,,0,170,,9842,24,,,0,82,,9846,24,,,0
1029,'1015',621,,12988,25,,,0,30,,12989,25,,,0,70,,12990,25,,,0,30,,12991,25,,,0,70,,12992,25,,,0,30,,12993,25,,,0,70,,12994,25,,,0,30,,12995,25,,,0,70,,12996,25,,,0,30,,12997,25,,,0,70,,12998,25,,,0,30,,12999,25,,,0,70,,13000,25,,,0,30,,13001,25,,,0,70,,13002,25,,,0,30,,13003,25,,,0,70,,13004,25,,,0,30,,13005,25,,,0,70,,13006,25,,,0,30,,13007,25,,,0,70,,13008,25,,,0,30,,13009,25,,,0,70,,13010,25,,,0,30,,13011,25,,,0,70,,13012,25,,,0,30,,13013,25,,,0,70,,13019,25,,,0,18,,13014,25,,,0,170,,13016,25,,,0,42,,13017,24,,,0,170,,13015,24,,,0,82,,13018,24,,,0
1029,'1016',636,,13020,25,,,0,80,,13021,25,,,0,40,,13022,25,,,0,80,,13023,25,,,0,80,,13024,25,,,0,40,,13025,25,,,0,60,,13027,25,,,0,30,,13026,25,,,0,73,,13029,25,,,0,30,,13028,25,,,0,70,,13031,25,,,0,30,,13030,25,,,0,70,,13033,25,,,0,30,,13032,25,,,0,70,,13035,25,,,0,30,,13034,25,,,0,70,,13037,25,,,0,30,,13036,25,,,0,70,,13039,25,,,0,30,,13038,25,,,0,70,,13041,25,,,0,30,,13040,25,,,0,70,,13050,25,,,0,30,,13042,25,,,0,70,,13051,25,,,0,20,,13043,25,,,0,83,,13045,24,,,0,85,,13044,24,,,0,45,,13046,24,,,0,85,,13048,24,,,0,83,,13047,24,,,0,84,,13049,24,,,0
1029,'994',2024,,9841,25,,,0,212,,9845,24,,,0
1029,'996',826,,9914,25,,,0,80,,9915,25,,,0,20,,9935,25,,,0,20,,9933,25,,,0,60,,9937,25,,,0,20,,9916,25,,,0,20,,9939,25,,,0,63,,9917,25,,,0,25,,9934,25,,,0,23,,9918,25,,,0,62,,9938,25,,,0,23,,9919,25,,,0,62,,9936,25,,,0,23,,9920,25,,,0,22,,9940,25,,,0,63,,9921,25,,,0,22,,9941,25,,,0,23,,9922,25,,,0,62,,9942,25,,,0,23,,9923,25,,,0,62,,9943,25,,,0,23,,9924,25,,,0,22,,9944,25,,,0,63,,9925,25,,,0,22,,9945,25,,,0,23,,9926,25,,,0,62,,9927,25,,,0,23,,9947,25,,,0,82,,9932,24,,,0,85,,9928,24,,,0,45,,9929,24,,,0,85,,9931,24,,,0,85,,9930,24,,,0,85,,9946,24,,,0
2019,'1004',905,,10040,22,,,0,40,,10050,22,,,0,80,,10041,22,,,0,82,,10032,22,,,0,40,,10042,22,,,0,90,,10033,22,,,0,85,,10043,22,,,0,85,,10034,22,,,0,45,,10044,22,,,0,85,,10035,22,,,0,85,,10045,22,,,0,85,,10039,22,,,0,45,,10036,22,,,0,85,,10049,22,,,0,85,,10046,22,,,0,85,,10047,22,,,0,45,,10048,22,,,0,85,,10037,22,,,0,85,,10038,22,,,0,85,,10051,22,,,0
2019,'1016',631,,13052,22,,,0,80,,13053,22,,,0,40,,13054,22,,,0,80,,13055,22,,,0,80,,13056,22,,,0,42,,13057,22,,,0,85,,13058,22,,,0,70,,13059,22,,,0,30,,13060,22,,,0,70,,13061,22,,,0,30,,13062,22,,,0,70,,13063,22,,,0,30,,13064,22,,,0,70,,13065,22,,,0,30,,13066,22,,,0,70,,13067,22,,,0,30,,13068,22,,,0,70,,13069,22,,,0,30,,13070,22,,,0,70,,13071,22,,,0,30,,13072,22,,,0,70,,13073,22,,,0,30,,13074,22,,,0,70,,13075,22,,,0,30,,13076,22,,,0,84,,13077,22,,,0,83,,13078,22,,,0,45,,13079,22,,,0,85,,13080,22,,,0,85,,13111,22,,,0,85,,13110,22,,,0,15,,13114,22,,,0
2019,'994',706,,9988,22,,,0,34,,9989,22,,,0,70,,9990,22,,,0,30,,9991,22,,,0,69,,9992,22,,,0,31,,9993,22,,,0,70,,9994,22,,,0,30,,9957,22,,,0,70,,9958,22,,,0,30,,9959,22,,,0,70,,9960,22,,,0,30,,9961,22,,,0,70,,9962,22,,,0,30,,9963,22,,,0,70,,9964,22,,,0,30,,9965,22,,,0,70,,9966,22,,,0,30,,9967,22,,,0,70,,9968,22,,,0,30,,9969,22,,,0,70,,9970,22,,,0,30,,9971,22,,,0,70,,9972,22,,,0,30,,9955,22,,,0,70,,9956,22,,,0,30,,10009,22,,,0,85,,10010,22,,,0,85,,10011,22,,,0,45,,10007,22,,,0,85,,10008,22,,,0,85,,10012,22,,,0,84,,10004,22,,,0,16,,10006,22,,,0
2019,'996',905,,10143,22,,,0,40,,10153,22,,,0,80,,10144,22,,,0,82,,10135,22,,,0,40,,10145,22,,,0,90,,10136,22,,,0,85,,10146,22,,,0,85,,10137,22,,,0,45,,10147,22,,,0,85,,10138,22,,,0,85,,10148,22,,,0,85,,10142,22,,,0,45,,10139,22,,,0,85,,10152,22,,,0,85,,10149,22,,,0,85,,10150,22,,,0,45,,10151,22,,,0,85,,10140,22,,,0,85,,10141,22,,,0,85,,10154,22,,,0
