8019,'1010',641,,10612,3,,,0,18,,10613,3,,,0,74,,10614,3,,,0,25,,10615,3,,,0,70,,10616,3,,,0,30,,10617,3,,,0,70,,10618,3,,,0,30,,10576,3,,,0,70,,10577,3,,,0,30,,10578,3,,,0,70,,10579,3,,,0,30,,10580,3,,,0,70,,10581,3,,,0,74,,10582,3,,,0,30,,10583,3,,,0,70,,10584,3,,,0,30,,10585,3,,,0,70,,10586,3,,,0,30,,10587,3,,,0,70,,10588,3,,,0,30,,10589,3,,,0,70,,10590,3,,,0,30,,10591,3,,,0,70,,10619,3,,,0,30,,10600,3,,,0,27,,10601,3,,,0
8019,'1014',1014,,10646,3,,,0,40,,10630,3,,,0,83,,10647,3,,,0,85,,10631,3,,,0,85,,10648,3,,,0,46,,10632,3,,,0,85,,10649,3,,,0,85,,10622,3,,,0,85,,10633,3,,,0,45,,10634,3,,,0,85,,10635,3,,,0
8019,'1015',641,,13242,3,,,0,18,,13243,3,,,0,74,,13244,3,,,0,25,,13245,3,,,0,70,,13246,3,,,0,30,,13247,3,,,0,70,,13248,3,,,0,30,,13206,3,,,0,70,,13207,3,,,0,30,,13208,3,,,0,70,,13209,3,,,0,30,,13210,3,,,0,70,,13211,3,,,0,74,,13212,3,,,0,30,,13213,3,,,0,70,,13214,3,,,0,30,,13215,3,,,0,70,,13216,3,,,0,30,,13217,3,,,0,70,,13218,3,,,0,30,,13219,3,,,0,70,,13220,3,,,0,30,,13221,3,,,0,70,,13249,3,,,0,30,,13230,3,,,0,27,,13231,3,,,0
8019,'1016',941,,13289,3,,,0,65,,13290,3,,,0,17,,13291,3,,,0,36,,13292,3,,,0,70,,13293,3,,,0,30,,13294,3,,,0,70,,13295,3,,,0,30,,13296,3,,,0,73,,13297,3,,,0,70,,13298,3,,,0,30,,13299,3,,,0,70,,13300,3,,,0,30,,13301,3,,,0,70,,13302,3,,,0,30,,13303,3,,,0,70,,13304,3,,,0,30,,13305,3,,,0,70,,13306,3,,,0,30,,13309,3,,,0,27,,13308,3,,,0
8019,'1017',1014,,13335,3,,,0,40,,13319,3,,,0,83,,13336,3,,,0,85,,13320,3,,,0,85,,13337,3,,,0,46,,13321,3,,,0,85,,13338,3,,,0,85,,13311,3,,,0,85,,13322,3,,,0,45,,13323,3,,,0,85,,13324,3,,,0
8019,'1018',1014,,13375,3,,,0,40,,13359,3,,,0,83,,13376,3,,,0,85,,13360,3,,,0,85,,13377,3,,,0,46,,13361,3,,,0,85,,13378,3,,,0,85,,13351,3,,,0,85,,13362,3,,,0,45,,13363,3,,,0,85,,13364,3,,,0
15029,'1010',706,,11679,3,,,0,100,,11681,3,,,0,130,,11684,3,,,0,100,,11686,3,,,0,170,,11689,3,,,0,100,,11691,3,,,0,130,,11694,3,,,0,100,,11696,3,,,0,170,,11699,3,,,0,100,,11701,3,,,0,140,,11704,3,,,0,85,,11705,3,,,0,81,,11706,3,,,0,45,,11708,3,,,0,85,,11709,3,,,0,85,,11707,3,,,0
15029,'1014',830,,11710,3,,,0,80,,11711,3,,,0,40,,11712,3,,,0,82,,11713,3,,,0,83,,11714,3,,,0,85,,11715,3,,,0,45,,11716,3,,,0,85,,11717,3,,,0,85,,11718,3,,,0,85,,11719,3,,,0,45,,11720,3,,,0,85,,11721,3,,,0,85,,11722,3,,,0,85,,11723,3,,,0,42,,11724,3,,,0,85,,11725,3,,,0,85,,11726,3,,,0,45,,11727,3,,,0,85,,11728,3,,,0,85,,11729,3,,,0
15029,'1015',706,,13793,3,,,0,100,,13794,3,,,0,130,,13795,3,,,0,100,,13796,3,,,0,170,,13797,3,,,0,100,,13798,3,,,0,130,,13799,3,,,0,100,,13800,3,,,0,170,,13801,3,,,0,100,,13802,3,,,0,140,,13803,3,,,0,85,,13804,3,,,0,81,,13805,3,,,0,45,,13807,3,,,0,85,,13808,3,,,0,85,,13806,3,,,0
15029,'1016',640,,13809,3,,,0,80,,13811,3,,,0,80,,13812,3,,,0,40,,13810,3,,,0,83,,13813,3,,,0,80,,13814,3,,,0,35,,13816,3,,,0,70,,13817,3,,,0,100,,13818,3,,,0,30,,13819,3,,,0,70,,13820,3,,,0,30,,13821,3,,,0,100,,13822,3,,,0,70,,13823,3,,,0,30,,13824,3,,,0,70,,13825,3,,,0,100,,13826,3,,,0,30,,13827,3,,,0,70,,13828,3,,,0,30,,13829,3,,,0,107,,13830,3,,,0,85,,13831,3,,,0,82,,13832,3,,,0,45,,13833,3,,,0,85,,13834,3,,,0,85,,13815,3,,,0
15029,'1017',830,,13835,3,,,0,80,,13836,3,,,0,40,,13837,3,,,0,82,,13838,3,,,0,83,,13839,3,,,0,85,,13840,3,,,0,45,,13841,3,,,0,85,,13842,3,,,0,85,,13843,3,,,0,85,,13844,3,,,0,45,,13845,3,,,0,85,,13846,3,,,0,85,,13847,3,,,0,85,,13848,3,,,0,42,,13849,3,,,0,85,,13850,3,,,0,85,,13851,3,,,0,45,,13852,3,,,0,85,,13853,3,,,0,85,,13854,3,,,0
15029,'1018',830,,13855,3,,,0,80,,13856,3,,,0,40,,13857,3,,,0,82,,13858,3,,,0,83,,13859,3,,,0,85,,13860,3,,,0,45,,13861,3,,,0,85,,13862,3,,,0,85,,13863,3,,,0,85,,13864,3,,,0,45,,13865,3,,,0,85,,13866,3,,,0,85,,13867,3,,,0,85,,13868,3,,,0,42,,13869,3,,,0,85,,13870,3,,,0,85,,13871,3,,,0,45,,13872,3,,,0,85,,13873,3,,,0,85,,13874,3,,,0
15029,'994',639,,11678,3,,,0,97,,11680,3,,,0,100,,11682,3,,,0,70,,11683,3,,,0,100,,11685,3,,,0,100,,11687,3,,,0,30,,11688,3,,,0,100,,11690,3,,,0,100,,11692,3,,,0,70,,11693,3,,,0,100,,11695,3,,,0,100,,11697,3,,,0,30,,11698,3,,,0,100,,11700,3,,,0,100,,11702,3,,,0,70,,11703,3,,,0
15029,'995',1138,,11739,3,,,0,270,,11744,3,,,0,230,,11749,3,,,0,270,,11754,3,,,0
130003029,'1004',816,,12723,11,,,0,20,,12748,11,0,9,0,20,,12724,11,,,0,60,,12754,11,0,9,0,20,,12725,11,,,0,20,,12751,11,0,9,0,60,,12726,11,,,0,22,,12752,11,0,9,0,21,,12727,11,,,0,62,,12750,11,0,9,0,23,,12728,11,,,0,62,,12753,11,0,9,0,23,,12729,11,,,0,22,,12749,11,0,9,0,63,,12730,11,,,0,22,,12731,11,0,9,0,23,,12732,11,,,0,62,,12733,11,0,9,0,23,,12734,11,,,0,62,,12735,11,0,9,0,23,,12736,11,,,0,22,,12737,11,0,9,0,63,,12738,11,,,0,22,,12739,11,0,9,0,23,,12740,11,,,0,62,,12741,11,0,9,0,23,,12742,11,,,0,62,,12756,11,0,9,0,23,,12755,11,,,0,85,,12743,11,,,0,45,,12744,11,,,0,85,,12745,11,,,0,85,,12746,11,,,0,85,,12747,11,,,0,44,,12757,11,0,9,0
130003029,'1010',712,,12703,12,,,0,45,,12706,12,0,10 11,0,185,,12713,12,,,0,85,,12660,12,0,10 11,0,185,,12667,12,,,0,45,,12670,12,0,10 11,0,185,,12677,12,,,0,85,,12680,12,0,10 11,0,185,,12687,12,,,0,46,,12697,12,0,10 11,0
130003029,'1011',630,,12701,11,0,10 11,0,227,,12710,12,0,10 11,0,55,,12711,12,,,0,215,,12664,12,0,10 11,0,15,,12665,12,,,0,215,,12674,12,0,10 11,0,55,,12675,12,,,0,215,,12684,12,0,10 11,0,15,,12685,12,,,0,209,,12699,11,0,9,0,55,,12694,11,0,9,0,45,,12693,11,0,9,0,85,,12692,11,0,9,0,85,,12691,11,0,9,0,85,,12721,11,0,9,0
130003029,'1012',630,,12919,11,0,10 11,0,227,,12920,12,0,10 11,0,55,,12921,12,,,0,215,,12908,12,0,10 11,0,15,,12909,12,,,0,215,,12910,12,0,10 11,0,55,,12911,12,,,0,215,,12912,12,0,10 11,0,15,,12913,12,,,0,209,,12918,11,0,9,0,55,,12917,11,0,9,0,45,,12916,11,0,9,0,85,,12915,11,0,9,0,85,,12914,11,0,9,0,85,,12922,11,0,9,0
130003029,'1015',712,,14079,12,,,0,45,,14080,12,0,10 11,0,185,,14081,12,,,0,85,,14072,12,0,10 11,0,185,,14073,12,,,0,45,,14074,12,0,10 11,0,185,,14075,12,,,0,85,,14076,12,0,10 11,0,185,,14077,12,,,0,46,,14078,12,0,10 11,0
130003029,'1016',1028,,14082,12,0,10 11,0,85,,14083,12,,,0,145,,14084,12,0,10 11,0,85,,14085,12,,,0,185,,14086,12,0,10 11,0,85,,14087,12,,,0,145,,14091,12,0,10 11,0,85,,14090,12,,,0,215,,14088,11,,,0,255,,14089,11,0,9,0
130003029,'994',615,,12700,11,,,0,42,,12702,12,0,10 11,0,70,,12704,12,0,10 11,0,15,,12705,12,,,0,70,,12707,12,,,0,15,,12708,12,0,10 11,0,15,,12709,12,,,0,85,,12712,12,0,10 11,0,30,,12714,12,0,10 11,0,55,,12659,12,,,0,30,,12661,12,,,0,15,,12662,12,0,10 11,0,55,,12663,12,,,0,45,,12666,12,0,10 11,0,70,,12668,12,0,10 11,0,15,,12669,12,,,0,70,,12671,12,,,0,15,,12672,12,0,10 11,0,15,,12673,12,,,0,85,,12676,12,0,10 11,0,30,,12678,12,0,10 11,0,55,,12679,12,,,0,30,,12681,12,,,0,15,,12682,12,0,10 11,0,55,,12683,12,,,0,45,,12686,12,0,10 11,0,70,,12688,12,0,10 11,0,15,,12689,12,,,0,71,,12696,12,,,0,15,,12698,12,0,10 11,0,15,,12690,12,,,0,85,,12715,11,,,0,85,,12716,11,,,0,45,,12717,11,,,0,85,,12719,11,,,0,85,,12695,11,,,0,85,,12718,11,0,9,0,43,,12720,11,0,9,0,79,,12722,11,0,9,0
130003029,'995',605,,12758,11,0,9,0,20,,12759,11,,,0,20,,12760,11,0,9,0,60,,12761,11,,,0,20,,12762,11,0,9,0,20,,12763,11,,,0,60,,12764,11,0,9,0,20,,12765,11,,,0,20,,12766,11,0,9,0,60,,12767,11,,,0,20,,12768,11,0,9,0,20,,12769,11,,,0,68,,12770,12,,,0,30,,12772,12,,,0,15,,12773,12,0,10 11,0,70,,12775,12,0,10 11,0,15,,12776,12,,,0,15,,12777,12,0,10 11,0,55,,12778,12,,,0,15,,12779,12,0,10 11,0,15,,12780,12,,,0,70,,12782,12,,,0,15,,12783,12,0,10 11,0,30,,12785,12,0,10 11,0,55,,12786,12,,,0,15,,12787,12,0,10 11,0,15,,12788,12,,,0,15,,12789,12,0,10 11,0,55,,12790,12,,,0,30,,12792,12,,,0,15,,12793,12,0,10 11,0,70,,12795,12,0,10 11,0,15,,12796,12,,,0,15,,12797,12,0,10 11,0,55,,12798,12,,,0,15,,12799,12,0,10 11,0,15,,12816,12,,,0,70,,12811,12,,,0,15,,12812,12,0,10 11,0,23,,12815,11,0,9,0,55,,12813,11,0,9,0,22,,12818,11,,,0,23,,12805,11,0,9,0,62,,12800,11,,,0,23,,12806,11,0,9,0,85,,12807,11,0,9,0,22,,12802,11,,,0,63,,12808,11,0,9,0,22,,12803,11,,,0,128,,12809,11,0,9,0,79,,12810,11,0,9,0
130003029,'996',816,,12819,11,,,0,20,,12844,11,0,9,0,20,,12820,11,,,0,60,,12850,11,0,9,0,20,,12821,11,,,0,20,,12847,11,0,9,0,60,,12822,11,,,0,22,,12848,11,0,9,0,21,,12823,11,,,0,62,,12846,11,0,9,0,23,,12824,11,,,0,62,,12849,11,0,9,0,23,,12825,11,,,0,22,,12845,11,0,9,0,63,,12826,11,,,0,22,,12827,11,0,9,0,23,,12828,11,,,0,62,,12829,11,0,9,0,23,,12830,11,,,0,62,,12831,11,0,9,0,23,,12832,11,,,0,22,,12833,11,0,9,0,63,,12834,11,,,0,22,,12835,11,0,9,0,23,,12836,11,,,0,62,,12837,11,0,9,0,23,,12838,11,,,0,62,,12852,11,0,9,0,23,,12851,11,,,0,85,,12839,11,,,0,45,,12840,11,,,0,85,,12841,11,,,0,85,,12842,11,,,0,85,,12843,11,,,0,44,,12853,11,0,9,0
