30003029,'1003',615,,12295,12,,,0,20,,12296,12,,,0,101,,12298,12,,,0,70,,12299,12,,,0,30,,12300,12,,,0,70,,12301,12,,,0,100,,12272,12,,,0,30,,12273,12,,,0,70,,12274,12,,,0,30,,12275,12,,,0,100,,12277,12,,,0,70,,12278,12,,,0,30,,12279,12,,,0,70,,12280,12,,,0,100,,12282,12,,,0,30,,12283,12,,,0,70,,12284,12,,,0,30,,12285,12,,,0,100,,12287,12,,,0,70,,12288,12,,,0,30,,12289,12,,,0,70,,12290,12,,,0,45,,12292,12,,,0,85,,12293,12,,,0,85,,12294,12,,,0,85,,12291,12,,,0,45,,12303,12,,,0
30003029,'1004',837,,12304,12,,,0,80,,12305,12,,,0,40,,12306,12,,,0,80,,12307,12,,,0,86,,12308,12,,,0,86,,12309,12,,,0,45,,12310,12,,,0,85,,12311,12,,,0,85,,12312,12,,,0,85,,12313,12,,,0,45,,12314,12,,,0,85,,12315,12,,,0,85,,12316,12,,,0,85,,12317,12,,,0,45,,12318,12,,,0,85,,12319,12,,,0,85,,12320,12,,,0,85,,12321,12,,,0,45,,12322,12,,,0,82,,12323,12,,,0
30003029,'1006',705,,12297,12,,,0,231,,12302,12,,,0,270,,12276,12,,,0,230,,12281,12,,,0,270,,12286,12,,,0
30003029,'1007',705,,12882,12,,,0,231,,12883,12,,,0,270,,12879,12,,,0,230,,12880,12,,,0,270,,12881,12,,,0
30003029,'995',610,,12324,12,,,0,35,,12325,12,,,0,80,,12326,12,,,0,80,,12327,12,,,0,40,,12328,12,,,0,80,,12329,12,,,0,81,,12330,12,,,0,30,,12331,12,,,0,70,,12332,12,,,0,30,,12333,12,,,0,70,,12334,12,,,0,30,,12335,12,,,0,70,,12336,12,,,0,30,,12337,12,,,0,70,,12338,12,,,0,30,,12339,12,,,0,70,,12340,12,,,0,30,,12341,12,,,0,70,,12342,12,,,0,30,,12343,12,,,0,70,,12344,12,,,0,30,,12345,12,,,0,69,,12346,12,,,0,30,,12353,12,,,0,70,,12347,12,,,0,45,,12348,12,,,0,85,,12349,12,,,0,85,,12350,12,,,0,85,,12351,12,,,0,45,,12352,12,,,0
30003029,'996',837,,12354,12,,,0,80,,12355,12,,,0,40,,12356,12,,,0,80,,12357,12,,,0,86,,12358,12,,,0,86,,12359,12,,,0,45,,12360,12,,,0,85,,12361,12,,,0,85,,12362,12,,,0,85,,12363,12,,,0,45,,12364,12,,,0,85,,12365,12,,,0,85,,12366,12,,,0,85,,12367,12,,,0,45,,12368,12,,,0,85,,12369,12,,,0,85,,12370,12,,,0,85,,12371,12,,,0,45,,12372,12,,,0,82,,12373,12,,,0
100003029,'1003',625,,12436,12,,,0,95,,12438,12,,,0,31,,12439,12,,,0,70,,12440,12,,,0,30,,12441,12,,,0,100,,12435,12,,,0,70,,12419,12,,,0,30,,12420,12,,,0,70,,12421,12,,,0,100,,12423,12,,,0,30,,12424,12,,,0,70,,12425,12,,,0,30,,12426,12,,,0,100,,12428,12,,,0,70,,12429,12,,,0,30,,12430,12,,,0,70,,12431,12,,,0,100,,12433,12,,,0,30,,12434,12,,,0,70,,12444,12,,,0,30,,12443,12,,,0
100003029,'1006',650,,12437,12,,,0,271,,12442,12,,,0,230,,12422,12,,,0,270,,12427,12,,,0,230,,12432,12,,,0
100003029,'1007',650,,12892,12,,,0,271,,12893,12,,,0,230,,12889,12,,,0,270,,12890,12,,,0,230,,12891,12,,,0
100003029,'995',951,,12461,12,,,0,70,,12445,12,,,0,30,,12446,12,,,0,70,,12447,12,,,0,30,,12448,12,,,0,70,,12449,12,,,0,30,,12450,12,,,0,70,,12451,12,,,0,30,,12452,12,,,0,70,,12453,12,,,0,30,,12454,12,,,0,70,,12455,12,,,0,30,,12456,12,,,0,70,,12457,12,,,0,30,,12458,12,,,0,70,,12459,12,,,0,30,,12460,12,,,0,70,,12462,12,,,0,30,,12463,12,,,0
