15029,'1010',713,,11679,9,,,0,100,,11681,9,,,0,130,,11684,9,,,0,100,,11686,9,,,0,170,,11689,9,,,0,100,,11691,9,,,0,130,,11694,9,,,0,100,,11696,9,,,0,170,,11699,9,,,0,100,,11701,9,,,0,139,,11704,9,,,0,85,,11705,9,,,0,80,,11706,9,,,0,85,,11708,9,,,0,45,,11709,9,,,0,85,,11707,9,,,0
15029,'1014',835,,11710,9,,,0,80,,11711,9,,,0,40,,11712,9,,,0,83,,11713,9,,,0,83,,11714,9,,,0,85,,11715,9,,,0,45,,11716,9,,,0,85,,11717,9,,,0,85,,11718,9,,,0,85,,11719,9,,,0,45,,11720,9,,,0,85,,11721,9,,,0,85,,11722,9,,,0,85,,11723,9,,,0,41,,11724,9,,,0,85,,11725,9,,,0,85,,11726,9,,,0,85,,11727,9,,,0,45,,11728,9,,,0,85,,11729,9,,,0
15029,'1015',713,,13793,9,,,0,100,,13794,9,,,0,130,,13795,9,,,0,100,,13796,9,,,0,170,,13797,9,,,0,100,,13798,9,,,0,130,,13799,9,,,0,100,,13800,9,,,0,170,,13801,9,,,0,100,,13802,9,,,0,139,,13803,9,,,0,85,,13804,9,,,0,80,,13805,9,,,0,85,,13807,9,,,0,45,,13808,9,,,0,85,,13806,9,,,0
15029,'1016',645,,13809,9,,,0,80,,13811,9,,,0,80,,13812,9,,,0,40,,13810,9,,,0,84,,13813,9,,,0,80,,13814,9,,,0,35,,13816,9,,,0,70,,13817,9,,,0,100,,13818,9,,,0,30,,13819,9,,,0,70,,13820,9,,,0,30,,13821,9,,,0,100,,13822,9,,,0,70,,13823,9,,,0,30,,13824,9,,,0,70,,13825,9,,,0,100,,13826,9,,,0,30,,13827,9,,,0,70,,13828,9,,,0,30,,13829,9,,,0,107,,13830,9,,,0,85,,13831,9,,,0,81,,13832,9,,,0,85,,13833,9,,,0,45,,13834,9,,,0,85,,13815,9,,,0
15029,'1017',835,,13835,9,,,0,80,,13836,9,,,0,40,,13837,9,,,0,83,,13838,9,,,0,83,,13839,9,,,0,85,,13840,9,,,0,45,,13841,9,,,0,85,,13842,9,,,0,85,,13843,9,,,0,85,,13844,9,,,0,45,,13845,9,,,0,85,,13846,9,,,0,85,,13847,9,,,0,85,,13848,9,,,0,41,,13849,9,,,0,85,,13850,9,,,0,85,,13851,9,,,0,85,,13852,9,,,0,45,,13853,9,,,0,85,,13854,9,,,0
15029,'1018',835,,13855,9,,,0,80,,13856,9,,,0,40,,13857,9,,,0,83,,13858,9,,,0,83,,13859,9,,,0,85,,13860,9,,,0,45,,13861,9,,,0,85,,13862,9,,,0,85,,13863,9,,,0,85,,13864,9,,,0,45,,13865,9,,,0,85,,13866,9,,,0,85,,13867,9,,,0,85,,13868,9,,,0,41,,13869,9,,,0,85,,13870,9,,,0,85,,13871,9,,,0,85,,13872,9,,,0,45,,13873,9,,,0,85,,13874,9,,,0
15029,'994',646,,11678,9,,,0,97,,11680,9,,,0,100,,11682,9,,,0,70,,11683,9,,,0,100,,11685,9,,,0,100,,11687,9,,,0,30,,11688,9,,,0,100,,11690,9,,,0,100,,11692,9,,,0,70,,11693,9,,,0,100,,11695,9,,,0,100,,11697,9,,,0,30,,11698,9,,,0,100,,11700,9,,,0,100,,11702,9,,,0,69,,11703,9,,,0
15029,'995',1144,,11739,9,,,0,270,,11744,9,,,0,230,,11749,9,,,0,270,,11754,9,,,0
130003029,'1004',820,,12723,17,,,0,20,,12748,17,0,9,0,60,,12724,17,,,0,20,,12754,17,0,9,0,20,,12725,17,,,0,60,,12751,17,0,9,0,20,,12726,17,,,0,22,,12752,17,0,9,0,61,,12727,17,,,0,22,,12750,17,0,9,0,23,,12728,17,,,0,62,,12753,17,0,9,0,23,,12729,17,,,0,22,,12749,17,0,9,0,63,,12730,17,,,0,22,,12731,17,0,9,0,63,,12732,17,,,0,22,,12733,17,0,9,0,23,,12734,17,,,0,62,,12735,17,0,9,0,23,,12736,17,,,0,22,,12737,17,0,9,0,63,,12738,17,,,0,22,,12739,17,0,9,0,63,,12740,17,,,0,22,,12741,17,0,9,0,26,,12742,17,,,0,62,,12756,17,0,9,0,23,,12755,17,,,0,85,,12743,17,,,0,85,,12744,17,,,0,45,,12745,17,,,0,85,,12746,17,,,0,85,,12747,17,,,0,84,,12757,17,0,9,0
130003029,'1010',717,,12703,18,,,0,85,,12706,18,0,10 11,0,145,,12713,18,,,0,85,,12660,18,0,10 11,0,185,,12667,18,,,0,85,,12670,18,0,10 11,0,145,,12677,18,,,0,85,,12680,18,0,10 11,0,185,,12687,18,,,0,88,,12697,18,0,10 11,0
130003029,'1011',637,,12701,17,0,10 11,0,265,,12710,18,0,10 11,0,15,,12711,18,,,0,215,,12664,18,0,10 11,0,15,,12665,18,,,0,255,,12674,18,0,10 11,0,15,,12675,18,,,0,215,,12684,18,0,10 11,0,15,,12685,18,,,0,211,,12699,17,0,9,0,55,,12694,17,0,9,0,45,,12693,17,0,9,0,85,,12692,17,0,9,0,85,,12691,17,0,9,0,85,,12721,17,0,9,0
130003029,'1012',637,,12919,17,0,10 11,0,265,,12920,18,0,10 11,0,15,,12921,18,,,0,215,,12908,18,0,10 11,0,15,,12909,18,,,0,255,,12910,18,0,10 11,0,15,,12911,18,,,0,215,,12912,18,0,10 11,0,15,,12913,18,,,0,211,,12918,17,0,9,0,55,,12917,17,0,9,0,45,,12916,17,0,9,0,85,,12915,17,0,9,0,85,,12914,17,0,9,0,85,,12922,17,0,9,0
130003029,'1015',717,,14079,18,,,0,85,,14080,18,0,10 11,0,145,,14081,18,,,0,85,,14072,18,0,10 11,0,185,,14073,18,,,0,85,,14074,18,0,10 11,0,145,,14075,18,,,0,85,,14076,18,0,10 11,0,185,,14077,18,,,0,88,,14078,18,0,10 11,0
130003029,'1016',1035,,14082,18,0,10 11,0,85,,14083,18,,,0,185,,14084,18,0,10 11,0,45,,14085,18,,,0,185,,14086,18,0,10 11,0,85,,14087,18,,,0,185,,14091,18,0,10 11,0,45,,14090,18,,,0,255,,14088,17,,,0,212,,14089,17,0,9,0
130003029,'994',622,,12700,17,,,0,80,,12702,18,0,10 11,0,30,,12704,18,0,10 11,0,15,,12705,18,,,0,70,,12707,18,,,0,15,,12708,18,0,10 11,0,15,,12709,18,,,0,85,,12712,18,0,10 11,0,70,,12714,18,0,10 11,0,15,,12659,18,,,0,30,,12661,18,,,0,55,,12662,18,0,10 11,0,15,,12663,18,,,0,85,,12666,18,0,10 11,0,30,,12668,18,0,10 11,0,15,,12669,18,,,0,70,,12671,18,,,0,15,,12672,18,0,10 11,0,15,,12673,18,,,0,85,,12676,18,0,10 11,0,70,,12678,18,0,10 11,0,15,,12679,18,,,0,30,,12681,18,,,0,55,,12682,18,0,10 11,0,15,,12683,18,,,0,85,,12686,18,0,10 11,0,30,,12688,18,0,10 11,0,15,,12689,18,,,0,73,,12696,18,,,0,15,,12698,18,0,10 11,0,15,,12690,18,,,0,85,,12715,17,,,0,85,,12716,17,,,0,85,,12717,17,,,0,45,,12719,17,,,0,85,,12695,17,,,0,82,,12718,17,0,9,0,83,,12720,17,0,9,0,39,,12722,17,0,9,0
130003029,'995',612,,12758,17,0,9,0,20,,12759,17,,,0,20,,12760,17,0,9,0,60,,12761,17,,,0,20,,12762,17,0,9,0,20,,12763,17,,,0,60,,12764,17,0,9,0,20,,12765,17,,,0,20,,12766,17,0,9,0,60,,12767,17,,,0,20,,12768,17,0,9,0,20,,12769,17,,,0,68,,12770,18,,,0,30,,12772,18,,,0,55,,12773,18,0,10 11,0,30,,12775,18,0,10 11,0,15,,12776,18,,,0,55,,12777,18,0,10 11,0,15,,12778,18,,,0,15,,12779,18,0,10 11,0,15,,12780,18,,,0,70,,12782,18,,,0,15,,12783,18,0,10 11,0,70,,12785,18,0,10 11,0,15,,12786,18,,,0,15,,12787,18,0,10 11,0,15,,12788,18,,,0,55,,12789,18,0,10 11,0,15,,12790,18,,,0,30,,12792,18,,,0,55,,12793,18,0,10 11,0,30,,12795,18,0,10 11,0,15,,12796,18,,,0,55,,12797,18,0,10 11,0,15,,12798,18,,,0,15,,12799,18,0,10 11,0,15,,12816,18,,,0,70,,12811,18,,,0,15,,12812,18,0,10 11,0,23,,12815,17,0,9,0,55,,12813,17,0,9,0,22,,12818,17,,,0,23,,12805,17,0,9,0,62,,12800,17,,,0,23,,12806,17,0,9,0,85,,12807,17,0,9,0,22,,12802,17,,,0,63,,12808,17,0,9,0,22,,12803,17,,,0,165,,12809,17,0,9,0,39,,12810,17,0,9,0
130003029,'996',820,,12819,17,,,0,20,,12844,17,0,9,0,60,,12820,17,,,0,20,,12850,17,0,9,0,20,,12821,17,,,0,60,,12847,17,0,9,0,20,,12822,17,,,0,22,,12848,17,0,9,0,61,,12823,17,,,0,22,,12846,17,0,9,0,23,,12824,17,,,0,62,,12849,17,0,9,0,23,,12825,17,,,0,22,,12845,17,0,9,0,63,,12826,17,,,0,22,,12827,17,0,9,0,63,,12828,17,,,0,22,,12829,17,0,9,0,23,,12830,17,,,0,62,,12831,17,0,9,0,23,,12832,17,,,0,22,,12833,17,0,9,0,63,,12834,17,,,0,22,,12835,17,0,9,0,63,,12836,17,,,0,22,,12837,17,0,9,0,26,,12838,17,,,0,62,,12852,17,0,9,0,23,,12851,17,,,0,85,,12839,17,,,0,85,,12840,17,,,0,45,,12841,17,,,0,85,,12842,17,,,0,85,,12843,17,,,0,84,,12853,17,0,9,0
