30003019,'1003',640,,12193,27,,,0,66,,12194,27,,,0,100,,12196,27,,,0,30,,12197,27,,,0,70,,12198,27,,,0,30,,12199,27,,,0,98,,12170,27,,,0,72,,12171,27,,,0,30,,12172,27,,,0,70,,12173,27,,,0,100,,12175,27,,,0,30,,12176,27,,,0,70,,12177,27,,,0,30,,12178,27,,,0,100,,12180,27,,,0,70,,12181,27,,,0,30,,12182,27,,,0,70,,12183,27,,,0,100,,12185,27,,,0,30,,12187,27,,,0,70,,12186,27,0,9,0,30,,12192,27,,,0,85,,12190,27,,,0,85,,12189,27,,,0,45,,12191,27,,,0,85,,12188,27,,,0,85,,12201,27,0,7 8,0
30003019,'1004',902,,12202,27,,,0,40,,12203,27,,,0,80,,12204,27,,,0,80,,12205,27,,,0,48,,12206,27,,,0,88,,12207,27,,,0,85,,12208,27,,,0,85,,12209,27,,,0,45,,12210,27,,,0,85,,12211,27,,,0,85,,12212,27,,,0,85,,12213,27,,,0,45,,12214,27,,,0,85,,12215,27,,,0,85,,12216,27,,,0,85,,12217,27,,,0,45,,12218,27,,,0,85,,12219,27,,,0,85,,12221,27,0,9,0,82,,12220,27,0,9,0
30003019,'1006',736,,12195,27,,,0,270,,12200,27,,,0,230,,12174,27,,,0,270,,12179,27,,,0,230,,12184,27,,,0
30003019,'1007',736,,12877,27,,,0,270,,12878,27,,,0,230,,12874,27,,,0,270,,12875,27,,,0,230,,12876,27,,,0
30003019,'995',637,,12222,27,,,0,75,,12223,27,,,0,40,,12224,27,,,0,80,,12225,27,,,0,80,,12226,27,,,0,40,,12227,27,,,0,82,,12228,27,,,0,72,,12229,27,,,0,30,,12230,27,,,0,70,,12231,27,,,0,30,,12232,27,,,0,70,,12233,27,,,0,30,,12234,27,,,0,70,,12235,27,,,0,30,,12236,27,,,0,70,,12237,27,,,0,30,,12238,27,,,0,70,,12239,27,,,0,30,,12240,27,,,0,70,,12241,27,,,0,30,,12242,27,,,0,70,,12243,27,,,0,27,,12244,27,,,0,68,,12245,27,0,9,0,30,,12251,27,,,0,85,,12246,27,,,0,85,,12247,27,,,0,48,,12248,27,,,0,85,,12249,27,,,0,82,,12250,27,0,9,0
30003019,'996',902,,12252,27,,,0,40,,12253,27,,,0,80,,12254,27,,,0,80,,12255,27,,,0,48,,12256,27,,,0,88,,12257,27,,,0,85,,12258,27,,,0,85,,12259,27,,,0,45,,12260,27,,,0,85,,12261,27,,,0,85,,12262,27,,,0,85,,12263,27,,,0,45,,12264,27,,,0,85,,12265,27,,,0,85,,12266,27,,,0,85,,12267,27,,,0,45,,12268,27,,,0,85,,12269,27,,,0,85,,12271,27,0,9,0,82,,12270,27,0,9,0
100003019,'1003',651,,12391,19,,,0,100,,12393,21,,,0,70,,12394,21,,,0,30,,12395,21,,,0,70,,12396,21,,,0,100,,12374,21,,,0,30,,12375,21,,,0,70,,12376,21,,,0,30,,12377,21,,,0,100,,12379,21,,,0,70,,12380,21,,,0,30,,12381,21,,,0,70,,12382,21,,,0,100,,12384,21,,,0,30,,12385,21,,,0,70,,12386,21,,,0,30,,12387,21,,,0,100,,12389,21,,,0,70,,12390,21,,,0,30,,12398,21,,,0,70,,12399,21,0,9,0
100003019,'1006',721,,12392,21,,,0,230,,12397,21,,,0,270,,12378,21,,,0,230,,12383,21,,,0,270,,12388,21,,,0
100003019,'1007',721,,12887,21,,,0,230,,12888,21,,,0,270,,12884,21,,,0,230,,12885,21,,,0,270,,12886,21,,,0
100003019,'995',1021,,12400,21,,,0,30,,12401,21,,,0,70,,12402,21,,,0,30,,12403,21,,,0,70,,12404,21,,,0,30,,12405,21,,,0,70,,12406,21,,,0,30,,12407,21,,,0,70,,12408,21,,,0,30,,12409,21,,,0,70,,12410,21,,,0,30,,12411,21,,,0,70,,12412,21,,,0,30,,12413,21,,,0,70,,12414,21,,,0,30,,12415,21,,,0,70,,12416,21,,,0,30,,12417,21,,,0,70,,12418,21,0,9,0
