30003029,'1003',613,,12295,7,,,0,20,,12296,7,,,0,101,,12298,7,,,0,70,,12299,7,,,0,30,,12300,7,,,0,70,,12301,7,,,0,100,,12272,7,,,0,30,,12273,7,,,0,70,,12274,7,,,0,30,,12275,7,,,0,100,,12277,7,,,0,70,,12278,7,,,0,30,,12279,7,,,0,70,,12280,7,,,0,100,,12282,7,,,0,30,,12283,7,,,0,70,,12284,7,,,0,30,,12285,7,,,0,100,,12287,7,,,0,70,,12288,7,,,0,30,,12289,7,,,0,70,,12290,7,,,0,45,,12292,7,,,0,85,,12293,7,,,0,85,,12294,7,,,0,85,,12291,7,,,0,45,,12303,7,,,0
30003029,'1004',835,,12304,7,,,0,80,,12305,7,,,0,40,,12306,7,,,0,80,,12307,7,,,0,86,,12308,7,,,0,86,,12309,7,,,0,45,,12310,7,,,0,85,,12311,7,,,0,85,,12312,7,,,0,85,,12313,7,,,0,45,,12314,7,,,0,85,,12315,7,,,0,85,,12316,7,,,0,85,,12317,7,,,0,45,,12318,7,,,0,85,,12319,7,,,0,85,,12320,7,,,0,85,,12321,7,,,0,45,,12322,7,,,0,82,,12323,7,,,0
30003029,'1006',703,,12297,7,,,0,231,,12302,7,,,0,270,,12276,7,,,0,230,,12281,7,,,0,270,,12286,7,,,0
30003029,'1007',703,,12882,7,,,0,231,,12883,7,,,0,270,,12879,7,,,0,230,,12880,7,,,0,270,,12881,7,,,0
30003029,'995',608,,12324,7,,,0,35,,12325,7,,,0,80,,12326,7,,,0,80,,12327,7,,,0,40,,12328,7,,,0,80,,12329,7,,,0,81,,12330,7,,,0,30,,12331,7,,,0,70,,12332,7,,,0,30,,12333,7,,,0,70,,12334,7,,,0,30,,12335,7,,,0,70,,12336,7,,,0,30,,12337,7,,,0,70,,12338,7,,,0,30,,12339,7,,,0,70,,12340,7,,,0,30,,12341,7,,,0,70,,12342,7,,,0,30,,12343,7,,,0,70,,12344,7,,,0,30,,12345,7,,,0,69,,12346,7,,,0,30,,12353,7,,,0,70,,12347,7,,,0,45,,12348,7,,,0,85,,12349,7,,,0,85,,12350,7,,,0,85,,12351,7,,,0,45,,12352,7,,,0
30003029,'996',835,,12354,7,,,0,80,,12355,7,,,0,40,,12356,7,,,0,80,,12357,7,,,0,86,,12358,7,,,0,86,,12359,7,,,0,45,,12360,7,,,0,85,,12361,7,,,0,85,,12362,7,,,0,85,,12363,7,,,0,45,,12364,7,,,0,85,,12365,7,,,0,85,,12366,7,,,0,85,,12367,7,,,0,45,,12368,7,,,0,85,,12369,7,,,0,85,,12370,7,,,0,85,,12371,7,,,0,45,,12372,7,,,0,82,,12373,7,,,0
100003029,'1003',623,,12436,7,,,0,95,,12438,7,,,0,31,,12439,7,,,0,70,,12440,7,,,0,30,,12441,7,,,0,100,,12435,7,,,0,70,,12419,7,,,0,30,,12420,7,,,0,70,,12421,7,,,0,100,,12423,7,,,0,30,,12424,7,,,0,70,,12425,7,,,0,30,,12426,7,,,0,100,,12428,7,,,0,70,,12429,7,,,0,30,,12430,7,,,0,70,,12431,7,,,0,100,,12433,7,,,0,30,,12434,7,,,0,70,,12444,7,,,0,30,,12443,7,,,0
100003029,'1006',648,,12437,7,,,0,271,,12442,7,,,0,230,,12422,7,,,0,270,,12427,7,,,0,230,,12432,7,,,0
100003029,'1007',648,,12892,7,,,0,271,,12893,7,,,0,230,,12889,7,,,0,270,,12890,7,,,0,230,,12891,7,,,0
100003029,'995',949,,12461,7,,,0,70,,12445,7,,,0,30,,12446,7,,,0,70,,12447,7,,,0,30,,12448,7,,,0,70,,12449,7,,,0,30,,12450,7,,,0,70,,12451,7,,,0,30,,12452,7,,,0,70,,12453,7,,,0,30,,12454,7,,,0,70,,12455,7,,,0,30,,12456,7,,,0,70,,12457,7,,,0,30,,12458,7,,,0,70,,12459,7,,,0,30,,12460,7,,,0,70,,12462,7,,,0,30,,12463,7,,,0
