30003029,'1021',613,,12295,6,,,0,20,,12296,6,,,0,170,,12299,6,,,0,30,,12300,6,,,0,70,,12301,6,,,0,130,,12273,6,,,0,70,,12274,6,,,0,30,,12275,6,,,0,170,,12278,6,,,0,30,,12279,6,,,0,70,,12280,6,,,0,130,,12283,6,,,0,70,,12284,6,,,0,30,,12285,6,,,0,170,,12288,6,,,0,30,,12289,6,,,0,70,,12290,6,,,0,45,,12292,6,,,0,85,,12293,6,,,0,85,,12294,6,,,0,85,,12291,6,,,0,45,,12303,6,,,0
30003029,'1022',703,,12297,6,,,0,30,,14029,6,,,0,200,,12302,6,,,0,70,,14025,6,,,0,200,,12276,6,,,0,30,,14026,6,,,0,200,,12281,6,,,0,70,,14027,6,,,0,200,,12286,6,,,0,30,,14028,6,,,0
30003029,'1024',835,,12304,6,,,0,80,,12305,6,,,0,40,,12306,6,,,0,80,,12307,6,,,0,86,,12308,6,,,0,85,,12309,6,,,0,45,,12310,6,,,0,85,,12311,6,,,0,85,,12312,6,,,0,85,,12313,6,,,0,45,,12314,6,,,0,85,,12315,6,,,0,85,,12316,6,,,0,85,,12317,6,,,0,45,,12318,6,,,0,85,,12319,6,,,0,85,,12320,6,,,0,85,,12321,6,,,0,45,,12322,6,,,0,82,,12323,6,,,0
30003029,'1025',613,,15439,6,,,0,20,,15440,6,,,0,70,,15441,6,,,0,30,,15442,6,,,0,70,,15443,6,,,0,30,,15444,6,,,0,70,,15445,6,,,0,30,,15446,6,,,0,70,,15416,6,,,0,30,,15417,6,,,0,70,,15418,6,,,0,30,,15419,6,,,0,70,,15420,6,,,0,30,,15421,6,,,0,70,,15422,6,,,0,30,,15423,6,,,0,70,,15424,6,,,0,30,,15425,6,,,0,70,,15426,6,,,0,30,,15427,6,,,0,70,,15428,6,,,0,30,,15429,6,,,0,70,,15430,6,,,0,30,,15431,6,,,0,70,,15432,6,,,0,30,,15433,6,,,0,70,,15434,6,,,0,45,,15436,6,,,0,85,,15437,6,,,0,85,,15438,6,,,0,85,,15435,6,,,0,45,,15447,6,,,0
30003029,'1026',608,,15448,6,,,0,35,,15449,6,,,0,80,,15450,6,,,0,80,,15451,6,,,0,40,,15452,6,,,0,80,,15453,6,,,0,80,,15454,6,,,0,30,,15455,6,,,0,70,,15456,6,,,0,30,,15457,6,,,0,70,,15458,6,,,0,30,,15459,6,,,0,70,,15460,6,,,0,30,,15461,6,,,0,70,,15462,6,,,0,30,,15463,6,,,0,70,,15464,6,,,0,30,,15465,6,,,0,70,,15466,6,,,0,30,,15467,6,,,0,70,,15468,6,,,0,30,,15469,6,,,0,70,,15470,6,,,0,30,,15477,6,,,0,70,,15471,6,,,0,45,,15472,6,,,0,85,,15473,6,,,0,85,,15474,6,,,0,85,,15475,6,,,0,45,,15476,6,,,0
30003029,'1027',835,,15478,6,,,0,80,,15479,6,,,0,40,,15480,6,,,0,80,,15481,6,,,0,86,,15482,6,,,0,85,,15483,6,,,0,45,,15484,6,,,0,85,,15485,6,,,0,85,,15486,6,,,0,85,,15487,6,,,0,45,,15488,6,,,0,85,,15489,6,,,0,85,,15490,6,,,0,85,,15491,6,,,0,45,,15492,6,,,0,85,,15493,6,,,0,85,,15494,6,,,0,85,,15495,6,,,0,45,,15496,6,,,0,82,,15497,6,,,0
30003029,'996',835,,15498,6,,,0,80,,15499,6,,,0,40,,15500,6,,,0,80,,15501,6,,,0,86,,15502,6,,,0,85,,15503,6,,,0,45,,15504,6,,,0,85,,15505,6,,,0,85,,15506,6,,,0,85,,15507,6,,,0,45,,15508,6,,,0,85,,15509,6,,,0,85,,15510,6,,,0,85,,15511,6,,,0,45,,15512,6,,,0,85,,15513,6,,,0,85,,15514,6,,,0,85,,15515,6,,,0,45,,15516,6,,,0,82,,15517,6,,,0
100003029,'1021',623,,12436,6,,,0,95,,12438,6,,,0,30,,12439,6,,,0,100,,12441,6,,,0,100,,12435,6,,,0,70,,12419,6,,,0,100,,12421,6,,,0,100,,12423,6,,,0,30,,12424,6,,,0,100,,12426,6,,,0,100,,12428,6,,,0,70,,12429,6,,,0,100,,12431,6,,,0,100,,12433,6,,,0,30,,12434,6,,,0,100,,12443,6,,,0
100003029,'1022',648,,12437,6,,,0,170,,14047,6,,,0,100,,12442,6,,,0,130,,14044,6,,,0,100,,12422,6,,,0,170,,14045,6,,,0,100,,12427,6,,,0,130,,14046,6,,,0,100,,12432,6,,,0,170,,14048,6,,,0
100003029,'1025',623,,15580,6,,,0,25,,15581,6,,,0,70,,15582,6,,,0,30,,15583,6,,,0,70,,15584,6,,,0,30,,15585,6,,,0,70,,15586,6,,,0,30,,15579,6,,,0,70,,15563,6,,,0,30,,15564,6,,,0,70,,15565,6,,,0,30,,15566,6,,,0,70,,15567,6,,,0,30,,15568,6,,,0,70,,15569,6,,,0,30,,15570,6,,,0,70,,15571,6,,,0,30,,15572,6,,,0,70,,15573,6,,,0,30,,15574,6,,,0,70,,15575,6,,,0,30,,15576,6,,,0,70,,15577,6,,,0,30,,15578,6,,,0,70,,15588,6,,,0,30,,15587,6,,,0
100003029,'1026',948,,15605,6,,,0,70,,15589,6,,,0,30,,15590,6,,,0,70,,15591,6,,,0,30,,15592,6,,,0,70,,15593,6,,,0,30,,15594,6,,,0,70,,15595,6,,,0,30,,15596,6,,,0,70,,15597,6,,,0,30,,15598,6,,,0,70,,15599,6,,,0,30,,15600,6,,,0,70,,15601,6,,,0,30,,15602,6,,,0,70,,15603,6,,,0,30,,15604,6,,,0,70,,15606,6,,,0,30,,15607,6,,,0
