5019,'976',836,,581,16,,,0,80,,582,16,,,0,40,,583,16,,,0,80,,584,16,,,0,85,,585,16,,,0,89,,586,16,,,0,45,,587,16,,,0,85,,588,16,,,0,85,,589,16,,,0,85,,590,16,,,0,45,,591,16,,,0,85,,592,16,,,0,85,,593,16,,,0,85,,594,16,,,0,45,,595,16,,,0,85,,596,16,,,0,85,,597,16,,,0,85,,598,16,,,0,45,,599,16,,,0,85,,600,16,,,0
5019,'980',640,,541,16,,,0,70,,542,16,,,0,30,,543,16,,,0,70,,544,16,,,0,29,,545,16,,,0,71,,546,16,,,0,30,,547,16,,,0,70,,525,16,,,0,30,,526,16,,,0,70,,527,16,,,0,30,,528,16,,,0,70,,529,16,,,0,30,,530,16,,,0,70,,531,16,,,0,30,,532,16,,,0,70,,533,16,,,0,30,,534,16,,,0,70,,535,16,,,0,30,,536,16,,,0,70,,537,16,,,0,30,,538,16,,,0,70,,539,16,,,0,30,,540,16,,,0,70,,518,16,,,0,30,,519,16,,,0,70,,520,16,,,0,44,,521,16,,,0,84,,522,16,,,0,86,,523,16,,,0,85,,524,16,,,0,44,,548,16,,,0,86,,549,16,,,0
5019,'984',836,,498,16,,,0,80,,499,16,,,0,40,,500,16,,,0,80,,501,16,,,0,85,,502,16,,,0,89,,503,16,,,0,45,,504,16,,,0,85,,505,16,,,0,85,,506,16,,,0,85,,507,16,,,0,45,,508,16,,,0,85,,509,16,,,0,85,,510,16,,,0,85,,511,16,,,0,45,,512,16,,,0,85,,513,16,,,0,85,,514,16,,,0,85,,515,16,,,0,45,,516,16,,,0,85,,517,16,,,0
5019,'986',606,,3654,16,,,0,40,,3655,16,,,0,80,,3656,16,,,0,80,,3657,16,,,0,40,,3658,16,,,0,80,,3659,16,,,0,84,,3660,16,,,0,30,,3661,16,,,0,70,,3662,16,,,0,30,,3663,16,,,0,70,,3664,16,,,0,30,,3665,16,,,0,70,,3666,16,,,0,30,,3667,16,,,0,70,,3668,16,,,0,30,,3669,16,,,0,70,,3670,16,,,0,30,,3671,16,,,0,70,,3672,16,,,0,30,,3673,16,,,0,70,,3674,16,,,0,30,,3675,16,,,0,70,,3676,16,,,0,30,,3677,16,,,0,70,,3678,16,,,0,44,,3679,16,,,0,84,,3680,16,,,0,86,,3681,16,,,0,85,,3682,16,,,0,45,,3684,16,,,0,85,,3683,16,,,0
10019,'976',824,,4324,24,,,0,80,,4325,24,,,0,40,,4326,24,,,0,80,,4327,24,,,0,83,,4328,24,,,0,45,,4329,24,,,0,87,,4330,24,,,0,85,,4331,24,,,0,85,,4332,24,,,0,45,,4333,24,,,0,85,,4334,24,,,0,85,,4335,24,,,0,85,,4336,24,,,0,45,,4337,24,,,0,85,,4338,24,,,0,85,,4339,24,,,0,85,,4340,24,,,0,45,,4341,24,,,0,85,,4342,24,,,0,85,,4343,24,,,0
10019,'979',635,,1356,24,,,0,65,,1357,24,,,0,30,,1358,24,,,0,72,,1359,24,,,0,30,,1360,24,,,0,70,,1361,24,,,0,30,,1362,24,,,0,70,,1363,24,,,0,30,,1334,24,,,0,70,,1335,24,,,0,30,,1336,24,,,0,70,,1337,24,,,0,30,,1338,24,,,0,70,,1339,24,,,0,30,,1340,24,,,0,70,,1341,24,,,0,30,,1342,24,,,0,70,,1343,24,,,0,30,,1344,24,,,0,70,,1345,24,,,0,30,,1346,24,,,0,70,,1347,24,,,0,30,,1348,24,,,0,70,,1349,24,,,0,28,,1351,24,,,0,70,,1364,24,,,0,37,,1355,24,,,0,85,,1354,24,,,0,85,,1350,24,,,0,45,,1352,24,,,0,85,,1353,24,,,0,85,,1365,24,,,0
10019,'983',824,,1314,24,,,0,80,,1315,24,,,0,40,,1316,24,,,0,80,,1317,24,,,0,83,,1318,24,,,0,45,,1319,24,,,0,87,,1320,24,,,0,85,,1321,24,,,0,85,,1322,24,,,0,45,,1323,24,,,0,85,,1324,24,,,0,85,,1325,24,,,0,85,,1326,24,,,0,45,,1327,24,,,0,85,,1328,24,,,0,85,,1329,24,,,0,85,,1330,24,,,0,45,,1331,24,,,0,85,,1332,24,,,0,85,,1333,24,,,0
10019,'985',635,,4366,24,,,0,65,,4367,24,,,0,30,,4368,24,,,0,72,,4369,24,,,0,30,,4370,24,,,0,70,,4371,24,,,0,30,,4372,24,,,0,70,,4373,24,,,0,30,,4344,24,,,0,70,,4345,24,,,0,30,,4346,24,,,0,70,,4347,24,,,0,30,,4348,24,,,0,70,,4349,24,,,0,30,,4350,24,,,0,70,,4351,24,,,0,30,,4352,24,,,0,70,,4353,24,,,0,30,,4354,24,,,0,70,,4355,24,,,0,30,,4356,24,,,0,70,,4357,24,,,0,30,,4358,24,,,0,70,,4359,24,,,0,28,,4361,24,,,0,70,,4374,24,,,0,37,,4365,24,,,0,85,,4364,24,,,0,85,,4360,24,,,0,45,,4362,24,,,0,85,,4363,24,,,0,85,,4375,24,,,0
10019,'986',635,,4376,24,,,0,80,,4377,24,,,0,40,,4378,24,,,0,80,,4379,24,,,0,80,,4380,24,,,0,40,,4381,24,,,0,75,,4382,24,,,0,71,,4383,24,,,0,30,,4384,24,,,0,70,,4385,24,,,0,30,,4386,24,,,0,70,,4387,24,,,0,30,,4388,24,,,0,70,,4389,24,,,0,30,,4390,24,,,0,70,,4391,24,,,0,30,,4392,24,,,0,70,,4393,24,,,0,30,,4394,24,,,0,70,,4395,24,,,0,30,,4396,24,,,0,70,,4397,24,,,0,30,,4398,24,,,0,69,,4399,24,,,0,38,,4400,24,,,0,85,,4401,24,,,0,85,,4402,24,,,0,45,,4403,24,,,0,85,,4404,24,,,0,85,,4405,24,,,0
10019,'987',824,,4406,24,,,0,80,,4407,24,,,0,40,,4408,24,,,0,80,,4409,24,,,0,83,,4410,24,,,0,45,,4411,24,,,0,87,,4412,24,,,0,85,,4413,24,,,0,85,,4414,24,,,0,45,,4415,24,,,0,85,,4416,24,,,0,85,,4417,24,,,0,85,,4418,24,,,0,45,,4419,24,,,0,85,,4420,24,,,0,85,,4421,24,,,0,85,,4422,24,,,0,45,,4423,24,,,0,85,,4424,24,,,0,85,,4425,24,,,0
