13019,'1004',849,,11263,30,,,0,80,,11264,30,,,0,80,,11265,30,,,0,40,,11266,30,,,0,86,,11267,30,,,0,85,,11268,30,,,0,85,,11269,30,,,0,45,,11270,30,,,0,85,,11271,30,,,0,85,,11272,30,,,0,85,,11273,30,,,0,45,,11274,30,,,0,85,,11275,30,,,0,85,,11276,30,,,0,85,,11277,30,,,0,45,,11278,30,,,0,84,,11279,30,,,0,85,,11280,30,,,0,85,,11281,30,,,0
13019,'994',1921,,11262,30,,,0,85,,11257,30,,,0,45,,11258,30,,,0,85,,11260,30,,,0,83,,11259,30,,,0,85,,11261,30,,,0
13019,'995',618,,11282,30,,,0,40,,11283,30,,,0,80,,11284,30,,,0,80,,11285,30,,,0,41,,11286,30,,,0,80,,11287,30,,,0,982,,11288,30,,,0,85,,11289,30,,,0,45,,11290,30,,,0,85,,11291,30,,,0,85,,11292,30,,,0,85,,11293,30,,,0
13019,'996',849,,11294,30,,,0,80,,11295,30,,,0,80,,11296,30,,,0,40,,11297,30,,,0,86,,11298,30,,,0,85,,11299,30,,,0,85,,11300,30,,,0,45,,11301,30,,,0,85,,11302,30,,,0,85,,11303,30,,,0,85,,11304,30,,,0,45,,11305,30,,,0,85,,11306,30,,,0,85,,11307,30,,,0,85,,11308,30,,,0,45,,11309,30,,,0,84,,11310,30,,,0,85,,11311,30,,,0,85,,11312,30,,,0
100003019,'1010',838,,12395,3,,,0,270,,12376,3,,,0,230,,12381,3,,,0,270,,12386,3,,,0,230,,12398,3,,,0
100003019,'1011',708,,12392,3,,,0,230,,12397,3,,,0,270,,12378,3,,,0,230,,12383,3,,,0,270,,12388,3,,,0
100003019,'1012',708,,12887,3,,,0,230,,12888,3,,,0,270,,12884,3,,,0,230,,12885,3,,,0,270,,12886,3,,,0
100003019,'1015',838,,14038,3,,,0,270,,14035,3,,,0,230,,14036,3,,,0,270,,14037,3,,,0,230,,14039,3,,,0
100003019,'1016',1108,,14040,3,,,0,230,,14041,3,,,0,270,,14042,3,,,0,230,,14043,3,,,0
100003019,'994',641,,12391,3,,,0,97,,12393,3,,,0,70,,12394,3,,,0,100,,12396,3,,,0,100,,12374,3,,,0,30,,12375,3,,,0,100,,12377,3,,,0,100,,12379,3,,,0,70,,12380,3,,,0,100,,12382,3,,,0,100,,12384,3,,,0,30,,12385,3,,,0,100,,12387,3,,,0,100,,12389,3,,,0,70,,12390,3,,,0,100,,12399,3,0,9,0
100003019,'995',1008,,12400,3,,,0,30,,12401,3,,,0,100,,12403,3,,,0,70,,12404,3,,,0,30,,12405,3,,,0,70,,12406,3,,,0,100,,12408,3,,,0,30,,12409,3,,,0,70,,12410,3,,,0,30,,12411,3,,,0,100,,12413,3,,,0,70,,12414,3,,,0,30,,12415,3,,,0,70,,12416,3,,,0,100,,12418,3,0,9,0
