8019,'1010',641,,10612,2,,,0,17,,10613,2,,,0,74,,10614,2,,,0,25,,10615,2,,,0,70,,10616,2,,,0,30,,10617,2,,,0,70,,10618,2,,,0,30,,10576,2,,,0,70,,10577,2,,,0,30,,10578,2,,,0,70,,10579,2,,,0,30,,10580,2,,,0,71,,10581,2,,,0,74,,10582,2,,,0,30,,10583,2,,,0,70,,10584,2,,,0,30,,10585,2,,,0,70,,10586,2,,,0,30,,10587,2,,,0,70,,10588,2,,,0,30,,10589,2,,,0,70,,10590,2,,,0,30,,10591,2,,,0,69,,10619,2,,,0,30,,10600,2,,,0,27,,10601,2,,,0
8019,'1014',1014,,10646,2,,,0,40,,10630,2,,,0,83,,10647,2,,,0,85,,10631,2,,,0,85,,10648,2,,,0,45,,10632,2,,,0,85,,10649,2,,,0,85,,10622,2,,,0,85,,10633,2,,,0,45,,10634,2,,,0,85,,10635,2,,,0
8019,'1015',641,,13242,2,,,0,17,,13243,2,,,0,74,,13244,2,,,0,25,,13245,2,,,0,70,,13246,2,,,0,30,,13247,2,,,0,70,,13248,2,,,0,30,,13206,2,,,0,70,,13207,2,,,0,30,,13208,2,,,0,70,,13209,2,,,0,30,,13210,2,,,0,71,,13211,2,,,0,74,,13212,2,,,0,30,,13213,2,,,0,70,,13214,2,,,0,30,,13215,2,,,0,70,,13216,2,,,0,30,,13217,2,,,0,70,,13218,2,,,0,30,,13219,2,,,0,70,,13220,2,,,0,30,,13221,2,,,0,69,,13249,2,,,0,30,,13230,2,,,0,27,,13231,2,,,0
8019,'1016',941,,13289,2,,,0,65,,13290,2,,,0,17,,13291,2,,,0,36,,13292,2,,,0,70,,13293,2,,,0,30,,13294,2,,,0,70,,13295,2,,,0,30,,13296,2,,,0,72,,13297,2,,,0,70,,13298,2,,,0,30,,13299,2,,,0,70,,13300,2,,,0,30,,13301,2,,,0,70,,13302,2,,,0,30,,13303,2,,,0,70,,13304,2,,,0,30,,13305,2,,,0,70,,13306,2,,,0,30,,13309,2,,,0,27,,13308,2,,,0
8019,'1017',1014,,13335,2,,,0,40,,13319,2,,,0,83,,13336,2,,,0,85,,13320,2,,,0,85,,13337,2,,,0,45,,13321,2,,,0,85,,13338,2,,,0,85,,13311,2,,,0,85,,13322,2,,,0,45,,13323,2,,,0,85,,13324,2,,,0
8019,'1018',1014,,13375,2,,,0,40,,13359,2,,,0,83,,13376,2,,,0,85,,13360,2,,,0,85,,13377,2,,,0,45,,13361,2,,,0,85,,13378,2,,,0,85,,13351,2,,,0,85,,13362,2,,,0,45,,13363,2,,,0,85,,13364,2,,,0
15029,'1010',706,,11679,2,,,0,100,,11681,2,,,0,130,,11684,2,,,0,100,,11686,2,,,0,170,,11689,2,,,0,100,,11691,2,,,0,130,,11694,2,,,0,100,,11696,2,,,0,170,,11699,2,,,0,100,,11701,2,,,0,139,,11704,2,,,0,85,,11705,2,,,0,81,,11706,2,,,0,45,,11708,2,,,0,85,,11709,2,,,0,85,,11707,2,,,0
15029,'1014',829,,11710,2,,,0,80,,11711,2,,,0,40,,11712,2,,,0,82,,11713,2,,,0,83,,11714,2,,,0,45,,11715,2,,,0,85,,11716,2,,,0,85,,11717,2,,,0,85,,11718,2,,,0,45,,11719,2,,,0,85,,11720,2,,,0,85,,11721,2,,,0,85,,11722,2,,,0,45,,11723,2,,,0,82,,11724,2,,,0,85,,11725,2,,,0,85,,11726,2,,,0,45,,11727,2,,,0,85,,11728,2,,,0,85,,11729,2,,,0
15029,'1015',706,,13793,2,,,0,100,,13794,2,,,0,130,,13795,2,,,0,100,,13796,2,,,0,170,,13797,2,,,0,100,,13798,2,,,0,130,,13799,2,,,0,100,,13800,2,,,0,170,,13801,2,,,0,100,,13802,2,,,0,139,,13803,2,,,0,85,,13804,2,,,0,81,,13805,2,,,0,45,,13807,2,,,0,85,,13808,2,,,0,85,,13806,2,,,0
15029,'1016',639,,13809,2,,,0,80,,13811,2,,,0,40,,13812,2,,,0,80,,13810,2,,,0,83,,13813,2,,,0,80,,13814,2,,,0,35,,13816,2,,,0,70,,13817,2,,,0,100,,13818,2,,,0,30,,13819,2,,,0,70,,13820,2,,,0,30,,13821,2,,,0,100,,13822,2,,,0,70,,13823,2,,,0,30,,13824,2,,,0,70,,13825,2,,,0,100,,13826,2,,,0,30,,13827,2,,,0,70,,13828,2,,,0,30,,13829,2,,,0,107,,13830,2,,,0,85,,13831,2,,,0,82,,13832,2,,,0,45,,13833,2,,,0,85,,13834,2,,,0,85,,13815,2,,,0
15029,'1017',829,,13835,2,,,0,80,,13836,2,,,0,40,,13837,2,,,0,82,,13838,2,,,0,83,,13839,2,,,0,45,,13840,2,,,0,85,,13841,2,,,0,85,,13842,2,,,0,85,,13843,2,,,0,45,,13844,2,,,0,85,,13845,2,,,0,85,,13846,2,,,0,85,,13847,2,,,0,45,,13848,2,,,0,82,,13849,2,,,0,85,,13850,2,,,0,85,,13851,2,,,0,45,,13852,2,,,0,85,,13853,2,,,0,85,,13854,2,,,0
15029,'1018',829,,13855,2,,,0,80,,13856,2,,,0,40,,13857,2,,,0,82,,13858,2,,,0,83,,13859,2,,,0,45,,13860,2,,,0,85,,13861,2,,,0,85,,13862,2,,,0,85,,13863,2,,,0,45,,13864,2,,,0,85,,13865,2,,,0,85,,13866,2,,,0,85,,13867,2,,,0,45,,13868,2,,,0,82,,13869,2,,,0,85,,13870,2,,,0,85,,13871,2,,,0,45,,13872,2,,,0,85,,13873,2,,,0,85,,13874,2,,,0
15029,'994',639,,11678,2,,,0,97,,11680,2,,,0,100,,11682,2,,,0,70,,11683,2,,,0,100,,11685,2,,,0,100,,11687,2,,,0,30,,11688,2,,,0,100,,11690,2,,,0,100,,11692,2,,,0,70,,11693,2,,,0,100,,11695,2,,,0,100,,11697,2,,,0,30,,11698,2,,,0,100,,11700,2,,,0,100,,11702,2,,,0,69,,11703,2,,,0
15029,'995',1137,,11739,2,,,0,270,,11744,2,,,0,230,,11749,2,,,0,270,,11754,2,,,0
130003029,'1004',816,,12723,10,,,0,20,,12748,10,0,9,0,20,,12724,10,,,0,60,,12754,10,0,9,0,20,,12725,10,,,0,20,,12751,10,0,9,0,60,,12726,10,,,0,22,,12752,10,0,9,0,21,,12727,10,,,0,62,,12750,10,0,9,0,23,,12728,10,,,0,62,,12753,10,0,9,0,23,,12729,10,,,0,22,,12749,10,0,9,0,63,,12730,10,,,0,22,,12731,10,0,9,0,23,,12732,10,,,0,62,,12733,10,0,9,0,23,,12734,10,,,0,62,,12735,10,0,9,0,23,,12736,10,,,0,22,,12737,10,0,9,0,63,,12738,10,,,0,22,,12739,10,0,9,0,23,,12740,10,,,0,62,,12741,10,0,9,0,23,,12742,10,,,0,62,,12756,10,0,9,0,23,,12755,10,,,0,85,,12743,10,,,0,45,,12744,10,,,0,85,,12745,10,,,0,85,,12746,10,,,0,85,,12747,10,,,0,44,,12757,10,0,9,0
130003029,'1010',712,,12703,11,,,0,45,,12706,11,0,10 11,0,185,,12713,11,,,0,85,,12660,11,0,10 11,0,185,,12667,11,,,0,45,,12670,11,0,10 11,0,185,,12677,11,,,0,85,,12680,11,0,10 11,0,185,,12687,11,,,0,45,,12697,11,0,10 11,0
130003029,'1011',630,,12701,10,0,10 11,0,227,,12710,11,0,10 11,0,55,,12711,11,,,0,215,,12664,11,0,10 11,0,15,,12665,11,,,0,215,,12674,11,0,10 11,0,55,,12675,11,,,0,215,,12684,11,0,10 11,0,15,,12685,11,,,0,209,,12699,10,0,9,0,55,,12694,10,0,9,0,45,,12693,10,0,9,0,85,,12692,10,0,9,0,85,,12691,10,0,9,0,85,,12721,10,0,9,0
130003029,'1012',630,,12919,10,0,10 11,0,227,,12920,11,0,10 11,0,55,,12921,11,,,0,215,,12908,11,0,10 11,0,15,,12909,11,,,0,215,,12910,11,0,10 11,0,55,,12911,11,,,0,215,,12912,11,0,10 11,0,15,,12913,11,,,0,209,,12918,10,0,9,0,55,,12917,10,0,9,0,45,,12916,10,0,9,0,85,,12915,10,0,9,0,85,,12914,10,0,9,0,85,,12922,10,0,9,0
130003029,'1015',712,,14079,11,,,0,45,,14080,11,0,10 11,0,185,,14081,11,,,0,85,,14072,11,0,10 11,0,185,,14073,11,,,0,45,,14074,11,0,10 11,0,185,,14075,11,,,0,85,,14076,11,0,10 11,0,185,,14077,11,,,0,45,,14078,11,0,10 11,0
130003029,'1016',1027,,14082,11,0,10 11,0,85,,14083,11,,,0,145,,14084,11,0,10 11,0,85,,14085,11,,,0,185,,14086,11,0,10 11,0,85,,14087,11,,,0,145,,14091,11,0,10 11,0,85,,14090,11,,,0,216,,14088,10,,,0,255,,14089,10,0,9,0
130003029,'994',615,,12700,10,,,0,42,,12702,11,0,10 11,0,70,,12704,11,0,10 11,0,15,,12705,11,,,0,70,,12707,11,,,0,15,,12708,11,0,10 11,0,15,,12709,11,,,0,85,,12712,11,0,10 11,0,30,,12714,11,0,10 11,0,55,,12659,11,,,0,30,,12661,11,,,0,15,,12662,11,0,10 11,0,55,,12663,11,,,0,45,,12666,11,0,10 11,0,70,,12668,11,0,10 11,0,15,,12669,11,,,0,70,,12671,11,,,0,15,,12672,11,0,10 11,0,15,,12673,11,,,0,85,,12676,11,0,10 11,0,30,,12678,11,0,10 11,0,55,,12679,11,,,0,30,,12681,11,,,0,15,,12682,11,0,10 11,0,55,,12683,11,,,0,45,,12686,11,0,10 11,0,70,,12688,11,0,10 11,0,15,,12689,11,,,0,70,,12696,11,,,0,15,,12698,11,0,10 11,0,15,,12690,11,,,0,86,,12715,10,,,0,85,,12716,10,,,0,45,,12717,10,,,0,85,,12719,10,,,0,85,,12695,10,,,0,85,,12718,10,0,9,0,43,,12720,10,0,9,0,79,,12722,10,0,9,0
130003029,'995',605,,12758,10,0,9,0,20,,12759,10,,,0,20,,12760,10,0,9,0,60,,12761,10,,,0,20,,12762,10,0,9,0,20,,12763,10,,,0,60,,12764,10,0,9,0,20,,12765,10,,,0,20,,12766,10,0,9,0,60,,12767,10,,,0,20,,12768,10,0,9,0,20,,12769,10,,,0,67,,12770,11,,,0,30,,12772,11,,,0,15,,12773,11,0,10 11,0,70,,12775,11,0,10 11,0,15,,12776,11,,,0,15,,12777,11,0,10 11,0,55,,12778,11,,,0,15,,12779,11,0,10 11,0,15,,12780,11,,,0,70,,12782,11,,,0,15,,12783,11,0,10 11,0,30,,12785,11,0,10 11,0,55,,12786,11,,,0,15,,12787,11,0,10 11,0,15,,12788,11,,,0,15,,12789,11,0,10 11,0,55,,12790,11,,,0,30,,12792,11,,,0,15,,12793,11,0,10 11,0,70,,12795,11,0,10 11,0,15,,12796,11,,,0,15,,12797,11,0,10 11,0,55,,12798,11,,,0,15,,12799,11,0,10 11,0,15,,12816,11,,,0,70,,12811,11,,,0,15,,12812,11,0,10 11,0,24,,12815,10,0,9,0,55,,12813,10,0,9,0,22,,12818,10,,,0,23,,12805,10,0,9,0,62,,12800,10,,,0,23,,12806,10,0,9,0,85,,12807,10,0,9,0,22,,12802,10,,,0,63,,12808,10,0,9,0,22,,12803,10,,,0,128,,12809,10,0,9,0,79,,12810,10,0,9,0
130003029,'996',816,,12819,10,,,0,20,,12844,10,0,9,0,20,,12820,10,,,0,60,,12850,10,0,9,0,20,,12821,10,,,0,20,,12847,10,0,9,0,60,,12822,10,,,0,22,,12848,10,0,9,0,21,,12823,10,,,0,62,,12846,10,0,9,0,23,,12824,10,,,0,62,,12849,10,0,9,0,23,,12825,10,,,0,22,,12845,10,0,9,0,63,,12826,10,,,0,22,,12827,10,0,9,0,23,,12828,10,,,0,62,,12829,10,0,9,0,23,,12830,10,,,0,62,,12831,10,0,9,0,23,,12832,10,,,0,22,,12833,10,0,9,0,63,,12834,10,,,0,22,,12835,10,0,9,0,23,,12836,10,,,0,62,,12837,10,0,9,0,23,,12838,10,,,0,62,,12852,10,0,9,0,23,,12851,10,,,0,85,,12839,10,,,0,45,,12840,10,,,0,85,,12841,10,,,0,85,,12842,10,,,0,85,,12843,10,,,0,44,,12853,10,0,9,0
