14019,'1010',739,,11394,12,0,10 11,0,271,,11399,12,0,10 11,0,232,,11373,12,0,10 11,0,270,,11378,12,0,10 11,0,230,,11383,12,0,10 11,0,259,,11388,12,,,0,45,,11389,12,,,0,85,,11387,12,,,0,85,,11390,12,,,0,85,,11386,12,,,0,45,,11401,12,,,0
14019,'1011',840,,11396,12,0,10 11,0,270,,11370,12,0,10 11,0,232,,11375,12,0,10 11,0,270,,11380,12,0,10 11,0,227,,11385,12,0,10 11,0
14019,'1012',840,,12868,12,0,10 11,0,270,,12864,12,0,10 11,0,232,,12865,12,0,10 11,0,270,,12866,12,0,10 11,0,227,,12867,12,0,9,0
14019,'1014',845,,11402,12,,,0,80,,11403,12,,,0,80,,11404,12,,,0,40,,11405,12,,,0,85,,11406,12,,,0,88,,11407,12,,,0,85,,11408,12,,,0,45,,11409,12,,,0,85,,11410,12,,,0,85,,11411,12,,,0,85,,11412,12,,,0,45,,11413,12,,,0,85,,11414,12,,,0,85,,11415,12,,,0,85,,11416,12,,,0,42,,11417,12,,,0,85,,11418,12,,,0,85,,11419,12,,,0,85,,11420,12,,,0,45,,11421,12,,,0
14019,'1015',739,,13587,12,0,10 11,0,271,,13588,12,0,10 11,0,232,,13579,12,0,10 11,0,270,,13580,12,0,10 11,0,230,,13581,12,0,10 11,0,259,,13584,12,,,0,45,,13585,12,,,0,85,,13583,12,,,0,85,,13586,12,,,0,85,,13582,12,,,0,45,,13589,12,,,0
14019,'1016',658,,13590,12,,,0,80,,13591,12,,,0,80,,13592,12,,,0,40,,13593,12,,,0,80,,13594,12,,,0,80,,13595,12,,,0,222,,13596,12,0,10 11,0,272,,13597,12,0,10 11,0,230,,13598,12,0,10 11,0,259,,13599,12,,,0,45,,13600,12,,,0,85,,13601,12,,,0,85,,13602,12,,,0,85,,13604,12,,,0,45,,13603,12,,,0
14019,'1017',845,,13605,12,,,0,80,,13606,12,,,0,80,,13607,12,,,0,40,,13608,12,,,0,85,,13609,12,,,0,88,,13610,12,,,0,85,,13611,12,,,0,45,,13612,12,,,0,85,,13613,12,,,0,85,,13614,12,,,0,85,,13615,12,,,0,45,,13616,12,,,0,85,,13617,12,,,0,85,,13618,12,,,0,85,,13619,12,,,0,42,,13620,12,,,0,85,,13621,12,,,0,85,,13622,12,,,0,85,,13623,12,,,0,45,,13624,12,,,0
14019,'1018',845,,13625,12,,,0,80,,13626,12,,,0,80,,13627,12,,,0,40,,13628,12,,,0,85,,13629,12,,,0,88,,13630,12,,,0,85,,13631,12,,,0,45,,13632,12,,,0,85,,13633,12,,,0,85,,13634,12,,,0,85,,13635,12,,,0,45,,13636,12,,,0,85,,13637,12,,,0,85,,13638,12,,,0,85,,13639,12,,,0,42,,13640,12,,,0,85,,13641,12,,,0,85,,13642,12,,,0,85,,13643,12,,,0,45,,13644,12,,,0
14019,'994',643,,11392,12,0,10 11,0,66,,11393,12,0,10 11,0,100,,11395,12,0,10 11,0,101,,11397,12,0,10 11,0,30,,11398,12,0,10 11,0,100,,11369,12,0,10 11,0,100,,11371,12,0,10 11,0,70,,11372,12,0,10 11,0,102,,11374,12,0,10 11,0,100,,11376,12,0,10 11,0,30,,11377,12,0,10 11,0,100,,11379,12,0,10 11,0,100,,11381,12,0,10 11,0,70,,11382,12,0,10 11,0,100,,11384,12,0,10 11,0,97,,11391,12,,,0,30,,11400,12,,,0
14019,'995',1038,,11428,12,0,10 11,0,72,,11429,12,0,10 11,0,30,,11430,12,0,10 11,0,70,,11431,12,0,10 11,0,100,,11433,12,0,10 11,0,30,,11434,12,0,10 11,0,70,,11435,12,0,10 11,0,32,,11436,12,0,10 11,0,100,,11438,12,0,10 11,0,70,,11439,12,0,10 11,0,30,,11440,12,0,10 11,0,70,,11441,12,0,10 11,0,100,,11443,12,0,10 11,0,27,,11444,12,0,9,0,70,,11445,12,,,0,30,,11452,12,,,0
