14029,'1010',702,,11498,5,,,0,230,,11503,5,,,0,270,,11477,5,,,0,230,,11482,5,,,0,270,,11487,5,,,0,222,,11493,5,,,0,85,,11490,5,,,0,45,,11492,5,,,0,85,,11491,5,,,0,85,,11494,5,,,0,85,,11505,5,,,0
14029,'1011',802,,11500,5,,,0,230,,11474,5,,,0,270,,11479,5,,,0,230,,11484,5,,,0,270,,11489,5,,,0
14029,'1012',802,,12873,5,,,0,230,,12869,5,,,0,270,,12870,5,,,0,230,,12871,5,,,0,270,,12872,5,,,0
14029,'1014',812,,11506,5,,,0,40,,11507,5,,,0,80,,11508,5,,,0,80,,11509,5,,,0,43,,11510,5,,,0,85,,11511,5,,,0,85,,11512,5,,,0,85,,11513,5,,,0,45,,11514,5,,,0,85,,11515,5,,,0,85,,11516,5,,,0,85,,11517,5,,,0,45,,11518,5,,,0,85,,11519,5,,,0,85,,11520,5,,,0,85,,11521,5,,,0,45,,11522,5,,,0,85,,11523,5,,,0,85,,11524,5,,,0,85,,11525,5,,,0
14029,'1015',702,,13653,5,,,0,230,,13654,5,,,0,270,,13645,5,,,0,230,,13646,5,,,0,270,,13647,5,,,0,222,,13651,5,,,0,85,,13648,5,,,0,45,,13650,5,,,0,85,,13649,5,,,0,85,,13652,5,,,0,85,,13655,5,,,0
14029,'1016',622,,13656,5,,,0,80,,13657,5,,,0,40,,13658,5,,,0,80,,13659,5,,,0,80,,13660,5,,,0,40,,13661,5,,,0,260,,13662,5,,,0,230,,13663,5,,,0,270,,13664,5,,,0,222,,13665,5,,,0,85,,13666,5,,,0,45,,13667,5,,,0,85,,13668,5,,,0,85,,13670,5,,,0,85,,13669,5,,,0
14029,'1017',812,,13671,5,,,0,40,,13672,5,,,0,80,,13673,5,,,0,80,,13674,5,,,0,43,,13675,5,,,0,85,,13676,5,,,0,85,,13677,5,,,0,85,,13678,5,,,0,45,,13679,5,,,0,85,,13680,5,,,0,85,,13681,5,,,0,85,,13682,5,,,0,45,,13683,5,,,0,85,,13684,5,,,0,85,,13685,5,,,0,85,,13686,5,,,0,45,,13687,5,,,0,85,,13688,5,,,0,85,,13689,5,,,0,85,,13690,5,,,0
14029,'1018',812,,13691,5,,,0,40,,13692,5,,,0,80,,13693,5,,,0,80,,13694,5,,,0,43,,13695,5,,,0,85,,13696,5,,,0,85,,13697,5,,,0,85,,13698,5,,,0,45,,13699,5,,,0,85,,13700,5,,,0,85,,13701,5,,,0,85,,13702,5,,,0,45,,13703,5,,,0,85,,13704,5,,,0,85,,13705,5,,,0,85,,13706,5,,,0,45,,13707,5,,,0,85,,13708,5,,,0,85,,13709,5,,,0,85,,13710,5,,,0
14029,'994',611,,11496,5,,,0,21,,11497,5,,,0,100,,11499,5,,,0,100,,11501,5,,,0,70,,11502,5,,,0,100,,11473,5,,,0,100,,11475,5,,,0,30,,11476,5,,,0,100,,11478,5,,,0,100,,11480,5,,,0,70,,11481,5,,,0,100,,11483,5,,,0,100,,11485,5,,,0,30,,11486,5,,,0,100,,11488,5,,,0,100,,11495,5,,,0,70,,11504,5,,,0
14029,'995',1002,,11532,5,,,0,30,,11533,5,,,0,70,,11534,5,,,0,30,,11535,5,,,0,100,,11537,5,,,0,70,,11538,5,,,0,30,,11539,5,,,0,70,,11540,5,,,0,100,,11542,5,,,0,30,,11543,5,,,0,70,,11544,5,,,0,30,,11545,5,,,0,100,,11547,5,,,0,70,,11548,5,,,0,30,,11549,5,,,0,70,,11555,5,,,0
