1029,'1017',825,,9848,22,,,0,80,,9849,22,,,0,20,,9869,22,,,0,20,,9867,22,,,0,60,,9871,22,,,0,20,,9850,22,,,0,20,,9873,22,,,0,63,,9851,22,,,0,24,,9868,22,,,0,23,,9852,22,,,0,62,,9872,22,,,0,23,,9853,22,,,0,62,,9870,22,,,0,23,,9854,22,,,0,22,,9874,22,,,0,63,,9855,22,,,0,22,,9875,22,,,0,23,,9856,22,,,0,62,,9876,22,,,0,23,,9857,22,,,0,62,,9877,22,,,0,23,,9858,22,,,0,22,,9878,22,,,0,63,,9859,22,,,0,22,,9879,22,,,0,23,,9860,22,,,0,62,,9861,22,,,0,23,,9881,22,,,0,82,,9866,21,,,0,85,,9862,21,,,0,45,,9863,21,,,0,85,,9865,21,,,0,85,,9864,21,,,0,85,,9880,21,,,0
1029,'1022',619,,12988,22,,,0,30,,12989,22,,,0,70,,12990,22,,,0,30,,12991,22,,,0,70,,12992,22,,,0,30,,12993,22,,,0,70,,12994,22,,,0,30,,12995,22,,,0,70,,12996,22,,,0,30,,12997,22,,,0,70,,12998,22,,,0,30,,12999,22,,,0,70,,13000,22,,,0,30,,13001,22,,,0,70,,13002,22,,,0,30,,13003,22,,,0,70,,13004,22,,,0,30,,13005,22,,,0,70,,13006,22,,,0,30,,13007,22,,,0,70,,13008,22,,,0,30,,13009,22,,,0,70,,13010,22,,,0,30,,13011,22,,,0,70,,13012,22,,,0,30,,13013,22,,,0,70,,13019,22,,,0,18,,13014,22,,,0,170,,13016,22,,,0,43,,13017,21,,,0,170,,13015,21,,,0,82,,13018,21,,,0
1029,'1025',619,,14157,22,,,0,30,,14158,22,,,0,70,,14159,22,,,0,30,,14160,22,,,0,70,,14161,22,,,0,30,,14162,22,,,0,70,,14163,22,,,0,30,,14164,22,,,0,70,,14165,22,,,0,30,,14166,22,,,0,70,,14167,22,,,0,30,,14168,22,,,0,70,,14169,22,,,0,30,,14170,22,,,0,70,,14171,22,,,0,30,,14172,22,,,0,70,,14173,22,,,0,30,,14174,22,,,0,70,,14175,22,,,0,30,,14176,22,,,0,70,,14177,22,,,0,30,,14178,22,,,0,70,,14179,22,,,0,30,,14180,22,,,0,70,,14181,22,,,0,30,,14182,22,,,0,70,,14188,22,,,0,18,,14183,22,,,0,170,,14185,22,,,0,43,,14186,21,,,0,170,,14184,21,,,0,82,,14187,21,,,0
1029,'1026',635,,14189,22,,,0,80,,14190,22,,,0,40,,14191,22,,,0,80,,14192,22,,,0,80,,14193,22,,,0,40,,14194,22,,,0,60,,14196,22,,,0,30,,14195,22,,,0,72,,14198,22,,,0,30,,14197,22,,,0,70,,14200,22,,,0,30,,14199,22,,,0,70,,14202,22,,,0,30,,14201,22,,,0,70,,14204,22,,,0,30,,14203,22,,,0,70,,14206,22,,,0,30,,14205,22,,,0,70,,14208,22,,,0,30,,14207,22,,,0,70,,14210,22,,,0,30,,14209,22,,,0,70,,14219,22,,,0,30,,14211,22,,,0,70,,14220,22,,,0,21,,14212,22,,,0,82,,14214,21,,,0,85,,14213,21,,,0,45,,14215,21,,,0,85,,14217,21,,,0,84,,14216,21,,,0,84,,14218,21,,,0
1029,'994',2022,,9841,22,,,0,213,,9845,21,,,0
1029,'996',825,,9914,22,,,0,80,,9915,22,,,0,20,,9935,22,,,0,20,,9933,22,,,0,60,,9937,22,,,0,20,,9916,22,,,0,20,,9939,22,,,0,63,,9917,22,,,0,24,,9934,22,,,0,23,,9918,22,,,0,62,,9938,22,,,0,23,,9919,22,,,0,62,,9936,22,,,0,23,,9920,22,,,0,22,,9940,22,,,0,63,,9921,22,,,0,22,,9941,22,,,0,23,,9922,22,,,0,62,,9942,22,,,0,23,,9923,22,,,0,62,,9943,22,,,0,23,,9924,22,,,0,22,,9944,22,,,0,63,,9925,22,,,0,22,,9945,22,,,0,23,,9926,22,,,0,62,,9927,22,,,0,23,,9947,22,,,0,82,,9932,21,,,0,85,,9928,21,,,0,45,,9929,21,,,0,85,,9931,21,,,0,85,,9930,21,,,0,85,,9946,21,,,0
2019,'1021',738,,9989,20,,,0,70,,9990,20,,,0,99,,9992,20,,,0,31,,9993,20,,,0,100,,9957,20,,,0,70,,9958,20,,,0,100,,9960,20,,,0,30,,9961,20,,,0,100,,9963,20,,,0,70,,9964,20,,,0,100,,9966,20,,,0,30,,9967,20,,,0,100,,9969,20,,,0,70,,9970,20,,,0,100,,9972,20,,,0,30,,9955,20,,,0,100,,10009,20,,,0,85,,10010,20,,,0,85,,10011,20,,,0,45,,10007,20,,,0,85,,10008,20,,,0,85,,10012,20,,,0,84,,10004,20,,,0,16,,10006,20,,,0
2019,'1024',903,,10040,20,,,0,40,,10050,20,,,0,80,,10041,20,,,0,82,,10032,20,,,0,40,,10042,20,,,0,90,,10033,20,,,0,85,,10043,20,,,0,85,,10034,20,,,0,45,,10044,20,,,0,85,,10035,20,,,0,85,,10045,20,,,0,85,,10039,20,,,0,45,,10036,20,,,0,85,,10049,20,,,0,85,,10046,20,,,0,85,,10047,20,,,0,45,,10048,20,,,0,85,,10037,20,,,0,85,,10038,20,,,0,85,,10051,20,,,0
2019,'1025',738,,14249,20,,,0,70,,14250,20,,,0,99,,14251,20,,,0,31,,14252,20,,,0,100,,14228,20,,,0,70,,14229,20,,,0,100,,14230,20,,,0,30,,14231,20,,,0,100,,14232,20,,,0,70,,14233,20,,,0,100,,14234,20,,,0,30,,14235,20,,,0,100,,14236,20,,,0,70,,14237,20,,,0,100,,14238,20,,,0,30,,14227,20,,,0,100,,14265,20,,,0,85,,14266,20,,,0,85,,14267,20,,,0,45,,14263,20,,,0,85,,14264,20,,,0,85,,14268,20,,,0,84,,14260,20,,,0,16,,14262,20,,,0
2019,'1026',629,,14269,20,,,0,80,,14270,20,,,0,40,,14271,20,,,0,80,,14272,20,,,0,80,,14273,20,,,0,42,,14274,20,,,0,85,,14275,20,,,0,70,,14276,20,,,0,30,,14277,20,,,0,70,,14278,20,,,0,30,,14279,20,,,0,70,,14280,20,,,0,30,,14281,20,,,0,70,,14282,20,,,0,30,,14283,20,,,0,70,,14284,20,,,0,30,,14285,20,,,0,70,,14286,20,,,0,30,,14287,20,,,0,70,,14288,20,,,0,30,,14289,20,,,0,70,,14290,20,,,0,30,,14291,20,,,0,70,,14292,20,,,0,30,,14293,20,,,0,84,,14294,20,,,0,83,,14295,20,,,0,45,,14296,20,,,0,85,,14297,20,,,0,85,,14328,20,,,0,85,,14327,20,,,0,15,,14331,20,,,0
2019,'1027',903,,14359,20,,,0,40,,14369,20,,,0,80,,14360,20,,,0,82,,14351,20,,,0,40,,14361,20,,,0,90,,14352,20,,,0,85,,14362,20,,,0,85,,14353,20,,,0,45,,14363,20,,,0,85,,14354,20,,,0,85,,14364,20,,,0,85,,14358,20,,,0,45,,14355,20,,,0,85,,14368,20,,,0,85,,14365,20,,,0,85,,14366,20,,,0,45,,14367,20,,,0,85,,14356,20,,,0,85,,14357,20,,,0,85,,14370,20,,,0
2019,'994',704,,9988,20,,,0,134,,9991,20,,,0,170,,9994,20,,,0,130,,9959,20,,,0,170,,9962,20,,,0,130,,9965,20,,,0,170,,9968,20,,,0,130,,9971,20,,,0,170,,9956,20,,,0
2019,'996',903,,14399,20,,,0,40,,14409,20,,,0,80,,14400,20,,,0,82,,14391,20,,,0,40,,14401,20,,,0,90,,14392,20,,,0,85,,14402,20,,,0,85,,14393,20,,,0,45,,14403,20,,,0,85,,14394,20,,,0,85,,14404,20,,,0,85,,14398,20,,,0,45,,14395,20,,,0,85,,14408,20,,,0,85,,14405,20,,,0,85,,14406,20,,,0,45,,14407,20,,,0,85,,14396,20,,,0,85,,14397,20,,,0,85,,14410,20,,,0
