8019,'1035',1015,,18854,4,,,0,40,,18838,4,,,0,83,,18855,4,,,0,85,,18839,4,,,0,85,,18856,4,,,0,46,,18840,4,,,0,85,,18857,4,,,0,85,,18830,4,,,0,85,,18841,4,,,0,45,,18842,4,,,0,85,,18843,4,,,0
8019,'1039',642,,18922,4,,,0,58,,18923,4,,,0,34,,18924,4,,,0,25,,18925,4,,,0,70,,18926,4,,,0,30,,18927,4,,,0,70,,18928,4,,,0,30,,18886,4,,,0,70,,18887,4,,,0,30,,18888,4,,,0,70,,18889,4,,,0,30,,18890,4,,,0,71,,18891,4,,,0,74,,18892,4,,,0,30,,18893,4,,,0,70,,18894,4,,,0,30,,18895,4,,,0,70,,18896,4,,,0,30,,18897,4,,,0,70,,18898,4,,,0,30,,18899,4,,,0,70,,18900,4,,,0,30,,18901,4,,,0,69,,18929,4,,,0,30,,18910,4,,,0,67,,18911,4,,,0
8019,'1040',942,,18969,4,,,0,65,,18970,4,,,0,17,,18971,4,,,0,76,,18972,4,,,0,30,,18973,4,,,0,70,,18974,4,,,0,30,,18975,4,,,0,70,,18976,4,,,0,33,,18977,4,,,0,70,,18978,4,,,0,30,,18979,4,,,0,70,,18980,4,,,0,30,,18981,4,,,0,70,,18982,4,,,0,30,,18983,4,,,0,70,,18984,4,,,0,30,,18985,4,,,0,70,,18986,4,,,0,30,,18989,4,,,0,67,,18988,4,,,0
8019,'996',1015,,19015,4,,,0,40,,18999,4,,,0,83,,19016,4,,,0,85,,19000,4,,,0,85,,19017,4,,,0,46,,19001,4,,,0,85,,19018,4,,,0,85,,18991,4,,,0,85,,19002,4,,,0,45,,19003,4,,,0,85,,19004,4,,,0
15029,'1035',831,,20024,4,,,0,80,,20025,4,,,0,40,,20026,4,,,0,82,,20027,4,,,0,83,,20028,4,,,0,85,,20029,4,,,0,45,,20030,4,,,0,85,,20031,4,,,0,85,,20032,4,,,0,85,,20033,4,,,0,45,,20034,4,,,0,85,,20035,4,,,0,85,,20036,4,,,0,85,,20037,4,,,0,42,,20038,4,,,0,85,,20039,4,,,0,85,,20040,4,,,0,45,,20041,4,,,0,85,,20042,4,,,0,85,,20043,4,,,0
15029,'1039',641,,20044,4,,,0,67,,20045,4,,,0,30,,20046,4,,,0,70,,20047,4,,,0,30,,20048,4,,,0,70,,20049,4,,,0,30,,20050,4,,,0,70,,20051,4,,,0,30,,20052,4,,,0,70,,20053,4,,,0,30,,20054,4,,,0,70,,20055,4,,,0,30,,20056,4,,,0,70,,20057,4,,,0,30,,20058,4,,,0,70,,20059,4,,,0,30,,20060,4,,,0,70,,20061,4,,,0,30,,20062,4,,,0,70,,20063,4,,,0,30,,20064,4,,,0,70,,20065,4,,,0,30,,20066,4,,,0,70,,20067,4,,,0,30,,20068,4,,,0,69,,20069,4,,,0,40,,20070,4,,,0,85,,20071,4,,,0,81,,20072,4,,,0,45,,20074,4,,,0,85,,20075,4,,,0,85,,20073,4,,,0
15029,'1040',641,,20076,4,,,0,80,,20078,4,,,0,80,,20079,4,,,0,40,,20077,4,,,0,83,,20080,4,,,0,80,,20081,4,,,0,35,,20083,4,,,0,70,,20084,4,,,0,30,,20085,4,,,0,70,,20086,4,,,0,30,,20087,4,,,0,70,,20088,4,,,0,30,,20089,4,,,0,70,,20090,4,,,0,30,,20091,4,,,0,70,,20092,4,,,0,30,,20093,4,,,0,70,,20094,4,,,0,30,,20095,4,,,0,70,,20096,4,,,0,30,,20097,4,,,0,70,,20098,4,,,0,30,,20099,4,,,0,70,,20100,4,,,0,37,,20101,4,,,0,85,,20102,4,,,0,82,,20103,4,,,0,45,,20104,4,,,0,85,,20105,4,,,0,85,,20082,4,,,0
15029,'996',831,,20106,4,,,0,80,,20107,4,,,0,40,,20108,4,,,0,82,,20109,4,,,0,83,,20110,4,,,0,85,,20111,4,,,0,45,,20112,4,,,0,85,,20113,4,,,0,85,,20114,4,,,0,85,,20115,4,,,0,45,,20116,4,,,0,85,,20117,4,,,0,85,,20118,4,,,0,85,,20119,4,,,0,42,,20120,4,,,0,85,,20121,4,,,0,85,,20122,4,,,0,45,,20123,4,,,0,85,,20124,4,,,0,85,,20125,4,,,0
130003029,'1035',817,,21157,12,,,0,20,,21182,12,0,9,0,20,,21158,12,,,0,60,,21188,12,0,9,0,20,,21159,12,,,0,20,,21185,12,0,9,0,60,,21160,12,,,0,22,,21186,12,0,9,0,61,,21161,12,,,0,22,,21184,12,0,9,0,23,,21162,12,,,0,62,,21187,12,0,9,0,23,,21163,12,,,0,22,,21183,12,0,9,0,63,,21164,12,,,0,22,,21165,12,0,9,0,63,,21166,12,,,0,22,,21167,12,0,9,0,23,,21168,12,,,0,62,,21169,12,0,9,0,23,,21170,12,,,0,22,,21171,12,0,9,0,63,,21172,12,,,0,22,,21173,12,0,9,0,63,,21174,12,,,0,22,,21175,12,0,9,0,24,,21176,12,,,0,62,,21190,12,0,9,0,23,,21189,12,,,0,85,,21177,12,,,0,85,,21178,12,,,0,45,,21179,12,,,0,85,,21180,12,,,0,85,,21181,12,,,0,84,,21191,12,0,9,0
130003029,'1039',617,,21233,12,,,0,15,,21234,12,0,10 11,0,26,,21235,13,0,10 11,0,55,,21236,13,,,0,15,,21237,13,0,10 11,0,15,,21238,13,,,0,15,,21239,13,0,10 11,0,55,,21240,13,,,0,15,,21241,13,0,10 11,0,15,,21242,13,,,0,15,,21243,13,0,10 11,0,55,,21244,13,,,0,15,,21245,13,0,10 11,0,15,,21246,13,,,0,15,,21247,13,0,10 11,0,55,,21192,13,,,0,15,,21193,13,0,10 11,0,15,,21194,13,,,0,15,,21195,13,0,10 11,0,55,,21196,13,,,0,15,,21197,13,0,10 11,0,15,,21198,13,,,0,15,,21199,13,0,10 11,0,55,,21200,13,,,0,15,,21201,13,0,10 11,0,15,,21202,13,,,0,15,,21203,13,0,10 11,0,55,,21204,13,,,0,15,,21205,13,0,10 11,0,15,,21206,13,,,0,15,,21207,13,0,10 11,0,55,,21208,13,,,0,15,,21209,13,0,10 11,0,15,,21210,13,,,0,15,,21211,13,0,10 11,0,55,,21212,13,,,0,15,,21213,13,0,10 11,0,15,,21214,13,,,0,15,,21215,13,0,10 11,0,55,,21216,13,,,0,15,,21217,13,0,10 11,0,15,,21218,13,,,0,15,,21219,13,0,10 11,0,55,,21220,13,,,0,15,,21221,13,0,10 11,0,15,,21222,13,,,0,16,,21230,13,0,10 11,0,55,,21229,13,,,0,15,,21231,13,0,10 11,0,15,,21223,13,,,0,9,,21232,12,0,9,0,55,,21227,12,0,9,0,22,,21248,12,,,0,23,,21226,12,0,9,0,62,,21249,12,,,0,23,,21225,12,0,9,0,62,,21250,12,,,0,23,,21224,12,0,9,0,22,,21252,12,,,0,63,,21254,12,0,9,0,22,,21228,12,,,0,84,,21251,12,0,9,0,43,,21253,12,0,9,0,79,,21255,12,0,9,0
130003029,'1040',607,,21256,12,0,9,0,20,,21257,12,,,0,20,,21258,12,0,9,0,60,,21259,12,,,0,20,,21260,12,0,9,0,20,,21261,12,,,0,60,,21262,12,0,9,0,20,,21263,12,,,0,20,,21264,12,0,9,0,60,,21265,12,,,0,20,,21266,12,0,9,0,20,,21267,12,,,0,67,,21268,13,,,0,15,,21269,13,0,10 11,0,15,,21270,13,,,0,15,,21271,13,0,10 11,0,55,,21272,13,,,0,15,,21273,13,0,10 11,0,15,,21274,13,,,0,15,,21275,13,0,10 11,0,55,,21276,13,,,0,15,,21277,13,0,10 11,0,15,,21278,13,,,0,15,,21279,13,0,10 11,0,55,,21280,13,,,0,15,,21281,13,0,10 11,0,15,,21282,13,,,0,15,,21283,13,0,10 11,0,55,,21284,13,,,0,15,,21285,13,0,10 11,0,15,,21286,13,,,0,15,,21287,13,0,10 11,0,55,,21288,13,,,0,15,,21289,13,0,10 11,0,15,,21290,13,,,0,15,,21291,13,0,10 11,0,55,,21292,13,,,0,15,,21293,13,0,10 11,0,15,,21294,13,,,0,15,,21295,13,0,10 11,0,55,,21296,13,,,0,15,,21297,13,0,10 11,0,15,,21314,13,,,0,15,,21315,13,0,10 11,0,55,,21309,13,,,0,15,,21310,13,0,10 11,0,15,,21312,13,,,0,9,,21313,12,0,9,0,55,,21311,12,0,9,0,22,,21316,12,,,0,23,,21303,12,0,9,0,62,,21298,12,,,0,23,,21304,12,0,9,0,62,,21299,12,,,0,23,,21305,12,0,9,0,22,,21300,12,,,0,63,,21306,12,0,9,0,22,,21301,12,,,0,84,,21302,12,0,9,0,43,,21307,12,0,9,0,79,,21308,12,0,9,0
130003029,'996',817,,21317,12,,,0,20,,21342,12,0,9,0,20,,21318,12,,,0,60,,21348,12,0,9,0,20,,21319,12,,,0,20,,21345,12,0,9,0,60,,21320,12,,,0,22,,21346,12,0,9,0,61,,21321,12,,,0,22,,21344,12,0,9,0,23,,21322,12,,,0,62,,21347,12,0,9,0,23,,21323,12,,,0,22,,21343,12,0,9,0,63,,21324,12,,,0,22,,21325,12,0,9,0,63,,21326,12,,,0,22,,21327,12,0,9,0,23,,21328,12,,,0,62,,21329,12,0,9,0,23,,21330,12,,,0,22,,21331,12,0,9,0,63,,21332,12,,,0,22,,21333,12,0,9,0,63,,21334,12,,,0,22,,21335,12,0,9,0,24,,21336,12,,,0,62,,21350,12,0,9,0,23,,21349,12,,,0,85,,21337,12,,,0,85,,21338,12,,,0,45,,21339,12,,,0,85,,21340,12,,,0,85,,21341,12,,,0,84,,21351,12,0,9,0
