14029,'1010',700,,11498,2,,,0,230,,11503,2,,,0,270,,11477,2,,,0,230,,11482,2,,,0,270,,11487,2,,,0,222,,11493,2,,,0,85,,11490,2,,,0,45,,11492,2,,,0,85,,11491,2,,,0,85,,11494,2,,,0,85,,11505,2,,,0
14029,'1011',800,,11500,2,,,0,230,,11474,2,,,0,270,,11479,2,,,0,230,,11484,2,,,0,270,,11489,2,,,0
14029,'1012',800,,12873,2,,,0,230,,12869,2,,,0,270,,12870,2,,,0,230,,12871,2,,,0,270,,12872,2,,,0
14029,'1014',810,,11506,2,,,0,40,,11507,2,,,0,80,,11508,2,,,0,80,,11509,2,,,0,43,,11510,2,,,0,85,,11511,2,,,0,85,,11512,2,,,0,85,,11513,2,,,0,45,,11514,2,,,0,85,,11515,2,,,0,85,,11516,2,,,0,85,,11517,2,,,0,45,,11518,2,,,0,85,,11519,2,,,0,85,,11520,2,,,0,85,,11521,2,,,0,45,,11522,2,,,0,85,,11523,2,,,0,85,,11524,2,,,0,85,,11525,2,,,0
14029,'1015',700,,13653,2,,,0,230,,13654,2,,,0,270,,13645,2,,,0,230,,13646,2,,,0,270,,13647,2,,,0,222,,13651,2,,,0,85,,13648,2,,,0,45,,13650,2,,,0,85,,13649,2,,,0,85,,13652,2,,,0,85,,13655,2,,,0
14029,'1016',620,,13656,2,,,0,80,,13657,2,,,0,40,,13658,2,,,0,80,,13659,2,,,0,80,,13660,2,,,0,40,,13661,2,,,0,260,,13662,2,,,0,230,,13663,2,,,0,270,,13664,2,,,0,222,,13665,2,,,0,85,,13666,2,,,0,45,,13667,2,,,0,85,,13668,2,,,0,85,,13670,2,,,0,85,,13669,2,,,0
14029,'1017',810,,13671,2,,,0,40,,13672,2,,,0,80,,13673,2,,,0,80,,13674,2,,,0,43,,13675,2,,,0,85,,13676,2,,,0,85,,13677,2,,,0,85,,13678,2,,,0,45,,13679,2,,,0,85,,13680,2,,,0,85,,13681,2,,,0,85,,13682,2,,,0,45,,13683,2,,,0,85,,13684,2,,,0,85,,13685,2,,,0,85,,13686,2,,,0,45,,13687,2,,,0,85,,13688,2,,,0,85,,13689,2,,,0,85,,13690,2,,,0
14029,'1018',810,,13691,2,,,0,40,,13692,2,,,0,80,,13693,2,,,0,80,,13694,2,,,0,43,,13695,2,,,0,85,,13696,2,,,0,85,,13697,2,,,0,85,,13698,2,,,0,45,,13699,2,,,0,85,,13700,2,,,0,85,,13701,2,,,0,85,,13702,2,,,0,45,,13703,2,,,0,85,,13704,2,,,0,85,,13705,2,,,0,85,,13706,2,,,0,45,,13707,2,,,0,85,,13708,2,,,0,85,,13709,2,,,0,85,,13710,2,,,0
14029,'994',610,,11496,2,,,0,20,,11497,2,,,0,100,,11499,2,,,0,100,,11501,2,,,0,70,,11502,2,,,0,100,,11473,2,,,0,100,,11475,2,,,0,30,,11476,2,,,0,100,,11478,2,,,0,100,,11480,2,,,0,70,,11481,2,,,0,100,,11483,2,,,0,100,,11485,2,,,0,30,,11486,2,,,0,100,,11488,2,,,0,100,,11495,2,,,0,70,,11504,2,,,0
14029,'995',1000,,11532,2,,,0,30,,11533,2,,,0,70,,11534,2,,,0,30,,11535,2,,,0,100,,11537,2,,,0,70,,11538,2,,,0,30,,11539,2,,,0,70,,11540,2,,,0,100,,11542,2,,,0,30,,11543,2,,,0,70,,11544,2,,,0,30,,11545,2,,,0,100,,11547,2,,,0,70,,11548,2,,,0,30,,11549,2,,,0,70,,11555,2,,,0
