13019,'1030',1920,,11262,28,,,0,85,,11257,28,,,0,45,,11258,28,,,0,85,,11260,28,,,0,83,,11259,28,,,0,85,,11261,28,,,0
13019,'1036',1920,,17037,28,,,0,85,,17032,28,,,0,45,,17033,28,,,0,85,,17035,28,,,0,83,,17034,28,,,0,85,,17036,28,,,0
13019,'1037',617,,17038,28,,,0,40,,17039,28,,,0,80,,17040,28,,,0,80,,17041,28,,,0,41,,17042,28,,,0,80,,17043,28,,,0,982,,17044,28,,,0,85,,17045,28,,,0,45,,17046,28,,,0,85,,17047,28,,,0,85,,17048,28,,,0,85,,17049,28,,,0
100003019,'1030',737,,15537,1,,,0,100,,15539,1,,,0,170,,15518,1,,,0,100,,15520,1,,,0,130,,15523,1,,,0,100,,15525,1,,,0,170,,15528,1,,,0,100,,15530,1,,,0,130,,15533,1,,,0,100,,15542,1,,,0
100003019,'1031',640,,15535,1,,,0,67,,15536,1,,,0,100,,15538,1,,,0,100,,15540,1,,,0,30,,15541,1,,,0,100,,15519,1,,,0,100,,15521,1,,,0,70,,15522,1,,,0,100,,15524,1,,,0,100,,15526,1,,,0,30,,15527,1,,,0,100,,15529,1,,,0,100,,15531,1,,,0,70,,15532,1,,,0,100,,15534,1,,,0,100,,15543,1,0,9,0
100003019,'1033',1037,,15545,1,,,0,100,,15547,1,,,0,70,,15548,1,,,0,100,,15550,1,,,0,100,,15552,1,,,0,30,,15553,1,,,0,100,,15555,1,,,0,100,,15557,1,,,0,70,,15558,1,,,0,100,,15560,1,,,0,100,,15562,1,0,9,0
100003019,'1036',737,,17720,1,,,0,100,,17721,1,,,0,170,,17713,1,,,0,100,,17714,1,,,0,130,,17715,1,,,0,100,,17716,1,,,0,170,,17717,1,,,0,100,,17718,1,,,0,130,,17719,1,,,0,100,,17722,1,,,0
100003019,'1037',1007,,17723,1,,,0,100,,17724,1,,,0,130,,17725,1,,,0,100,,17726,1,,,0,170,,17727,1,,,0,100,,17728,1,,,0,130,,17729,1,,,0,100,,17730,1,,,0
100003029,'1030',734,,15582,30,4,,0,102,,15584,30,4,,0,170,,15579,30,4,,0,100,,15564,30,4,,0,130,,15567,30,4,,0,100,,15569,30,4,,0,170,,15572,30,4,,0,100,,15574,30,4,,0,130,,15577,30,4,,0,100,,15588,30,4,,0
100003029,'1031',639,,15580,30,4,,0,65,,15581,30,4,,0,102,,15583,30,4,,0,100,,15585,30,4,,0,30,,15586,30,4,,0,100,,15563,30,4,,0,100,,15565,30,4,,0,70,,15566,30,4,,0,100,,15568,30,4,,0,100,,15570,30,4,,0,30,,15571,30,4,,0,100,,15573,30,4,,0,100,,15575,30,4,,0,70,,15576,30,4,,0,100,,15578,30,4,,0,100,,15587,30,4,,0
100003029,'1033',1036,,15589,30,4,,0,100,,15591,30,4,,0,70,,15592,30,4,,0,100,,15594,30,4,,0,100,,15596,30,4,,0,30,,15597,30,4,,0,100,,15599,30,4,,0,100,,15601,30,4,,0,70,,15602,30,4,,0,100,,15604,30,4,,0,100,,15607,30,4,,0
100003029,'1036',734,,17738,30,4,,0,102,,17739,30,4,,0,170,,17737,30,4,,0,100,,17731,30,4,,0,130,,17732,30,4,,0,100,,17733,30,4,,0,170,,17734,30,4,,0,100,,17735,30,4,,0,130,,17736,30,4,,0,100,,17740,30,4,,0
100003029,'1037',1006,,17747,30,4,,0,100,,17741,30,4,,0,130,,17742,30,4,,0,100,,17743,30,4,,0,170,,17744,30,4,,0,100,,17745,30,4,,0,130,,17746,30,4,,0,100,,17748,30,4,,0
