14029,'1010',720,,11498,22,,,0,230,,11503,22,,,0,272,,11477,22,,,0,230,,11482,22,,,0,270,,11487,22,,,0,220,,11493,22,,,0,85,,11490,22,,,0,85,,11492,22,,,0,45,,11491,22,,,0,85,,11494,22,,,0,85,,11505,22,,,0
14029,'1011',820,,11500,22,,,0,230,,11474,22,,,0,272,,11479,22,,,0,230,,11484,22,,,0,268,,11489,22,,,0
14029,'1012',820,,12873,22,,,0,230,,12869,22,,,0,272,,12870,22,,,0,230,,12871,22,,,0,268,,12872,22,,,0
14029,'1014',829,,11506,22,,,0,80,,11507,22,,,0,40,,11508,22,,,0,80,,11509,22,,,0,83,,11510,22,,,0,47,,11511,22,,,0,85,,11512,22,,,0,85,,11513,22,,,0,85,,11514,22,,,0,45,,11515,22,,,0,85,,11516,22,,,0,85,,11517,22,,,0,85,,11518,22,,,0,45,,11519,22,,,0,85,,11520,22,,,0,83,,11521,22,,,0,85,,11522,22,,,0,45,,11523,22,,,0,85,,11524,22,,,0,85,,11525,22,,,0
14029,'1015',720,,13653,22,,,0,230,,13654,22,,,0,272,,13645,22,,,0,230,,13646,22,,,0,270,,13647,22,,,0,220,,13651,22,,,0,85,,13648,22,,,0,85,,13650,22,,,0,45,,13649,22,,,0,85,,13652,22,,,0,85,,13655,22,,,0
14029,'1016',640,,13656,22,,,0,80,,13657,22,,,0,80,,13658,22,,,0,40,,13659,22,,,0,80,,13660,22,,,0,80,,13661,22,,,0,220,,13662,22,,,0,232,,13663,22,,,0,270,,13664,22,,,0,220,,13665,22,,,0,85,,13666,22,,,0,85,,13667,22,,,0,45,,13668,22,,,0,85,,13670,22,,,0,85,,13669,22,,,0
14029,'1017',829,,13671,22,,,0,80,,13672,22,,,0,40,,13673,22,,,0,80,,13674,22,,,0,83,,13675,22,,,0,47,,13676,22,,,0,85,,13677,22,,,0,85,,13678,22,,,0,85,,13679,22,,,0,45,,13680,22,,,0,85,,13681,22,,,0,85,,13682,22,,,0,85,,13683,22,,,0,45,,13684,22,,,0,85,,13685,22,,,0,83,,13686,22,,,0,85,,13687,22,,,0,45,,13688,22,,,0,85,,13689,22,,,0,85,,13690,22,,,0
14029,'1018',829,,13691,22,,,0,80,,13692,22,,,0,40,,13693,22,,,0,80,,13694,22,,,0,83,,13695,22,,,0,47,,13696,22,,,0,85,,13697,22,,,0,85,,13698,22,,,0,85,,13699,22,,,0,45,,13700,22,,,0,85,,13701,22,,,0,85,,13702,22,,,0,85,,13703,22,,,0,45,,13704,22,,,0,85,,13705,22,,,0,83,,13706,22,,,0,85,,13707,22,,,0,45,,13708,22,,,0,85,,13709,22,,,0,85,,13710,22,,,0
14029,'994',628,,11496,22,,,0,22,,11497,22,,,0,100,,11499,22,,,0,100,,11501,22,,,0,70,,11502,22,,,0,100,,11473,22,,,0,100,,11475,22,,,0,30,,11476,22,,,0,102,,11478,22,,,0,100,,11480,22,,,0,70,,11481,22,,,0,100,,11483,22,,,0,100,,11485,22,,,0,30,,11486,22,,,0,100,,11488,22,,,0,98,,11495,22,,,0,70,,11504,22,,,0
14029,'995',1020,,11532,22,,,0,30,,11533,22,,,0,70,,11534,22,,,0,30,,11535,22,,,0,100,,11537,22,,,0,70,,11538,22,,,0,30,,11539,22,,,0,72,,11540,22,,,0,100,,11542,22,,,0,30,,11543,22,,,0,70,,11544,22,,,0,30,,11545,22,,,0,100,,11547,22,,,0,68,,11548,22,,,0,30,,11549,22,,,0,70,,11555,22,,,0
