1019,'1004',802,,9709,19,,,0,40,,9710,19,,,0,60,,9730,19,,,0,20,,9711,19,,,0,20,,9712,19,,,0,60,,9732,19,,,0,20,,9713,19,,,0,20,,9734,19,,,0,64,,9714,19,,,0,22,,9736,19,,,0,23,,9715,19,,,0,62,,9731,19,,,0,23,,9716,19,,,0,22,,9733,19,,,0,63,,9717,19,,,0,22,,9735,19,,,0,63,,9718,19,,,0,22,,9737,19,,,0,23,,9719,19,,,0,62,,9738,19,,,0,23,,9720,19,,,0,22,,9739,19,,,0,63,,9721,19,,,0,22,,9740,19,,,0,63,,9722,19,,,0,22,,9741,19,,,0,23,,9742,19,,,0,62,,9723,19,,,0
1019,'1010',616,2,9675,19,,,0,30,2,9676,19,,,0,70,2,9677,19,,,0,30,2,9678,19,,,0,70,2,9679,19,,,0,30,2,9680,19,,,0,70,2,9681,19,,,0,30,2,9682,19,,,0,70,2,9683,19,,,0,30,2,9684,19,,,0,70,2,9685,19,,,0,30,2,9686,19,,,0,70,2,9687,19,,,0,30,2,9688,19,,,0,70,2,9689,19,,,0,30,2,9690,19,,,0,70,2,9691,19,,,0,30,2,9692,19,,,0,70,2,9693,19,,,0,30,2,9694,19,,,0,70,2,9695,19,,,0,30,2,9696,19,,,0,70,2,9697,19,,,0,30,2,9698,19,,,0,70,2,9699,19,,,0,30,2,9701,19,,,0,66,,9708,19,,,0,45,,9703,19,,,0,85,,9702,19,,,0
1019,'1015',616,2,12923,19,,,0,30,2,12924,19,,,0,70,2,12925,19,,,0,30,2,12926,19,,,0,70,2,12927,19,,,0,30,2,12928,19,,,0,70,2,12929,19,,,0,30,2,12930,19,,,0,70,2,12931,19,,,0,30,2,12932,19,,,0,70,2,12933,19,,,0,30,2,12934,19,,,0,70,2,12935,19,,,0,30,2,12936,19,,,0,70,2,12937,19,,,0,30,2,12938,19,,,0,70,2,12939,19,,,0,30,2,12940,19,,,0,70,2,12941,19,,,0,30,2,12942,19,,,0,70,2,12943,19,,,0,30,2,12944,19,,,0,70,2,12945,19,,,0,30,2,12946,19,,,0,70,2,12947,19,,,0,30,2,12948,19,,,0,66,,12954,19,,,0,45,,12950,19,,,0,85,,12949,19,,,0
1019,'1016',611,,12955,19,,,0,40,,12956,19,,,0,80,,12957,19,,,0,80,,12958,19,,,0,40,,12959,19,,,0,80,,12960,19,,,0,20,,12987,19,,,0,60,,12985,19,,,0,35,2,12965,19,,,0,70,2,12964,19,,,0,30,2,12967,19,,,0,70,2,12966,19,,,0,30,2,12969,19,,,0,70,2,12968,19,,,0,30,2,12971,19,,,0,70,2,12970,19,,,0,30,2,12973,19,,,0,70,2,12972,19,,,0,30,2,12975,19,,,0,70,2,12974,19,,,0,30,2,12977,19,,,0,70,2,12976,19,,,0,30,2,12963,19,,,0,70,2,12978,19,,,0,30,2,12986,19,,,0
1019,'996',802,,9778,19,,,0,40,,9779,19,,,0,60,,9799,19,,,0,20,,9780,19,,,0,20,,9781,19,,,0,60,,9801,19,,,0,20,,9782,19,,,0,20,,9803,19,,,0,64,,9783,19,,,0,22,,9805,19,,,0,23,,9784,19,,,0,62,,9800,19,,,0,23,,9785,19,,,0,22,,9802,19,,,0,63,,9786,19,,,0,22,,9804,19,,,0,63,,9787,19,,,0,22,,9806,19,,,0,23,,9788,19,,,0,62,,9807,19,,,0,23,,9789,19,,,0,22,,9808,19,,,0,63,,9790,19,,,0,22,,9809,19,,,0,63,,9791,19,,,0,22,,9810,19,,,0,23,,9811,19,,,0,62,,9792,19,,,0
8019,'1010',640,,10612,1,,,0,14,,10604,52,4,,0,3,,10613,1,,,0,73,,10605,52,4,,0,1,,10614,1,,,0,24,,10606,52,4,,0,1,,10615,1,,,0,69,,10607,52,4,,0,1,,10616,1,,,0,29,,10608,52,4,,0,1,,10617,1,,,0,69,,10609,52,4,,0,1,,10618,1,,,0,29,,10610,52,4,,0,1,,10576,1,,,0,69,,10611,52,4,,0,1,,10577,1,,,0,29,,10560,52,4,,0,1,,10578,1,,,0,69,,10561,52,4,,0,1,,10579,1,,,0,29,,10562,52,4,,0,1,,10580,1,,,0,69,,10563,52,4,,0,1,,10581,1,,,0,33,,10564,52,4,,0,41,,10582,1,,,0,29,,10565,52,4,,0,1,,10583,1,,,0,29,,10566,52,4,,0,41,,10584,1,,,0,29,,10567,52,4,,0,1,,10585,1,,,0,29,,10568,52,4,,0,41,,10586,1,,,0,29,,10569,52,4,,0,1,,10587,1,,,0,29,,10570,52,4,,0,41,,10588,1,,,0,29,,10571,52,4,,0,1,,10589,1,,,0,29,,10572,52,4,,0,41,,10590,1,,,0,29,,10573,52,4,,0,1,,10591,1,,,0,29,,10574,52,4,,0,41,,10619,1,,,0,29,,10575,52,4,,0,1,,10600,1,,,0,26,,10598,52,4,,0,1,,10601,1,,,0,69,,10593,52,4,,0
8019,'1014',1010,,10639,52,4,,0,3,,10646,1,,,0,37,,10623,52,4,,0,3,,10630,1,,,0,80,,10624,52,4,,0,3,,10647,1,,,0,84,,10641,52,4,,0,1,,10631,1,,,0,84,,10625,52,4,,0,1,,10648,1,,,0,44,,10642,52,4,,0,1,,10632,1,,,0,84,,10626,52,4,,0,1,,10649,1,,,0,84,,10643,52,4,,0,1,,10622,1,,,0,84,,10627,52,4,,0,1,,10633,1,,,0,44,,10644,52,4,,0,1,,10634,1,,,0,82,,10628,52,4,,0,3,,10635,1,,,0
8019,'1015',640,,13242,1,,,0,14,,13234,52,4,,0,3,,13243,1,,,0,73,,13235,52,4,,0,1,,13244,1,,,0,24,,13236,52,4,,0,1,,13245,1,,,0,69,,13237,52,4,,0,1,,13246,1,,,0,29,,13238,52,4,,0,1,,13247,1,,,0,69,,13239,52,4,,0,1,,13248,1,,,0,29,,13240,52,4,,0,1,,13206,1,,,0,69,,13241,52,4,,0,1,,13207,1,,,0,29,,13190,52,4,,0,1,,13208,1,,,0,69,,13191,52,4,,0,1,,13209,1,,,0,29,,13192,52,4,,0,1,,13210,1,,,0,69,,13193,52,4,,0,1,,13211,1,,,0,33,,13194,52,4,,0,41,,13212,1,,,0,29,,13195,52,4,,0,1,,13213,1,,,0,29,,13196,52,4,,0,41,,13214,1,,,0,29,,13197,52,4,,0,1,,13215,1,,,0,29,,13198,52,4,,0,41,,13216,1,,,0,29,,13199,52,4,,0,1,,13217,1,,,0,29,,13200,52,4,,0,41,,13218,1,,,0,29,,13201,52,4,,0,1,,13219,1,,,0,29,,13202,52,4,,0,41,,13220,1,,,0,29,,13203,52,4,,0,1,,13221,1,,,0,29,,13204,52,4,,0,41,,13249,1,,,0,29,,13205,52,4,,0,1,,13230,1,,,0,26,,13228,52,4,,0,1,,13231,1,,,0,69,,13223,52,4,,0
8019,'1016',940,,13289,1,,,0,65,,13290,1,,,0,15,,13267,52,4,,0,2,,13291,1,,,0,33,,13268,52,4,,0,3,,13292,1,,,0,67,,13269,52,4,,0,3,,13293,1,,,0,27,,13270,52,4,,0,3,,13294,1,,,0,67,,13271,52,4,,0,3,,13295,1,,,0,27,,13272,52,4,,0,3,,13296,1,,,0,71,,13273,52,4,,0,1,,13297,1,,,0,29,,13274,52,4,,0,41,,13298,1,,,0,29,,13275,52,4,,0,1,,13299,1,,,0,29,,13276,52,4,,0,41,,13300,1,,,0,29,,13277,52,4,,0,1,,13301,1,,,0,29,,13278,52,4,,0,41,,13302,1,,,0,29,,13279,52,4,,0,1,,13303,1,,,0,29,,13280,52,4,,0,41,,13304,1,,,0,29,,13281,52,4,,0,1,,13305,1,,,0,29,,13282,52,4,,0,41,,13306,1,,,0,29,,13283,52,4,,0,1,,13309,1,,,0,20,,13307,52,4,,0,7,,13308,1,,,0,63,,13310,52,4,,0
8019,'1017',1010,,13328,52,4,,0,3,,13335,1,,,0,37,,13312,52,4,,0,3,,13319,1,,,0,80,,13313,52,4,,0,3,,13336,1,,,0,84,,13330,52,4,,0,1,,13320,1,,,0,84,,13314,52,4,,0,1,,13337,1,,,0,44,,13331,52,4,,0,1,,13321,1,,,0,84,,13315,52,4,,0,1,,13338,1,,,0,84,,13332,52,4,,0,1,,13311,1,,,0,84,,13316,52,4,,0,1,,13322,1,,,0,44,,13333,52,4,,0,1,,13323,1,,,0,82,,13317,52,4,,0,3,,13324,1,,,0
8019,'1018',1010,,13368,52,4,,0,3,,13375,1,,,0,37,,13352,52,4,,0,3,,13359,1,,,0,80,,13353,52,4,,0,3,,13376,1,,,0,84,,13370,52,4,,0,1,,13360,1,,,0,84,,13354,52,4,,0,1,,13377,1,,,0,44,,13371,52,4,,0,1,,13361,1,,,0,84,,13355,52,4,,0,1,,13378,1,,,0,84,,13372,52,4,,0,1,,13351,1,,,0,84,,13356,52,4,,0,1,,13362,1,,,0,44,,13373,52,4,,0,1,,13363,1,,,0,82,,13357,52,4,,0,3,,13364,1,,,0
15019,'1010',704,,11577,21,4,,0,100,,11579,21,4,,0,130,,11582,21,4,,0,100,,11584,21,4,,0,170,,11587,21,4,,0,100,,11589,21,4,,0,130,,11592,21,4,,0,100,,11594,21,4,,0,170,,11597,21,4,,0,100,,11599,21,4,,0,140,,11602,21,4,,0,85,,11603,21,4,,0
15019,'1014',1030,,11611,21,4,,0,83,,11612,21,4,,0,45,,11613,21,4,,0,85,,11614,21,4,,0,85,,11615,21,4,,0,85,,11616,21,4,,0,45,,11617,21,4,,0,85,,11618,21,4,,0,85,,11619,21,4,,0,85,,11620,21,4,,0,45,,11621,21,4,,0
15019,'1015',704,,13711,21,4,,0,100,,13712,21,4,,0,130,,13713,21,4,,0,100,,13714,21,4,,0,170,,13715,21,4,,0,100,,13716,21,4,,0,130,,13717,21,4,,0,100,,13718,21,4,,0,170,,13719,21,4,,0,100,,13720,21,4,,0,140,,13721,21,4,,0,85,,13722,21,4,,0
15019,'1016',921,,13731,21,4,,0,80,,13732,21,4,,0,35,,13734,21,4,,0,70,,13735,21,4,,0,100,,13736,21,4,,0,30,,13737,21,4,,0,70,,13738,21,4,,0,30,,13739,21,4,,0,100,,13740,21,4,,0,70,,13741,21,4,,0,30,,13742,21,4,,0,70,,13743,21,4,,0,100,,13744,21,4,,0,30,,13745,21,4,,0,70,,13746,21,4,,0,30,,13747,21,4,,0,107,,13748,21,4,,0,85,,13749,21,4,,0
15019,'1017',1030,,13756,21,4,,0,83,,13757,21,4,,0,45,,13758,21,4,,0,85,,13759,21,4,,0,85,,13760,21,4,,0,85,,13761,21,4,,0,45,,13762,21,4,,0,85,,13763,21,4,,0,85,,13764,21,4,,0,85,,13765,21,4,,0,45,,13766,21,4,,0
15019,'1018',1030,,13776,21,4,,0,83,,13777,21,4,,0,45,,13778,21,4,,0,85,,13779,21,4,,0,85,,13780,21,4,,0,85,,13781,21,4,,0,45,,13782,21,4,,0,85,,13783,21,4,,0,85,,13784,21,4,,0,85,,13785,21,4,,0,45,,13786,21,4,,0
15019,'994',734,,11578,21,4,,0,100,,11580,21,4,,0,70,,11581,21,4,,0,100,,11583,21,4,,0,100,,11585,21,4,,0,30,,11586,21,4,,0,100,,11588,21,4,,0,100,,11590,21,4,,0,70,,11591,21,4,,0,100,,11593,21,4,,0,100,,11595,21,4,,0,30,,11596,21,4,,0,100,,11598,21,4,,0,100,,11600,21,4,,0,70,,11601,21,4,,0
15019,'995',1136,,11637,21,4,,0,270,,11642,21,4,,0,230,,11647,21,4,,0,270,,11652,21,4,,0
15029,'1010',704,,11679,1,,,0,100,,11681,1,,,0,130,,11684,1,,,0,100,,11686,1,,,0,170,,11689,1,,,0,100,,11691,1,,,0,130,,11694,1,,,0,100,,11696,1,,,0,170,,11699,1,,,0,100,,11701,1,,,0,140,,11704,1,,,0,85,,11705,1,,,0
15029,'1014',1030,,11713,1,,,0,83,,11714,1,,,0,45,,11715,1,,,0,85,,11716,1,,,0,85,,11717,1,,,0,85,,11718,1,,,0,45,,11719,1,,,0,85,,11720,1,,,0,85,,11721,1,,,0,85,,11722,1,,,0,45,,11723,1,,,0
15029,'1015',704,,13793,1,,,0,100,,13794,1,,,0,130,,13795,1,,,0,100,,13796,1,,,0,170,,13797,1,,,0,100,,13798,1,,,0,130,,13799,1,,,0,100,,13800,1,,,0,170,,13801,1,,,0,100,,13802,1,,,0,140,,13803,1,,,0,85,,13804,1,,,0
15029,'1016',921,,13813,1,,,0,80,,13814,1,,,0,35,,13816,1,,,0,70,,13817,1,,,0,100,,13818,1,,,0,30,,13819,1,,,0,70,,13820,1,,,0,30,,13821,1,,,0,100,,13822,1,,,0,70,,13823,1,,,0,30,,13824,1,,,0,70,,13825,1,,,0,100,,13826,1,,,0,30,,13827,1,,,0,70,,13828,1,,,0,30,,13829,1,,,0,107,,13830,1,,,0,85,,13831,1,,,0
15029,'1017',1030,,13838,1,,,0,83,,13839,1,,,0,45,,13840,1,,,0,85,,13841,1,,,0,85,,13842,1,,,0,85,,13843,1,,,0,45,,13844,1,,,0,85,,13845,1,,,0,85,,13846,1,,,0,85,,13847,1,,,0,45,,13848,1,,,0
15029,'1018',1030,,13858,1,,,0,83,,13859,1,,,0,45,,13860,1,,,0,85,,13861,1,,,0,85,,13862,1,,,0,85,,13863,1,,,0,45,,13864,1,,,0,85,,13865,1,,,0,85,,13866,1,,,0,85,,13867,1,,,0,45,,13868,1,,,0
15029,'994',637,,11678,1,,,0,97,,11680,1,,,0,100,,11682,1,,,0,70,,11683,1,,,0,100,,11685,1,,,0,100,,11687,1,,,0,30,,11688,1,,,0,100,,11690,1,,,0,100,,11692,1,,,0,70,,11693,1,,,0,100,,11695,1,,,0,100,,11697,1,,,0,30,,11698,1,,,0,100,,11700,1,,,0,100,,11702,1,,,0,70,,11703,1,,,0
15029,'995',1136,,11739,1,,,0,270,,11744,1,,,0,230,,11749,1,,,0,270,,11754,1,,,0
130003019,'1010',835,,12515,18,,,0,85,,12518,18,0,13,0,185,,12467,18,,,0,45,,12470,18,0,13,0,185,,12477,18,,,0,85,,12480,18,0,13,0,185,,12487,18,,,0,45,,12490,18,0,13,0,185,,12503,18,,,0
130003019,'1011',750,,12512,18,0,13,0,55,,12513,18,,,0,215,,12464,18,0,13,0,15,,12465,18,,,0,215,,12474,18,0,13,0,55,,12475,18,,,0,215,,12484,18,0,13,0,15,,12485,18,,,0,215,,12494,18,0,13,0,55,,12495,18,,,0
130003019,'1012',750,,12903,18,0,13,0,55,,12904,18,,,0,215,,12894,18,0,13,0,15,,12895,18,,,0,215,,12896,18,0,13,0,55,,12897,18,,,0,215,,12898,18,0,13,0,15,,12899,18,,,0,215,,12900,18,0,13,0,55,,12901,18,,,0
130003019,'1015',835,,14061,18,,,0,85,,14062,18,0,13,0,185,,14053,18,,,0,45,,14054,18,0,13,0,185,,14055,18,,,0,85,,14056,18,0,13,0,185,,14057,18,,,0,45,,14058,18,0,13,0,185,,14060,18,,,0
130003019,'1016',1150,,14063,18,0,13,0,85,,14064,18,,,0,185,,14065,18,0,13,0,85,,14066,18,,,0,145,,14067,18,0,13,0,85,,14068,18,,,0
130003019,'994',705,,12509,18,,,0,15,,12510,18,0,13,0,15,,12511,18,,,0,85,,12514,18,0,13,0,30,,12516,18,0,13,0,55,,12517,18,,,0,30,,12519,18,,,0,15,,12520,18,0,13,0,55,,12506,18,,,0,45,,12466,18,0,13,0,70,,12468,18,0,13,0,15,,12469,18,,,0,70,,12471,18,,,0,15,,12472,18,0,13,0,15,,12473,18,,,0,85,,12476,18,0,13,0,30,,12478,18,0,13,0,55,,12479,18,,,0,30,,12481,18,,,0,15,,12482,18,0,13,0,55,,12483,18,,,0,45,,12486,18,0,13,0,70,,12488,18,0,13,0,15,,12489,18,,,0,70,,12491,18,,,0,15,,12492,18,0,13,0,10,,12493,18,,,0,90,,12501,18,0,13,0,30,,12499,18,0,13,0,55,,12504,18,,,0
130003019,'995',1020,,12575,18,0,13,0,15,,12576,18,,,0,15,,12577,18,0,13,0,55,,12578,18,,,0,15,,12579,18,0,13,0,15,,12580,18,,,0,70,,12582,18,,,0,15,,12583,18,0,13,0,30,,12585,18,0,13,0,55,,12586,18,,,0,15,,12587,18,0,13,0,15,,12588,18,,,0,15,,12589,18,0,13,0,55,,12590,18,,,0,30,,12592,18,,,0,15,,12593,18,0,13,0,70,,12595,18,0,13,0,15,,12596,18,,,0,15,,12597,18,0,13,0,55,,12598,18,,,0,15,,12599,18,0,13,0,15,,12600,18,,,0,70,,12602,18,,,0,15,,12603,18,0,13,0,30,,12605,18,0,13,0,55,,12606,18,,,0,15,,12607,18,0,13,0,15,,12622,18,,,0,15,,12614,18,0,13,0
