5029,'1021',647,,10282,4,,,0,70,,10283,4,,,0,99,,10285,4,,,0,31,,10286,4,,,0,100,,10288,4,,,0,70,,10266,4,,,0,100,,10268,4,,,0,30,,10269,4,,,0,100,,10271,4,,,0,70,,10272,4,,,0,100,,10274,4,,,0,30,,10275,4,,,0,100,,10277,4,,,0,70,,10278,4,,,0,100,,10280,4,,,0,30,,10281,4,,,0,100,,10260,4,,,0,84,,10261,4,,,0,84,,10262,4,,,0,86,,10263,4,,,0,45,,10264,4,,,0,85,,10265,4,,,0,85,,10289,4,,,0
5029,'1024',857,,10290,4,,,0,80,,10291,4,,,0,80,,10292,4,,,0,85,,10293,4,,,0,45,,10294,4,,,0,85,,10295,4,,,0,85,,10296,4,,,0,85,,10297,4,,,0,45,,10298,4,,,0,85,,10299,4,,,0,85,,10300,4,,,0,85,,10301,4,,,0,45,,10302,4,,,0,85,,10303,4,,,0,85,,10304,4,,,0,85,,10305,4,,,0,45,,10306,4,,,0,85,,10307,4,,,0,85,,10308,4,,,0,85,,10309,4,,,0
5029,'1025',647,,14530,4,,,0,70,,14531,4,,,0,99,,14532,4,,,0,31,,14533,4,,,0,100,,14534,4,,,0,70,,14519,4,,,0,100,,14520,4,,,0,30,,14521,4,,,0,100,,14522,4,,,0,70,,14523,4,,,0,100,,14524,4,,,0,30,,14525,4,,,0,100,,14526,4,,,0,70,,14527,4,,,0,100,,14528,4,,,0,30,,14529,4,,,0,100,,14513,4,,,0,84,,14514,4,,,0,84,,14515,4,,,0,86,,14516,4,,,0,45,,14517,4,,,0,85,,14518,4,,,0,85,,14535,4,,,0
5029,'1026',627,,14536,4,,,0,80,,14537,4,,,0,40,,14538,4,,,0,80,,14539,4,,,0,80,,14540,4,,,0,40,,14541,4,,,0,70,,14542,4,,,0,30,,14543,4,,,0,70,,14544,4,,,0,30,,14545,4,,,0,70,,14546,4,,,0,30,,14547,4,,,0,70,,14548,4,,,0,30,,14549,4,,,0,70,,14550,4,,,0,30,,14551,4,,,0,70,,14552,4,,,0,30,,14553,4,,,0,70,,14554,4,,,0,30,,14555,4,,,0,70,,14556,4,,,0,30,,14557,4,,,0,70,,14558,4,,,0,30,,14559,4,,,0,84,,14560,4,,,0,84,,14561,4,,,0,86,,14562,4,,,0,45,,14563,4,,,0,85,,14565,4,,,0,85,,14564,4,,,0
5029,'1027',857,,14566,4,,,0,80,,14567,4,,,0,80,,14568,4,,,0,85,,14569,4,,,0,45,,14570,4,,,0,85,,14571,4,,,0,85,,14572,4,,,0,85,,14573,4,,,0,45,,14574,4,,,0,85,,14575,4,,,0,85,,14576,4,,,0,85,,14577,4,,,0,45,,14578,4,,,0,85,,14579,4,,,0,85,,14580,4,,,0,85,,14581,4,,,0,45,,14582,4,,,0,85,,14583,4,,,0,85,,14584,4,,,0,85,,14585,4,,,0
5029,'994',747,,10284,4,,,0,170,,10287,4,,,0,130,,10267,4,,,0,170,,10270,4,,,0,130,,10273,4,,,0,170,,10276,4,,,0,130,,10279,4,,,0,170,,10259,4,,,0
5029,'996',857,,14586,4,,,0,80,,14587,4,,,0,80,,14588,4,,,0,85,,14589,4,,,0,45,,14590,4,,,0,85,,14591,4,,,0,85,,14592,4,,,0,85,,14593,4,,,0,45,,14594,4,,,0,85,,14595,4,,,0,85,,14596,4,,,0,85,,14597,4,,,0,45,,14598,4,,,0,85,,14599,4,,,0,85,,14600,4,,,0,85,,14601,4,,,0,45,,14602,4,,,0,85,,14603,4,,,0,85,,14604,4,,,0,85,,14605,4,,,0
10029,'1021',710,,11091,4,,,0,30,,11092,4,,,0,70,,11093,4,,,0,130,,11096,4,,,0,70,,11067,4,,,0,30,,11068,4,,,0,170,,11071,4,,,0,30,,11072,4,,,0,70,,11073,4,,,0,130,,11076,4,,,0,70,,11077,4,,,0,30,,11078,4,,,0,170,,11081,4,,,0,30,,11082,4,,,0,69,,11083,4,,,0,135,,11087,4,,,0,85,,11088,4,,,0,85,,11086,4,,,0,45,,11084,4,,,0,85,,11085,4,0,9,0,84,,11098,4,0,7 8,0
10029,'1022',642,,13570,4,,,0,198,,11094,4,,,0,70,,13571,4,,,0,200,,11069,4,,,0,30,,13567,4,,,0,200,,11074,4,,,0,70,,13568,4,,,0,200,,11079,4,,,0,30,,13569,4,,,0,197,,11089,4,,,0,70,,13572,4,,,0
10029,'1024',830,,11099,4,,,0,80,,11100,4,,,0,40,,11101,4,,,0,80,,11102,4,,,0,83,,11103,4,,,0,90,,11104,4,,,0,44,,11105,4,,,0,85,,11106,4,,,0,85,,11107,4,,,0,85,,11108,4,,,0,45,,11109,4,,,0,85,,11110,4,,,0,85,,11111,4,,,0,85,,11112,4,,,0,45,,11113,4,,,0,85,,11114,4,,,0,85,,11115,4,,,0,85,,11116,4,,,0,45,,11117,4,,,0,85,,11118,4,0,7 8,0
10029,'1025',642,,14939,4,,,0,68,,14940,4,,,0,30,,14941,4,,,0,70,,14942,4,,,0,30,,14943,4,,,0,70,,14944,4,,,0,30,,14945,4,,,0,70,,14916,4,,,0,30,,14917,4,,,0,70,,14918,4,,,0,30,,14919,4,,,0,70,,14920,4,,,0,30,,14921,4,,,0,70,,14922,4,,,0,30,,14923,4,,,0,70,,14924,4,,,0,30,,14925,4,,,0,70,,14926,4,,,0,30,,14927,4,,,0,70,,14928,4,,,0,30,,14929,4,,,0,70,,14930,4,,,0,30,,14931,4,,,0,69,,14932,4,,,0,28,,14938,4,,,0,70,,14946,4,,,0,37,,14936,4,,,0,85,,14937,4,,,0,85,,14935,4,,,0,45,,14933,4,,,0,85,,14934,4,0,9,0,84,,14947,4,0,7 8,0
10029,'1026',642,,14948,4,,,0,80,,14949,4,,,0,80,,14950,4,,,0,40,,14951,4,,,0,80,,14952,4,,,0,82,,14953,4,,,0,33,,14954,4,,,0,70,,14955,4,,,0,30,,14956,4,,,0,70,,14957,4,,,0,30,,14958,4,,,0,70,,14959,4,,,0,30,,14960,4,,,0,70,,14961,4,,,0,31,,14962,4,,,0,70,,14963,4,,,0,30,,14964,4,,,0,70,,14965,4,,,0,30,,14966,4,,,0,70,,14967,4,,,0,30,,14968,4,,,0,70,,14969,4,,,0,30,,14970,4,,,0,70,,14971,4,,,0,37,,14972,4,,,0,85,,14973,4,,,0,85,,14974,4,,,0,85,,14975,4,,,0,45,,14976,4,0,9,0,85,,14977,4,0,7 8,0
10029,'1027',830,,14978,4,,,0,80,,14979,4,,,0,40,,14980,4,,,0,80,,14981,4,,,0,83,,14982,4,,,0,90,,14983,4,,,0,44,,14984,4,,,0,85,,14985,4,,,0,85,,14986,4,,,0,85,,14987,4,,,0,45,,14988,4,,,0,85,,14989,4,,,0,85,,14990,4,,,0,85,,14991,4,,,0,45,,14992,4,,,0,85,,14993,4,,,0,85,,14994,4,,,0,85,,14995,4,,,0,45,,14996,4,,,0,85,,14997,4,0,7 8,0
10029,'996',830,,14998,4,,,0,80,,14999,4,,,0,40,,15000,4,,,0,80,,15001,4,,,0,83,,15002,4,,,0,90,,15003,4,,,0,44,,15004,4,,,0,85,,15005,4,,,0,85,,15006,4,,,0,85,,15007,4,,,0,45,,15008,4,,,0,85,,15009,4,,,0,85,,15010,4,,,0,85,,15011,4,,,0,45,,15012,4,,,0,85,,15013,4,,,0,85,,15014,4,,,0,85,,15015,4,,,0,45,,15016,4,,,0,85,,15017,4,0,7 8,0
