1029,'990',623,,3494,26,,,0,30,,3495,26,,,0,70,,3496,26,,,0,30,,3497,26,,,0,70,,3498,26,,,0,30,,3499,26,,,0,70,,3500,26,,,0,30,,3501,26,,,0,70,,3502,26,,,0,30,,3503,26,,,0,70,,3504,26,,,0,30,,3505,26,,,0,70,,3506,26,,,0,30,,3507,26,,,0,70,,3508,26,,,0,30,,3509,26,,,0,70,,3510,26,,,0,30,,3511,26,,,0,70,,3512,26,,,0,30,,3513,26,,,0,70,,3514,26,,,0,30,,3515,26,,,0,70,,3516,26,,,0,30,,3517,26,,,0,70,,3518,26,,,0,30,,3519,26,,,0,70,,3527,26,,,0,16,,3520,26,,,0,85,,3521,26,,,0,85,,3523,26,,,0,45,,3524,25,,,0,84,,3525,25,,,0,85,,3522,25,,,0,85,,3526,25,,,0
1029,'991',638,,3528,26,,,0,80,,3529,26,,,0,40,,3530,26,,,0,80,,3531,26,,,0,80,,3532,26,,,0,40,,3533,26,,,0,60,,3535,26,,,0,30,,3534,26,,,0,71,,3537,26,,,0,30,,3536,26,,,0,70,,3539,26,,,0,30,,3538,26,,,0,70,,3541,26,,,0,30,,3540,26,,,0,70,,3543,26,,,0,30,,3542,26,,,0,70,,3545,26,,,0,30,,3544,26,,,0,70,,3547,26,,,0,30,,3546,26,,,0,70,,3549,26,,,0,30,,3548,26,,,0,70,,3558,26,,,0,30,,3550,26,,,0,70,,3559,26,,,0,21,,3551,26,,,0,84,,3553,25,,,0,85,,3552,25,,,0,45,,3554,25,,,0,85,,3556,25,,,0,85,,3555,25,,,0,85,,3557,25,,,0
1029,'992',828,,3560,26,,,0,80,,3561,26,,,0,20,,161,26,,,0,20,,3578,26,,,0,60,,163,26,,,0,20,,3562,26,,,0,20,,165,26,,,0,63,,3563,26,,,0,22,,160,26,,,0,23,,3564,26,,,0,63,,164,26,,,0,23,,3565,26,,,0,62,,162,26,,,0,23,,3566,26,,,0,22,,166,26,,,0,63,,3567,26,,,0,22,,167,26,,,0,23,,3568,26,,,0,62,,168,26,,,0,23,,3569,26,,,0,62,,169,26,,,0,23,,3570,26,,,0,22,,170,26,,,0,63,,3571,26,,,0,22,,171,26,,,0,23,,3572,26,,,0,62,,153,26,,,0,23,,3580,26,,,0,84,,3577,25,,,0,85,,3573,25,,,0,45,,3574,25,,,0,85,,3576,25,,,0,85,,3575,25,,,0,85,,3579,25,,,0
2019,'990',707,,359,23,,,0,34,,360,23,,,0,70,,361,23,,,0,30,,362,23,,,0,69,,363,23,,,0,31,,364,23,,,0,70,,365,23,,,0,30,,328,23,,,0,70,,329,23,,,0,30,,330,23,,,0,70,,331,23,,,0,30,,332,23,,,0,70,,333,23,,,0,30,,334,23,,,0,70,,335,23,,,0,30,,336,23,,,0,70,,337,23,,,0,30,,338,23,,,0,70,,339,23,,,0,30,,340,23,,,0,70,,341,23,,,0,30,,342,23,,,0,70,,343,23,,,0,30,,325,23,,,0,70,,326,23,,,0,30,,324,23,,,0,60,,3584,23,,,0,24,,327,23,,,0,21,,386,23,,,0,65,,314,23,,,0,20,,3585,23,,,0,24,,315,23,,,0,61,,379,23,,,0,25,,316,23,,,0,60,,3582,23,,,0,23,,374,23,,,0,86,,376,23,,,0,16,,378,23,,,0
2019,'991',632,,3586,23,,,0,80,,3587,23,,,0,40,,3588,23,,,0,80,,3589,23,,,0,80,,3590,23,,,0,42,,3591,23,,,0,85,,3592,23,,,0,70,,3593,23,,,0,30,,3594,23,,,0,70,,3595,23,,,0,30,,3596,23,,,0,70,,3597,23,,,0,30,,3598,23,,,0,70,,3599,23,,,0,30,,3600,23,,,0,70,,3601,23,,,0,30,,3602,23,,,0,70,,3603,23,,,0,30,,3604,23,,,0,70,,3605,23,,,0,30,,3606,23,,,0,70,,3607,23,,,0,30,,3608,23,,,0,70,,3609,23,,,0,30,,3610,23,,,0,84,,3611,23,,,0,83,,3612,23,,,0,45,,3613,23,,,0,85,,3614,23,,,0,85,,3645,23,,,0,85,,3644,23,,,0,15,,3648,23,,,0
2019,'992',906,,301,23,,,0,40,,311,23,,,0,80,,302,23,,,0,82,,293,23,,,0,40,,303,23,,,0,90,,294,23,,,0,85,,304,23,,,0,85,,295,23,,,0,45,,305,23,,,0,85,,296,23,,,0,85,,306,23,,,0,85,,300,23,,,0,45,,297,23,,,0,85,,310,23,,,0,85,,307,23,,,0,85,,308,23,,,0,45,,309,23,,,0,85,,298,23,,,0,85,,299,23,,,0,85,,312,23,,,0
11019,'990',627,,4544,19,,,0,30,,4545,19,,,0,70,,4546,19,,,0,30,,4547,19,,,0,70,,4548,19,,,0,30,,4549,19,,,0,70,,4550,19,,,0,30,,4551,19,,,0,70,,4528,19,,,0,30,,4529,19,,,0,70,,4530,19,,,0,30,,4531,19,,,0,70,,4532,19,,,0,30,,4533,19,,,0,70,,4534,19,,,0,30,,4535,19,,,0,70,,4536,19,,,0,30,,4537,19,,,0,70,,4538,19,,,0,30,,4539,19,,,0,70,,4540,19,,,0,30,,4541,19,,,0,70,,4542,19,,,0,30,,4543,19,,,0,70,,4553,19,,,0,30,,4552,19,,,0
11019,'991',1027,,4554,19,,,0,30,,4555,19,,,0,70,,4556,19,,,0,30,,4557,19,,,0,70,,4558,19,,,0,30,,4559,19,,,0,70,,4560,19,,,0,30,,4561,19,,,0,70,,4562,19,,,0,30,,4563,19,,,0,70,,4564,19,,,0,30,,4565,19,,,0,70,,4566,19,,,0,30,,4567,19,,,0,70,,4568,19,,,0,30,,4569,19,,,0,70,,4570,19,,,0,30,,4571,19,,,0
13029,'990',1938,,4734,23,,,0,85,,4729,23,,,0,85,,4730,23,,,0,44,,4732,23,,,0,83,,4731,23,,,0,85,,4733,23,,,0
13029,'991',634,,4735,23,,,0,80,,4736,23,,,0,40,,4737,23,,,0,80,,4738,23,,,0,81,,4739,23,,,0,40,,4740,23,,,0,982,,4741,23,,,0,85,,4742,23,,,0,85,,4743,23,,,0,46,,4744,23,,,0,85,,4745,23,,,0,85,,4746,23,,,0
13029,'992',907,,4747,23,,,0,40,,4748,23,,,0,80,,4749,23,,,0,80,,4750,23,,,0,46,,4751,23,,,0,85,,4752,23,,,0,85,,4753,23,,,0,85,,4754,23,,,0,45,,4755,23,,,0,85,,4756,23,,,0,85,,4757,23,,,0,85,,4758,23,,,0,45,,4759,23,,,0,85,,4760,23,,,0,85,,4761,23,,,0,83,,4762,23,,,0,44,,4763,23,,,0,85,,4764,23,,,0,85,,4765,23,,,0
130003029,'990',627,,6213,27,,,0,15,,6214,27,0,10 11,0,70,,6215,28,0,10 11,0,15,,6216,28,,,0,15,,6217,28,0,10 11,0,15,,6218,28,,,0,55,,6219,28,0,10 11,0,15,,6220,28,,,0,15,,6221,28,0,10 11,0,15,,6222,28,,,0,55,,6223,28,0,10 11,0,15,,6224,28,,,0,15,,6225,28,0,10 11,0,15,,6226,28,,,0,55,,6227,28,0,10 11,0,15,,6172,28,,,0,15,,6173,28,0,10 11,0,15,,6174,28,,,0,55,,6175,28,0,10 11,0,15,,6176,28,,,0,15,,6177,28,0,10 11,0,15,,6178,28,,,0,55,,6179,28,0,10 11,0,15,,6180,28,,,0,15,,6181,28,0,10 11,0,15,,6182,28,,,0,55,,6183,28,0,10 11,0,15,,6184,28,,,0,15,,6185,28,0,10 11,0,15,,6186,28,,,0,55,,6187,28,0,10 11,0,15,,6188,28,,,0,15,,6189,28,0,10 11,0,15,,6190,28,,,0,55,,6191,28,0,10 11,0,15,,6192,28,,,0,15,,6193,28,0,10 11,0,15,,6194,28,,,0,55,,6195,28,0,10 11,0,15,,6196,28,,,0,15,,6197,28,0,10 11,0,15,,6198,28,,,0,55,,6199,28,0,10 11,0,15,,6200,28,,,0,15,,6201,28,0,10 11,0,15,,6202,28,,,0,55,,6210,28,0,10 11,0,15,,6209,28,,,0,15,,6211,28,0,10 11,0,15,,6203,28,,,0,48,,6212,27,0,9,0,15,,6207,27,0,9,0,22,,6228,27,,,0,63,,6206,27,0,9,0,22,,6229,27,,,0,23,,6205,27,0,9,0,62,,6230,27,,,0,23,,6204,27,0,9,0,22,,6232,27,,,0,63,,6234,27,0,9,0,22,,6208,27,,,0,82,,6231,27,0,9,0,84,,6233,27,0,9,0,38,,6235,27,0,9,0
130003029,'991',617,,6236,27,0,9,0,20,,6237,27,,,0,20,,6238,27,0,9,0,60,,6239,27,,,0,20,,6240,27,0,9,0,20,,6241,27,,,0,60,,6242,27,0,9,0,20,,6243,27,,,0,20,,6244,27,0,9,0,60,,6245,27,,,0,20,,6246,27,0,9,0,20,,6247,27,,,0,70,,6248,28,,,0,15,,6249,28,0,10 11,0,15,,6250,28,,,0,55,,6251,28,0,10 11,0,15,,6252,28,,,0,15,,6253,28,0,10 11,0,15,,6254,28,,,0,55,,6255,28,0,10 11,0,15,,6256,28,,,0,15,,6257,28,0,10 11,0,15,,6258,28,,,0,55,,6259,28,0,10 11,0,15,,6260,28,,,0,15,,6261,28,0,10 11,0,15,,6262,28,,,0,55,,6263,28,0,10 11,0,15,,6264,28,,,0,15,,6265,28,0,10 11,0,15,,6266,28,,,0,55,,6267,28,0,10 11,0,15,,6268,28,,,0,15,,6269,28,0,10 11,0,15,,6270,28,,,0,55,,6271,28,0,10 11,0,15,,6272,28,,,0,15,,6273,28,0,10 11,0,15,,6274,28,,,0,55,,6275,28,0,10 11,0,15,,6276,28,,,0,15,,6277,28,0,10 11,0,15,,6294,28,,,0,55,,6295,28,0,10 11,0,15,,6289,28,,,0,15,,6290,28,0,10 11,0,15,,6292,28,,,0,48,,6293,27,0,9,0,15,,6291,27,0,9,0,22,,6296,27,,,0,63,,6283,27,0,9,0,22,,6278,27,,,0,23,,6284,27,0,9,0,62,,6279,27,,,0,23,,6285,27,0,9,0,22,,6280,27,,,0,63,,6286,27,0,9,0,22,,6281,27,,,0,82,,6282,27,0,9,0,85,,6287,27,0,9,0,38,,6288,27,0,9,0
130003029,'992',827,,6297,27,,,0,20,,6322,27,0,9,0,60,,6298,27,,,0,20,,6328,27,0,9,0,20,,6299,27,,,0,60,,6325,27,0,9,0,20,,6300,27,,,0,22,,6326,27,0,9,0,61,,6301,27,,,0,22,,6324,27,0,9,0,25,,6302,27,,,0,62,,6327,27,0,9,0,23,,6303,27,,,0,62,,6323,27,0,9,0,23,,6304,27,,,0,22,,6305,27,0,9,0,63,,6306,27,,,0,22,,6307,27,0,9,0,23,,6308,27,,,0,62,,6309,27,0,9,0,23,,6310,27,,,0,62,,6311,27,0,9,0,23,,6312,27,,,0,22,,6313,27,0,9,0,63,,6314,27,,,0,22,,6315,27,0,9,0,24,,6316,27,,,0,62,,6330,27,0,9,0,23,,6329,27,,,0,85,,6317,27,,,0,85,,6318,27,,,0,45,,6319,27,,,0,85,,6320,27,,,0,85,,6321,27,,,0,83,,6331,27,0,9,0
