11019,'979',626,,1534,17,,,0,30,,1535,17,,,0,70,,1536,17,,,0,30,,1537,17,,,0,70,,1538,17,,,0,30,,1539,17,,,0,70,,1540,17,,,0,30,,1541,17,,,0,70,,1518,17,,,0,30,,1519,17,,,0,70,,1520,17,,,0,30,,1521,17,,,0,70,,1522,17,,,0,30,,1523,17,,,0,70,,1524,17,,,0,30,,1525,17,,,0,70,,1526,17,,,0,30,,1527,17,,,0,70,,1528,17,,,0,30,,1529,17,,,0,70,,1530,17,,,0,30,,1531,17,,,0,70,,1532,17,,,0,30,,1533,17,,,0,70,,1543,17,,,0,30,,1542,17,,,0
11019,'985',626,,4544,17,,,0,30,,4545,17,,,0,70,,4546,17,,,0,30,,4547,17,,,0,70,,4548,17,,,0,30,,4549,17,,,0,70,,4550,17,,,0,30,,4551,17,,,0,70,,4528,17,,,0,30,,4529,17,,,0,70,,4530,17,,,0,30,,4531,17,,,0,70,,4532,17,,,0,30,,4533,17,,,0,70,,4534,17,,,0,30,,4535,17,,,0,70,,4536,17,,,0,30,,4537,17,,,0,70,,4538,17,,,0,30,,4539,17,,,0,70,,4540,17,,,0,30,,4541,17,,,0,70,,4542,17,,,0,30,,4543,17,,,0,70,,4553,17,,,0,30,,4552,17,,,0
11019,'986',1026,,4554,17,,,0,30,,4555,17,,,0,70,,4556,17,,,0,30,,4557,17,,,0,70,,4558,17,,,0,30,,4559,17,,,0,70,,4560,17,,,0,30,,4561,17,,,0,70,,4562,17,,,0,30,,4563,17,,,0,70,,4564,17,,,0,30,,4565,17,,,0,70,,4566,17,,,0,30,,4567,17,,,0,70,,4568,17,,,0,30,,4569,17,,,0,70,,4570,17,,,0,30,,4571,17,,,0
13029,'976',906,,4710,21,,,0,40,,4711,21,,,0,80,,4712,21,,,0,80,,4713,21,,,0,46,,4714,21,,,0,85,,4715,21,,,0,85,,4716,21,,,0,85,,4717,21,,,0,45,,4718,21,,,0,85,,4719,21,,,0,85,,4720,21,,,0,85,,4721,21,,,0,45,,4722,21,,,0,85,,4723,21,,,0,85,,4724,21,,,0,83,,4725,21,,,0,44,,4726,21,,,0,85,,4727,21,,,0,85,,4728,21,,,0
13029,'979',1937,,1736,21,,,0,85,,1731,21,,,0,85,,1732,21,,,0,44,,1734,21,,,0,83,,1733,21,,,0,85,,1735,21,,,0
13029,'983',906,,1712,21,,,0,40,,1713,21,,,0,80,,1714,21,,,0,80,,1715,21,,,0,46,,1716,21,,,0,85,,1717,21,,,0,85,,1718,21,,,0,85,,1719,21,,,0,45,,1720,21,,,0,85,,1721,21,,,0,85,,1722,21,,,0,85,,1723,21,,,0,45,,1724,21,,,0,85,,1725,21,,,0,85,,1726,21,,,0,83,,1727,21,,,0,44,,1728,21,,,0,85,,1729,21,,,0,85,,1730,21,,,0
13029,'985',1937,,4734,21,,,0,85,,4729,21,,,0,85,,4730,21,,,0,44,,4732,21,,,0,83,,4731,21,,,0,85,,4733,21,,,0
13029,'986',633,,4735,21,,,0,80,,4736,21,,,0,40,,4737,21,,,0,80,,4738,21,,,0,81,,4739,21,,,0,40,,4740,21,,,0,982,,4741,21,,,0,85,,4742,21,,,0,85,,4743,21,,,0,46,,4744,21,,,0,85,,4745,21,,,0,85,,4746,21,,,0
13029,'987',906,,4747,21,,,0,40,,4748,21,,,0,80,,4749,21,,,0,80,,4750,21,,,0,46,,4751,21,,,0,85,,4752,21,,,0,85,,4753,21,,,0,85,,4754,21,,,0,45,,4755,21,,,0,85,,4756,21,,,0,85,,4757,21,,,0,85,,4758,21,,,0,45,,4759,21,,,0,85,,4760,21,,,0,85,,4761,21,,,0,83,,4762,21,,,0,44,,4763,21,,,0,85,,4764,21,,,0,85,,4765,21,,,0
130003029,'976',826,,6137,25,,,0,20,,6162,25,0,9,0,60,,6138,25,,,0,20,,6168,25,0,9,0,20,,6139,25,,,0,60,,6165,25,0,9,0,20,,6140,25,,,0,22,,6166,25,0,9,0,61,,6141,25,,,0,22,,6164,25,0,9,0,25,,6142,25,,,0,62,,6167,25,0,9,0,23,,6143,25,,,0,62,,6163,25,0,9,0,23,,6144,25,,,0,22,,6145,25,0,9,0,63,,6146,25,,,0,22,,6147,25,0,9,0,23,,6148,25,,,0,62,,6149,25,0,9,0,23,,6150,25,,,0,62,,6151,25,0,9,0,23,,6152,25,,,0,22,,6153,25,0,9,0,63,,6154,25,,,0,22,,6155,25,0,9,0,24,,6156,25,,,0,62,,6170,25,0,9,0,23,,6169,25,,,0,85,,6157,25,,,0,85,,6158,25,,,0,45,,6159,25,,,0,85,,6160,25,,,0,85,,6161,25,,,0,83,,6171,25,0,9,0
130003029,'979',626,,3243,25,,,0,15,,3244,25,0,10 11,0,70,,3245,26,0,10 11,0,15,,3246,26,,,0,15,,3247,26,0,10 11,0,15,,3248,26,,,0,55,,3249,26,0,10 11,0,15,,3250,26,,,0,15,,3251,26,0,10 11,0,15,,3252,26,,,0,55,,3253,26,0,10 11,0,15,,3254,26,,,0,15,,3255,26,0,10 11,0,15,,3256,26,,,0,55,,3257,26,0,10 11,0,15,,3202,26,,,0,15,,3203,26,0,10 11,0,15,,3204,26,,,0,55,,3205,26,0,10 11,0,15,,3206,26,,,0,15,,3207,26,0,10 11,0,15,,3208,26,,,0,55,,3209,26,0,10 11,0,15,,3210,26,,,0,15,,3211,26,0,10 11,0,15,,3212,26,,,0,55,,3213,26,0,10 11,0,15,,3214,26,,,0,15,,3215,26,0,10 11,0,15,,3216,26,,,0,55,,3217,26,0,10 11,0,15,,3218,26,,,0,15,,3219,26,0,10 11,0,15,,3220,26,,,0,55,,3221,26,0,10 11,0,15,,3222,26,,,0,15,,3223,26,0,10 11,0,15,,3224,26,,,0,55,,3225,26,0,10 11,0,15,,3226,26,,,0,15,,3227,26,0,10 11,0,15,,3228,26,,,0,55,,3229,26,0,10 11,0,15,,3230,26,,,0,15,,3231,26,0,10 11,0,15,,3232,26,,,0,55,,3240,26,0,10 11,0,15,,3239,26,,,0,15,,3241,26,0,10 11,0,15,,3233,26,,,0,48,,3242,25,0,9,0,15,,3237,25,0,9,0,22,,3258,25,,,0,63,,3236,25,0,9,0,22,,3259,25,,,0,23,,3235,25,0,9,0,62,,3260,25,,,0,23,,3234,25,0,9,0,22,,3262,25,,,0,63,,3264,25,0,9,0,22,,3238,25,,,0,82,,3261,25,0,9,0,84,,3263,25,0,9,0,38,,3265,25,0,9,0
130003029,'983',826,,3167,25,,,0,20,,3192,25,0,9,0,60,,3168,25,,,0,20,,3198,25,0,9,0,20,,3169,25,,,0,60,,3195,25,0,9,0,20,,3170,25,,,0,22,,3196,25,0,9,0,61,,3171,25,,,0,22,,3194,25,0,9,0,25,,3172,25,,,0,62,,3197,25,0,9,0,23,,3173,25,,,0,62,,3193,25,0,9,0,23,,3174,25,,,0,22,,3175,25,0,9,0,63,,3176,25,,,0,22,,3177,25,0,9,0,23,,3178,25,,,0,62,,3179,25,0,9,0,23,,3180,25,,,0,62,,3181,25,0,9,0,23,,3182,25,,,0,22,,3183,25,0,9,0,63,,3184,25,,,0,22,,3185,25,0,9,0,24,,3186,25,,,0,62,,3200,25,0,9,0,23,,3199,25,,,0,85,,3187,25,,,0,85,,3188,25,,,0,45,,3189,25,,,0,85,,3190,25,,,0,85,,3191,25,,,0,83,,3201,25,0,9,0
130003029,'985',626,,6213,25,,,0,15,,6214,25,0,10 11,0,70,,6215,26,0,10 11,0,15,,6216,26,,,0,15,,6217,26,0,10 11,0,15,,6218,26,,,0,55,,6219,26,0,10 11,0,15,,6220,26,,,0,15,,6221,26,0,10 11,0,15,,6222,26,,,0,55,,6223,26,0,10 11,0,15,,6224,26,,,0,15,,6225,26,0,10 11,0,15,,6226,26,,,0,55,,6227,26,0,10 11,0,15,,6172,26,,,0,15,,6173,26,0,10 11,0,15,,6174,26,,,0,55,,6175,26,0,10 11,0,15,,6176,26,,,0,15,,6177,26,0,10 11,0,15,,6178,26,,,0,55,,6179,26,0,10 11,0,15,,6180,26,,,0,15,,6181,26,0,10 11,0,15,,6182,26,,,0,55,,6183,26,0,10 11,0,15,,6184,26,,,0,15,,6185,26,0,10 11,0,15,,6186,26,,,0,55,,6187,26,0,10 11,0,15,,6188,26,,,0,15,,6189,26,0,10 11,0,15,,6190,26,,,0,55,,6191,26,0,10 11,0,15,,6192,26,,,0,15,,6193,26,0,10 11,0,15,,6194,26,,,0,55,,6195,26,0,10 11,0,15,,6196,26,,,0,15,,6197,26,0,10 11,0,15,,6198,26,,,0,55,,6199,26,0,10 11,0,15,,6200,26,,,0,15,,6201,26,0,10 11,0,15,,6202,26,,,0,55,,6210,26,0,10 11,0,15,,6209,26,,,0,15,,6211,26,0,10 11,0,15,,6203,26,,,0,48,,6212,25,0,9,0,15,,6207,25,0,9,0,22,,6228,25,,,0,63,,6206,25,0,9,0,22,,6229,25,,,0,23,,6205,25,0,9,0,62,,6230,25,,,0,23,,6204,25,0,9,0,22,,6232,25,,,0,63,,6234,25,0,9,0,22,,6208,25,,,0,82,,6231,25,0,9,0,84,,6233,25,0,9,0,38,,6235,25,0,9,0
130003029,'986',616,,6236,25,0,9,0,20,,6237,25,,,0,20,,6238,25,0,9,0,60,,6239,25,,,0,20,,6240,25,0,9,0,20,,6241,25,,,0,60,,6242,25,0,9,0,20,,6243,25,,,0,20,,6244,25,0,9,0,60,,6245,25,,,0,20,,6246,25,0,9,0,20,,6247,25,,,0,70,,6248,26,,,0,15,,6249,26,0,10 11,0,15,,6250,26,,,0,55,,6251,26,0,10 11,0,15,,6252,26,,,0,15,,6253,26,0,10 11,0,15,,6254,26,,,0,55,,6255,26,0,10 11,0,15,,6256,26,,,0,15,,6257,26,0,10 11,0,15,,6258,26,,,0,55,,6259,26,0,10 11,0,15,,6260,26,,,0,15,,6261,26,0,10 11,0,15,,6262,26,,,0,55,,6263,26,0,10 11,0,15,,6264,26,,,0,15,,6265,26,0,10 11,0,15,,6266,26,,,0,55,,6267,26,0,10 11,0,15,,6268,26,,,0,15,,6269,26,0,10 11,0,15,,6270,26,,,0,55,,6271,26,0,10 11,0,15,,6272,26,,,0,15,,6273,26,0,10 11,0,15,,6274,26,,,0,55,,6275,26,0,10 11,0,15,,6276,26,,,0,15,,6277,26,0,10 11,0,15,,6294,26,,,0,55,,6295,26,0,10 11,0,15,,6289,26,,,0,15,,6290,26,0,10 11,0,15,,6292,26,,,0,48,,6293,25,0,9,0,15,,6291,25,0,9,0,22,,6296,25,,,0,63,,6283,25,0,9,0,22,,6278,25,,,0,23,,6284,25,0,9,0,62,,6279,25,,,0,23,,6285,25,0,9,0,22,,6280,25,,,0,63,,6286,25,0,9,0,22,,6281,25,,,0,82,,6282,25,0,9,0,85,,6287,25,0,9,0,38,,6288,25,0,9,0
130003029,'987',826,,6297,25,,,0,20,,6322,25,0,9,0,60,,6298,25,,,0,20,,6328,25,0,9,0,20,,6299,25,,,0,60,,6325,25,0,9,0,20,,6300,25,,,0,22,,6326,25,0,9,0,61,,6301,25,,,0,22,,6324,25,0,9,0,25,,6302,25,,,0,62,,6327,25,0,9,0,23,,6303,25,,,0,62,,6323,25,0,9,0,23,,6304,25,,,0,22,,6305,25,0,9,0,63,,6306,25,,,0,22,,6307,25,0,9,0,23,,6308,25,,,0,62,,6309,25,0,9,0,23,,6310,25,,,0,62,,6311,25,0,9,0,23,,6312,25,,,0,22,,6313,25,0,9,0,63,,6314,25,,,0,22,,6315,25,0,9,0,24,,6316,25,,,0,62,,6330,25,0,9,0,23,,6329,25,,,0,85,,6317,25,,,0,85,,6318,25,,,0,45,,6319,25,,,0,85,,6320,25,,,0,85,,6321,25,,,0,83,,6331,25,0,9,0
