15029,'1003',646,,11678,8,,,0,67,,11679,8,,,0,30,,11680,8,,,0,70,,11681,8,,,0,30,,11682,8,,,0,70,,11683,8,,,0,30,,11684,8,,,0,70,,11685,8,,,0,30,,11686,8,,,0,70,,11687,8,,,0,30,,11688,8,,,0,70,,11689,8,,,0,30,,11690,8,,,0,70,,11691,8,,,0,30,,11692,8,,,0,70,,11693,8,,,0,30,,11694,8,,,0,70,,11695,8,,,0,30,,11696,8,,,0,70,,11697,8,,,0,30,,11698,8,,,0,70,,11699,8,,,0,30,,11700,8,,,0,70,,11701,8,,,0,30,,11702,8,,,0,69,,11703,8,,,0,40,,11704,8,,,0,85,,11705,8,,,0,80,,11706,8,,,0,85,,11708,8,,,0,45,,11709,8,,,0,85,,11707,8,,,0
15029,'1004',835,,11710,8,,,0,80,,11711,8,,,0,40,,11712,8,,,0,83,,11713,8,,,0,83,,11714,8,,,0,85,,11715,8,,,0,45,,11716,8,,,0,85,,11717,8,,,0,85,,11718,8,,,0,85,,11719,8,,,0,45,,11720,8,,,0,85,,11721,8,,,0,85,,11722,8,,,0,85,,11723,8,,,0,41,,11724,8,,,0,85,,11725,8,,,0,85,,11726,8,,,0,85,,11727,8,,,0,45,,11728,8,,,0,85,,11729,8,,,0
15029,'995',645,,11730,8,,,0,80,,11732,8,,,0,80,,11733,8,,,0,40,,11731,8,,,0,84,,11734,8,,,0,80,,11735,8,,,0,35,,11737,8,,,0,70,,11738,8,,,0,30,,11739,8,,,0,70,,11740,8,,,0,30,,11741,8,,,0,70,,11742,8,,,0,30,,11743,8,,,0,70,,11744,8,,,0,30,,11745,8,,,0,70,,11746,8,,,0,30,,11747,8,,,0,70,,11748,8,,,0,30,,11749,8,,,0,70,,11750,8,,,0,30,,11751,8,,,0,70,,11752,8,,,0,30,,11753,8,,,0,70,,11754,8,,,0,37,,11755,8,,,0,85,,11756,8,,,0,81,,11757,8,,,0,85,,11758,8,,,0,45,,11759,8,,,0,85,,11736,8,,,0
15029,'996',835,,11760,8,,,0,80,,11761,8,,,0,40,,11762,8,,,0,83,,11763,8,,,0,83,,11764,8,,,0,85,,11765,8,,,0,45,,11766,8,,,0,85,,11767,8,,,0,85,,11768,8,,,0,85,,11769,8,,,0,45,,11770,8,,,0,85,,11771,8,,,0,85,,11772,8,,,0,85,,11773,8,,,0,41,,11774,8,,,0,85,,11775,8,,,0,85,,11776,8,,,0,85,,11777,8,,,0,45,,11778,8,,,0,85,,11779,8,,,0
130003029,'1003',622,,12700,16,,,0,80,,12702,17,0,10 11,0,15,,12703,17,,,0,15,,12704,17,0,10 11,0,15,,12705,17,,,0,55,,12706,17,0,10 11,0,15,,12707,17,,,0,15,,12708,17,0,10 11,0,15,,12709,17,,,0,85,,12712,17,0,10 11,0,15,,12713,17,,,0,55,,12714,17,0,10 11,0,15,,12659,17,,,0,15,,12660,17,0,10 11,0,15,,12661,17,,,0,55,,12662,17,0,10 11,0,15,,12663,17,,,0,85,,12666,17,0,10 11,0,15,,12667,17,,,0,15,,12668,17,0,10 11,0,15,,12669,17,,,0,55,,12670,17,0,10 11,0,15,,12671,17,,,0,15,,12672,17,0,10 11,0,15,,12673,17,,,0,85,,12676,17,0,10 11,0,15,,12677,17,,,0,55,,12678,17,0,10 11,0,15,,12679,17,,,0,15,,12680,17,0,10 11,0,15,,12681,17,,,0,55,,12682,17,0,10 11,0,15,,12683,17,,,0,85,,12686,17,0,10 11,0,15,,12687,17,,,0,15,,12688,17,0,10 11,0,15,,12689,17,,,0,58,,12697,17,0,10 11,0,15,,12696,17,,,0,15,,12698,17,0,10 11,0,15,,12690,17,,,0,85,,12715,16,,,0,85,,12716,16,,,0,85,,12717,16,,,0,45,,12719,16,,,0,85,,12695,16,,,0,82,,12718,16,0,9,0,83,,12720,16,0,9,0,39,,12722,16,0,9,0
130003029,'1004',820,,12723,16,,,0,20,,12748,16,0,9,0,60,,12724,16,,,0,20,,12754,16,0,9,0,20,,12725,16,,,0,60,,12751,16,0,9,0,20,,12726,16,,,0,22,,12752,16,0,9,0,61,,12727,16,,,0,22,,12750,16,0,9,0,23,,12728,16,,,0,62,,12753,16,0,9,0,23,,12729,16,,,0,22,,12749,16,0,9,0,63,,12730,16,,,0,22,,12731,16,0,9,0,63,,12732,16,,,0,22,,12733,16,0,9,0,23,,12734,16,,,0,62,,12735,16,0,9,0,23,,12736,16,,,0,22,,12737,16,0,9,0,63,,12738,16,,,0,22,,12739,16,0,9,0,63,,12740,16,,,0,22,,12741,16,0,9,0,26,,12742,16,,,0,62,,12756,16,0,9,0,23,,12755,16,,,0,85,,12743,16,,,0,85,,12744,16,,,0,45,,12745,16,,,0,85,,12746,16,,,0,85,,12747,16,,,0,84,,12757,16,0,9,0
130003029,'1006',637,,12701,16,0,10 11,0,265,,12710,17,0,10 11,0,15,,12711,17,,,0,215,,12664,17,0,10 11,0,15,,12665,17,,,0,255,,12674,17,0,10 11,0,15,,12675,17,,,0,215,,12684,17,0,10 11,0,15,,12685,17,,,0,211,,12699,16,0,9,0,55,,12694,16,0,9,0,45,,12693,16,0,9,0,85,,12692,16,0,9,0,85,,12691,16,0,9,0,85,,12721,16,0,9,0
130003029,'1007',637,,12919,16,0,10 11,0,265,,12920,17,0,10 11,0,15,,12921,17,,,0,215,,12908,17,0,10 11,0,15,,12909,17,,,0,255,,12910,17,0,10 11,0,15,,12911,17,,,0,215,,12912,17,0,10 11,0,15,,12913,17,,,0,211,,12918,16,0,9,0,55,,12917,16,0,9,0,45,,12916,16,0,9,0,85,,12915,16,0,9,0,85,,12914,16,0,9,0,85,,12922,16,0,9,0
130003029,'995',612,,12758,16,0,9,0,20,,12759,16,,,0,20,,12760,16,0,9,0,60,,12761,16,,,0,20,,12762,16,0,9,0,20,,12763,16,,,0,60,,12764,16,0,9,0,20,,12765,16,,,0,20,,12766,16,0,9,0,60,,12767,16,,,0,20,,12768,16,0,9,0,20,,12769,16,,,0,68,,12770,17,,,0,15,,12771,17,0,10 11,0,15,,12772,17,,,0,55,,12773,17,0,10 11,0,15,,12774,17,,,0,15,,12775,17,0,10 11,0,15,,12776,17,,,0,55,,12777,17,0,10 11,0,15,,12778,17,,,0,15,,12779,17,0,10 11,0,15,,12780,17,,,0,55,,12781,17,0,10 11,0,15,,12782,17,,,0,15,,12783,17,0,10 11,0,15,,12784,17,,,0,55,,12785,17,0,10 11,0,15,,12786,17,,,0,15,,12787,17,0,10 11,0,15,,12788,17,,,0,55,,12789,17,0,10 11,0,15,,12790,17,,,0,15,,12791,17,0,10 11,0,15,,12792,17,,,0,55,,12793,17,0,10 11,0,15,,12794,17,,,0,15,,12795,17,0,10 11,0,15,,12796,17,,,0,55,,12797,17,0,10 11,0,15,,12798,17,,,0,15,,12799,17,0,10 11,0,15,,12816,17,,,0,55,,12817,17,0,10 11,0,15,,12811,17,,,0,15,,12812,17,0,10 11,0,15,,12814,17,,,0,8,,12815,16,0,9,0,55,,12813,16,0,9,0,22,,12818,16,,,0,23,,12805,16,0,9,0,62,,12800,16,,,0,23,,12806,16,0,9,0,62,,12801,16,,,0,23,,12807,16,0,9,0,22,,12802,16,,,0,63,,12808,16,0,9,0,22,,12803,16,,,0,82,,12804,16,0,9,0,83,,12809,16,0,9,0,39,,12810,16,0,9,0
130003029,'996',820,,12819,16,,,0,20,,12844,16,0,9,0,60,,12820,16,,,0,20,,12850,16,0,9,0,20,,12821,16,,,0,60,,12847,16,0,9,0,20,,12822,16,,,0,22,,12848,16,0,9,0,61,,12823,16,,,0,22,,12846,16,0,9,0,23,,12824,16,,,0,62,,12849,16,0,9,0,23,,12825,16,,,0,22,,12845,16,0,9,0,63,,12826,16,,,0,22,,12827,16,0,9,0,63,,12828,16,,,0,22,,12829,16,0,9,0,23,,12830,16,,,0,62,,12831,16,0,9,0,23,,12832,16,,,0,22,,12833,16,0,9,0,63,,12834,16,,,0,22,,12835,16,0,9,0,63,,12836,16,,,0,22,,12837,16,0,9,0,26,,12838,16,,,0,62,,12852,16,0,9,0,23,,12851,16,,,0,85,,12839,16,,,0,85,,12840,16,,,0,45,,12841,16,,,0,85,,12842,16,,,0,85,,12843,16,,,0,84,,12853,16,0,9,0
