4019,'1010',717,,6813,66,,,0,128,,6814,53,,,0,168,,6815,53,,,0,214,,6818,71,,,0,128,,6819,53,,,0,271,,6816,53,,,0,128,,6817,53,,,0
4019,'1015',717,,13115,66,,,0,128,,13116,53,,,0,168,,13117,53,,,0,214,,13120,71,,,0,128,,13121,53,,,0,271,,13118,53,,,0,128,,13119,53,,,0
14019,'1010',731,,11394,2,0,10 11,0,270,,11399,2,0,10 11,0,232,,11373,2,0,10 11,0,270,,11378,2,0,10 11,0,230,,11383,2,0,10 11,0,220,,11388,2,,,0,85,,11389,2,,,0,85,,11387,2,,,0,85,,11390,2,,,0,45,,11386,2,,,0,85,,11401,2,,,0
14019,'1011',831,,11396,2,0,10 11,0,270,,11370,2,0,10 11,0,232,,11375,2,0,10 11,0,270,,11380,2,0,10 11,0,228,,11385,2,0,10 11,0
14019,'1012',831,,12868,2,0,10 11,0,270,,12864,2,0,10 11,0,232,,12865,2,0,10 11,0,270,,12866,2,0,10 11,0,228,,12867,2,0,9,0
14019,'1014',838,,11402,2,,,0,80,,11403,2,,,0,40,,11404,2,,,0,80,,11405,2,,,0,84,,11406,2,,,0,88,,11407,2,,,0,45,,11408,2,,,0,85,,11409,2,,,0,85,,11410,2,,,0,85,,11411,2,,,0,45,,11412,2,,,0,85,,11413,2,,,0,85,,11414,2,,,0,85,,11415,2,,,0,45,,11416,2,,,0,82,,11417,2,,,0,85,,11418,2,,,0,85,,11419,2,,,0,45,,11420,2,,,0,85,,11421,2,,,0
14019,'1015',731,,13587,2,0,10 11,0,270,,13588,2,0,10 11,0,232,,13579,2,0,10 11,0,270,,13580,2,0,10 11,0,230,,13581,2,0,10 11,0,220,,13584,2,,,0,85,,13585,2,,,0,85,,13583,2,,,0,85,,13586,2,,,0,45,,13582,2,,,0,85,,13589,2,,,0
14019,'1016',650,,13590,2,,,0,80,,13591,2,,,0,80,,13592,2,,,0,40,,13593,2,,,0,80,,13594,2,,,0,80,,13595,2,,,0,221,,13596,2,0,10 11,0,272,,13597,2,0,10 11,0,230,,13598,2,0,10 11,0,220,,13599,2,,,0,85,,13600,2,,,0,85,,13601,2,,,0,85,,13602,2,,,0,45,,13604,2,,,0,85,,13603,2,,,0
14019,'1017',838,,13605,2,,,0,80,,13606,2,,,0,40,,13607,2,,,0,80,,13608,2,,,0,84,,13609,2,,,0,88,,13610,2,,,0,45,,13611,2,,,0,85,,13612,2,,,0,85,,13613,2,,,0,85,,13614,2,,,0,45,,13615,2,,,0,85,,13616,2,,,0,85,,13617,2,,,0,85,,13618,2,,,0,45,,13619,2,,,0,82,,13620,2,,,0,85,,13621,2,,,0,85,,13622,2,,,0,45,,13623,2,,,0,85,,13624,2,,,0
14019,'1018',838,,13625,2,,,0,80,,13626,2,,,0,40,,13627,2,,,0,80,,13628,2,,,0,84,,13629,2,,,0,88,,13630,2,,,0,45,,13631,2,,,0,85,,13632,2,,,0,85,,13633,2,,,0,85,,13634,2,,,0,45,,13635,2,,,0,85,,13636,2,,,0,85,,13637,2,,,0,85,,13638,2,,,0,45,,13639,2,,,0,82,,13640,2,,,0,85,,13641,2,,,0,85,,13642,2,,,0,45,,13643,2,,,0,85,,13644,2,,,0
14019,'994',637,,11392,2,0,10 11,0,64,,11393,2,0,10 11,0,100,,11395,2,0,10 11,0,100,,11397,2,0,10 11,0,30,,11398,2,0,10 11,0,100,,11369,2,0,10 11,0,100,,11371,2,0,10 11,0,70,,11372,2,0,10 11,0,102,,11374,2,0,10 11,0,100,,11376,2,0,10 11,0,30,,11377,2,0,10 11,0,100,,11379,2,0,10 11,0,100,,11381,2,0,10 11,0,70,,11382,2,0,10 11,0,100,,11384,2,0,10 11,0,98,,11391,2,,,0,30,,11400,2,,,0
14019,'995',1030,,11428,2,0,10 11,0,71,,11429,2,0,10 11,0,30,,11430,2,0,10 11,0,70,,11431,2,0,10 11,0,100,,11433,2,0,10 11,0,30,,11434,2,0,10 11,0,70,,11435,2,0,10 11,0,32,,11436,2,0,10 11,0,100,,11438,2,0,10 11,0,70,,11439,2,0,10 11,0,30,,11440,2,0,10 11,0,70,,11441,2,0,10 11,0,100,,11443,2,0,10 11,0,28,,11444,2,0,9,0,70,,11445,2,,,0,30,,11452,2,,,0
