4019,'1010',645,,6813,17,,,0,160,,6814,3,,,0,128,,6815,3,,,0,214,,6818,21,,,0,168,,6819,3,,,0,231,,6816,3,,,0,168,,6817,3,,,0
4019,'1015',645,,13115,17,,,0,160,,13116,3,,,0,128,,13117,3,,,0,214,,13120,21,,,0,168,,13121,3,,,0,231,,13118,3,,,0,168,,13119,3,,,0
6019,'1010',725,,7024,3,,,0,127,,7025,3,,,0,382,,7028,3,,,0,168,,7026,3,,,0,103,,7030,3,,,0,128,,7029,3,,,0,168,,7027,3,,,0
6019,'1015',725,,13183,3,,,0,127,,13184,3,,,0,382,,13187,3,,,0,168,,13185,3,,,0,103,,13189,3,,,0,128,,13188,3,,,0,168,,13186,3,,,0
18029,'1004',821,,12103,21,,,0,80,,12104,21,,,0,40,,12105,21,,,0,80,,12106,21,,,0,83,,12107,21,,,0,47,,12108,21,,,0,85,,12109,21,,,0,85,,12110,21,,,0,85,,12111,21,,,0,45,,12112,21,,,0,85,,12113,21,,,0,85,,12114,21,,,0,85,,12115,21,,,0,45,,12116,21,,,0,85,,12117,21,,,0,85,,12118,21,,,0,85,,12119,21,,,0,45,,12120,21,,,0,85,,12121,21,,,0,85,,12122,21,,,0,83,,12123,21,,,0
18029,'1010',2019,,12097,21,,,0,85,,12099,21,,,0,130,,12101,21,,,0,85,,12100,21,,,0
18029,'1015',2019,,13986,21,,,0,85,,13987,21,,,0,130,,13989,21,,,0,85,,13988,21,,,0
18029,'1016',632,,13990,21,,,0,80,,13991,21,,,0,40,,13992,21,,,0,80,,13993,21,,,0,80,,13994,21,,,0,40,,13995,21,,,0,80,,13996,21,,,0,80,,13997,21,,,0,45,,13998,21,,,0,85,,13999,21,,,0,85,,14000,21,,,0,86,,14001,21,,,0,45,,14002,21,,,0,85,,14003,21,,,0,85,,14005,21,,,0,85,,14006,21,,,0,45,,14004,21,,,0,85,,14007,21,,,0,91,,14009,21,,,0,85,,14008,21,,,0,85,,14010,21,,,0,45,,14012,21,,,0,85,,14011,21,,,0,85,,14013,21,,,0,82,,14014,21,,,0
18029,'994',642,,12079,21,,,0,85,,12080,21,,,0,85,,12081,21,,,0,45,,12082,21,,,0,85,,12083,21,,,0,85,,12084,21,,,0,85,,12085,21,,,0,45,,12086,21,,,0,85,,12087,21,,,0,85,,12088,21,,,0,86,,12089,21,,,0,45,,12090,21,,,0,85,,12091,21,,,0,85,,12092,21,,,0,85,,12093,21,,,0,45,,12094,21,,,0,84,,12095,21,,,0,92,,12096,21,,,0,215,,12098,21,,,0,252,,12102,21,,,0
18029,'996',821,,12149,21,,,0,80,,12150,21,,,0,40,,12151,21,,,0,80,,12152,21,,,0,83,,12153,21,,,0,47,,12154,21,,,0,85,,12155,21,,,0,85,,12156,21,,,0,85,,12157,21,,,0,45,,12158,21,,,0,85,,12159,21,,,0,85,,12160,21,,,0,85,,12161,21,,,0,45,,12162,21,,,0,85,,12163,21,,,0,85,,12164,21,,,0,85,,12165,21,,,0,45,,12166,21,,,0,85,,12167,21,,,0,85,,12168,21,,,0,83,,12169,21,,,0
