2019,'976',854,,478,9,,,0,80,,488,9,,,0,80,,479,9,,,0,40,,470,9,,,0,80,,480,9,,,0,90,,471,9,,,0,85,,481,9,,,0,45,,472,9,,,0,85,,482,9,,,0,85,,473,9,,,0,85,,483,9,,,0,45,,477,9,,,0,85,,474,9,,,0,85,,487,9,,,0,85,,484,9,,,0,45,,485,9,,,0,85,,486,9,,,0,85,,475,9,,,0,85,,476,9,,,0,45,,489,9,,,0
2019,'979',1945,,385,9,,,0,170,,387,9,,,0,130,,381,9,,,0
2019,'980',655,,359,9,,,0,70,,360,9,,,0,30,,361,9,,,0,70,,362,9,,,0,29,,363,9,,,0,71,,364,9,,,0,30,,365,9,,,0,70,,328,9,,,0,30,,329,9,,,0,70,,330,9,,,0,30,,331,9,,,0,70,,332,9,,,0,30,,333,9,,,0,70,,334,9,,,0,30,,335,9,,,0,70,,336,9,,,0,30,,337,9,,,0,70,,338,9,,,0,30,,339,9,,,0,70,,340,9,,,0,30,,341,9,,,0,70,,342,9,,,0,30,,343,9,,,0,70,,325,9,,,0,30,,326,9,,,0,70,,324,9,,,0,84,,327,9,,,0,21,,386,9,,,0,25,,314,9,,,0,84,,315,9,,,0,61,,379,9,,,0,25,,316,9,,,0,83,,374,9,,,0,46,,376,9,,,0,56,,378,9,,,0
2019,'984',854,,301,9,,,0,80,,311,9,,,0,80,,302,9,,,0,40,,293,9,,,0,80,,303,9,,,0,90,,294,9,,,0,85,,304,9,,,0,45,,295,9,,,0,85,,305,9,,,0,85,,296,9,,,0,85,,306,9,,,0,45,,300,9,,,0,85,,297,9,,,0,85,,310,9,,,0,85,,307,9,,,0,45,,308,9,,,0,85,,309,9,,,0,85,,298,9,,,0,85,,299,9,,,0,45,,312,9,,,0
2019,'985',1945,,3584,9,,,0,170,,3585,9,,,0,130,,3582,9,,,0
2019,'986',618,,3586,9,,,0,40,,3587,9,,,0,80,,3588,9,,,0,80,,3589,9,,,0,40,,3590,9,,,0,81,,3591,9,,,0,85,,3592,9,,,0,30,,3593,9,,,0,70,,3594,9,,,0,30,,3595,9,,,0,70,,3596,9,,,0,30,,3597,9,,,0,70,,3598,9,,,0,30,,3599,9,,,0,70,,3600,9,,,0,30,,3601,9,,,0,70,,3602,9,,,0,30,,3603,9,,,0,70,,3604,9,,,0,30,,3605,9,,,0,70,,3606,9,,,0,30,,3607,9,,,0,70,,3608,9,,,0,30,,3609,9,,,0,70,,3610,9,,,0,84,,3611,9,,,0,44,,3612,9,,,0,85,,3613,9,,,0,85,,3614,9,,,0,85,,3645,9,,,0,45,,3644,9,,,0,55,,3648,9,,,0
9019,'976',847,,4136,23,,,0,80,,4120,23,,,0,80,,4121,23,,,0,42,,4122,23,,,0,85,,4123,23,,,0,85,,4124,23,,,0,85,,4125,23,,,0,45,,4126,23,,,0,85,,4127,23,,,0,85,,4128,23,,,0,85,,4129,23,,,0,45,,4130,23,,,0,85,,4131,23,,,0,85,,4135,23,,,0,85,,4137,23,,,0,45,,4138,23,,,0,85,,4132,23,,,0,85,,4133,23,,,0,85,,4134,23,,,0
9019,'979',638,,1152,23,,,0,65,,1153,23,,,0,34,,1154,23,,,0,70,,1155,23,,,0,30,,1156,23,,,0,70,,1157,23,,,0,30,,1158,23,,,0,70,,1151,23,,,0,30,,1135,23,,,0,70,,1136,23,,,0,30,,1137,23,,,0,70,,1138,23,,,0,30,,1139,23,,,0,70,,1140,23,,,0,30,,1141,23,,,0,70,,1142,23,,,0,30,,1143,23,,,0,70,,1144,23,,,0,30,,1145,23,,,0,70,,1146,23,,,0,30,,1147,23,,,0,70,,1148,23,,,0,30,,1149,23,,,0,70,,1150,23,,,0,30,,1132,23,,,0,81,,1133,23,,,0,85,,1129,23,,,0,45,,1130,23,,,0,85,,1131,23,,,0,85,,1134,23,,,0,85,,1159,23,,,0,45,,1160,23,,,0
9019,'983',847,,1126,23,,,0,80,,1110,23,,,0,80,,1111,23,,,0,42,,1112,23,,,0,85,,1113,23,,,0,85,,1114,23,,,0,85,,1115,23,,,0,45,,1116,23,,,0,85,,1117,23,,,0,85,,1118,23,,,0,85,,1119,23,,,0,45,,1120,23,,,0,85,,1121,23,,,0,85,,1125,23,,,0,85,,1127,23,,,0,45,,1128,23,,,0,85,,1122,23,,,0,85,,1123,23,,,0,85,,1124,23,,,0
9019,'985',638,,4162,23,,,0,65,,4163,23,,,0,34,,4164,23,,,0,70,,4165,23,,,0,30,,4166,23,,,0,70,,4167,23,,,0,30,,4168,23,,,0,70,,4161,23,,,0,30,,4145,23,,,0,70,,4146,23,,,0,30,,4147,23,,,0,70,,4148,23,,,0,30,,4149,23,,,0,70,,4150,23,,,0,30,,4151,23,,,0,70,,4152,23,,,0,30,,4153,23,,,0,70,,4154,23,,,0,30,,4155,23,,,0,70,,4156,23,,,0,30,,4157,23,,,0,70,,4158,23,,,0,30,,4159,23,,,0,70,,4160,23,,,0,30,,4142,23,,,0,81,,4143,23,,,0,85,,4139,23,,,0,45,,4140,23,,,0,85,,4141,23,,,0,85,,4144,23,,,0,85,,4169,23,,,0,45,,4170,23,,,0
9019,'986',617,,4171,23,,,0,40,,4172,23,,,0,80,,4173,23,,,0,80,,4174,23,,,0,40,,4175,23,,,0,80,,4176,23,,,0,69,,4177,23,,,0,30,,4178,23,,,0,70,,4179,23,,,0,30,,4180,23,,,0,70,,4181,23,,,0,30,,4182,23,,,0,70,,4183,23,,,0,30,,4184,23,,,0,70,,4185,23,,,0,30,,4186,23,,,0,70,,4187,23,,,0,30,,4188,23,,,0,70,,4189,23,,,0,30,,4190,23,,,0,70,,4191,23,,,0,30,,4192,23,,,0,70,,4193,23,,,0,30,,4194,23,,,0,81,,4196,23,,,0,85,,4195,23,,,0,45,,4197,23,,,0,85,,4200,23,,,0,85,,4199,23,,,0,85,,4201,23,,,0,45,,4198,23,,,0
9019,'987',847,,4218,23,,,0,80,,4202,23,,,0,80,,4203,23,,,0,42,,4204,23,,,0,85,,4205,23,,,0,85,,4206,23,,,0,85,,4207,23,,,0,45,,4208,23,,,0,85,,4209,23,,,0,85,,4210,23,,,0,85,,4211,23,,,0,45,,4212,23,,,0,85,,4213,23,,,0,85,,4217,23,,,0,85,,4219,23,,,0,45,,4220,23,,,0,85,,4214,23,,,0,85,,4215,23,,,0,85,,4216,23,,,0
