1019,'1017',758,,9709,16,,,0,80,,9710,16,,,0,20,,9730,16,,,0,60,,9711,16,,,0,20,,9712,16,,,0,20,,9732,16,,,0,60,,9713,16,,,0,20,,9734,16,,,0,64,,9714,16,,,0,22,,9736,16,,,0,23,,9715,16,,,0,62,,9731,16,,,0,23,,9716,16,,,0,22,,9733,16,,,0,63,,9717,16,,,0,22,,9735,16,,,0,63,,9718,16,,,0,22,,9737,16,,,0,23,,9719,16,,,0,62,,9738,16,,,0,23,,9720,16,,,0,22,,9739,16,,,0,63,,9721,16,,,0,22,,9740,16,,,0,63,,9722,16,,,0,22,,9741,16,,,0,23,,9742,16,,,0,62,,9723,16,,,0,22,,9743,16,,,0,22,,9724,16,,,0,85,,9726,16,,,0,85,,9725,16,,,0,85,,9727,16,,,0,45,,9729,16,,,0,85,,9728,16,,,0,83,,9744,16,,,0
1019,'1022',610,,12923,16,,,0,30,,12924,16,,,0,70,,12925,16,,,0,30,,12926,16,,,0,70,,12927,16,,,0,30,,12928,16,,,0,70,,12929,16,,,0,30,,12930,16,,,0,70,,12931,16,,,0,30,,12932,16,,,0,70,,12933,16,,,0,30,,12934,16,,,0,70,,12935,16,,,0,30,,12936,16,,,0,70,,12937,16,,,0,30,,12938,16,,,0,70,,12939,16,,,0,30,,12940,16,,,0,70,,12941,16,,,0,30,,12942,16,,,0,70,,12943,16,,,0,30,,12944,16,,,0,70,,12945,16,,,0,30,,12946,16,,,0,70,,12947,16,,,0,30,,12948,16,,,0,68,,12954,16,,,0,45,,12950,16,,,0,85,,12949,16,,,0,170,,12951,16,,,0,45,,12952,16,,,0,163,,12953,16,,,0
1019,'1025',610,,14092,16,,,0,30,,14093,16,,,0,70,,14094,16,,,0,30,,14095,16,,,0,70,,14096,16,,,0,30,,14097,16,,,0,70,,14098,16,,,0,30,,14099,16,,,0,70,,14100,16,,,0,30,,14101,16,,,0,70,,14102,16,,,0,30,,14103,16,,,0,70,,14104,16,,,0,30,,14105,16,,,0,70,,14106,16,,,0,30,,14107,16,,,0,70,,14108,16,,,0,30,,14109,16,,,0,70,,14110,16,,,0,30,,14111,16,,,0,70,,14112,16,,,0,30,,14113,16,,,0,70,,14114,16,,,0,30,,14115,16,,,0,70,,14116,16,,,0,30,,14117,16,,,0,68,,14123,16,,,0,45,,14119,16,,,0,85,,14118,16,,,0,170,,14120,16,,,0,45,,14121,16,,,0,163,,14122,16,,,0
1019,'1026',608,,14124,16,,,0,40,,14125,16,,,0,80,,14126,16,,,0,80,,14127,16,,,0,40,,14128,16,,,0,80,,14129,16,,,0,20,,14156,16,,,0,60,,14154,16,,,0,32,,14134,16,,,0,70,,14133,16,,,0,30,,14136,16,,,0,70,,14135,16,,,0,30,,14138,16,,,0,70,,14137,16,,,0,30,,14140,16,,,0,70,,14139,16,,,0,30,,14142,16,,,0,70,,14141,16,,,0,30,,14144,16,,,0,70,,14143,16,,,0,30,,14146,16,,,0,70,,14145,16,,,0,30,,14132,16,,,0,70,,14147,16,,,0,30,,14155,16,,,0,68,,14149,16,,,0,45,,14148,16,,,0,85,,14150,16,,,0,85,,14152,16,,,0,85,,14151,16,,,0,44,,14130,16,,,0,85,,14153,16,,,0,80,,14131,16,,,0
1019,'994',2123,,9704,16,,,0,215,,9700,16,,,0
1019,'996',758,,9778,16,,,0,80,,9779,16,,,0,20,,9799,16,,,0,60,,9780,16,,,0,20,,9781,16,,,0,20,,9801,16,,,0,60,,9782,16,,,0,20,,9803,16,,,0,64,,9783,16,,,0,22,,9805,16,,,0,23,,9784,16,,,0,62,,9800,16,,,0,23,,9785,16,,,0,22,,9802,16,,,0,63,,9786,16,,,0,22,,9804,16,,,0,63,,9787,16,,,0,22,,9806,16,,,0,23,,9788,16,,,0,62,,9807,16,,,0,23,,9789,16,,,0,22,,9808,16,,,0,63,,9790,16,,,0,22,,9809,16,,,0,63,,9791,16,,,0,22,,9810,16,,,0,23,,9811,16,,,0,62,,9792,16,,,0,22,,9812,16,,,0,22,,9793,16,,,0,85,,9795,16,,,0,85,,9794,16,,,0,85,,9796,16,,,0,45,,9798,16,,,0,85,,9797,16,,,0,83,,9813,16,,,0
8019,'1022',651,,13234,49,0,6,0,75,,13235,49,0,6,0,25,,13236,49,0,6,0,70,,13237,49,0,6,0,30,,13238,49,0,6,0,70,,13239,49,0,6,0,30,,13240,49,0,6,0,70,,13241,49,0,6,0,30,,13190,49,0,6,0,70,,13191,49,0,6,0,30,,13192,49,0,6,0,70,,13193,49,0,6,0,34,,13194,49,0,6,0,70,,13195,49,0,6,0,30,,13196,49,0,6,0,70,,13197,49,0,6,0,30,,13198,49,0,6,0,70,,13199,49,0,6,0,30,,13200,49,0,6,0,70,,13201,49,0,6,0,30,,13202,49,0,6,0,70,,13203,49,0,6,0,30,,13204,49,0,6,0,70,,13205,49,0,6,0,27,,13228,49,0,6,0,70,,13223,49,0,6,0
8019,'1024',1007,,13328,49,0,6,0,40,,13312,49,0,6,0,83,,13313,49,0,6,0,86,,13330,49,0,6,0,85,,13314,49,0,6,0,45,,13331,49,0,6,0,85,,13315,49,0,6,0,85,,13332,49,0,6,0,85,,13316,49,0,6,0,45,,13333,49,0,6,0,83,,13317,49,0,6,0
8019,'1025',651,,14657,49,0,6,0,75,,14658,49,0,6,0,25,,14659,49,0,6,0,70,,14660,49,0,6,0,30,,14661,49,0,6,0,70,,14662,49,0,6,0,30,,14663,49,0,6,0,70,,14664,49,0,6,0,30,,14613,49,0,6,0,70,,14614,49,0,6,0,30,,14615,49,0,6,0,70,,14616,49,0,6,0,34,,14617,49,0,6,0,70,,14618,49,0,6,0,30,,14619,49,0,6,0,70,,14620,49,0,6,0,30,,14621,49,0,6,0,70,,14622,49,0,6,0,30,,14623,49,0,6,0,70,,14624,49,0,6,0,30,,14625,49,0,6,0,70,,14626,49,0,6,0,30,,14627,49,0,6,0,70,,14628,49,0,6,0,27,,14651,49,0,6,0,70,,14646,49,0,6,0
8019,'1026',937,,14689,49,0,6,0,80,,14690,49,0,6,0,35,,14691,49,0,6,0,70,,14692,49,0,6,0,30,,14693,49,0,6,0,70,,14694,49,0,6,0,30,,14695,49,0,6,0,73,,14696,49,0,6,0,30,,14697,49,0,6,0,70,,14698,49,0,6,0,30,,14699,49,0,6,0,70,,14700,49,0,6,0,30,,14701,49,0,6,0,70,,14702,49,0,6,0,30,,14703,49,0,6,0,70,,14704,49,0,6,0,30,,14705,49,0,6,0,70,,14706,49,0,6,0,21,,14730,49,0,6,0,70,,14733,49,0,6,0
8019,'1027',1007,,14751,49,0,6,0,40,,14735,49,0,6,0,83,,14736,49,0,6,0,86,,14753,49,0,6,0,85,,14737,49,0,6,0,45,,14754,49,0,6,0,85,,14738,49,0,6,0,85,,14755,49,0,6,0,85,,14739,49,0,6,0,45,,14756,49,0,6,0,83,,14740,49,0,6,0
8019,'996',1007,,14791,49,0,6,0,40,,14775,49,0,6,0,83,,14776,49,0,6,0,86,,14793,49,0,6,0,85,,14777,49,0,6,0,45,,14794,49,0,6,0,85,,14778,49,0,6,0,85,,14795,49,0,6,0,85,,14779,49,0,6,0,45,,14796,49,0,6,0,83,,14780,49,0,6,0
15019,'1011',700,,13711,18,,,0,100,,13712,18,,,0,130,,13713,18,,,0,100,,13714,18,,,0,170,,13715,18,,,0,100,,13716,18,,,0,130,,13717,18,,,0,100,,13718,18,,,0,170,,13719,18,,,0,100,,13720,18,,,0,140,,13721,18,,,0,85,,13722,18,,,0,82,,13723,18,,,0,45,,13725,18,,,0,85,,13726,18,,,0,85,,13724,18,,,0
15019,'1017',825,,13753,18,,,0,80,,13754,18,,,0,40,,13755,18,,,0,81,,13756,18,,,0,83,,13757,18,,,0,45,,13758,18,,,0,85,,13759,18,,,0,85,,13760,18,,,0,85,,13761,18,,,0,45,,13762,18,,,0,85,,13763,18,,,0,85,,13764,18,,,0,85,,13765,18,,,0,45,,13766,18,,,0,83,,13767,18,,,0,85,,13768,18,,,0,85,,13769,18,,,0,45,,13770,18,,,0,85,,13771,18,,,0,85,,13772,18,,,0
15019,'994',730,,11578,18,,,0,100,,11580,18,,,0,70,,11581,18,,,0,100,,11583,18,,,0,100,,11585,18,,,0,30,,11586,18,,,0,100,,11588,18,,,0,100,,11590,18,,,0,70,,11591,18,,,0,100,,11593,18,,,0,100,,11595,18,,,0,30,,11596,18,,,0,100,,11598,18,,,0,100,,11600,18,,,0,70,,11601,18,,,0
15019,'995',635,,13727,18,,,0,80,,13729,18,,,0,40,,13730,18,,,0,80,,13728,18,,,0,82,,13731,18,,,0,40,,13732,18,,,0,75,,13734,18,,,0,70,,13735,18,,,0,30,,11637,18,,,0,70,,13736,18,,,0,30,,13737,18,,,0,70,,13738,18,,,0,30,,13739,18,,,0,70,,11642,18,,,0,30,,13740,18,,,0,70,,13741,18,,,0,30,,13742,18,,,0,70,,13743,18,,,0,30,,11647,18,,,0,70,,13744,18,,,0,30,,13745,18,,,0,70,,13746,18,,,0,30,,13747,18,,,0,70,,11652,18,,,0,37,,13748,18,,,0,85,,13749,18,,,0,83,,13750,18,,,0,45,,13751,18,,,0,85,,13752,18,,,0,85,,13733,18,,,0
15019,'996',825,,13773,18,,,0,80,,13774,18,,,0,40,,13775,18,,,0,81,,13776,18,,,0,83,,13777,18,,,0,45,,13778,18,,,0,85,,13779,18,,,0,85,,13780,18,,,0,85,,13781,18,,,0,45,,13782,18,,,0,85,,13783,18,,,0,85,,13784,18,,,0,85,,13785,18,,,0,45,,13786,18,,,0,83,,13787,18,,,0,85,,13788,18,,,0,85,,13789,18,,,0,45,,13790,18,,,0,85,,13791,18,,,0,85,,13792,18,,,0
