11029,'979',603,,1579,7,,,0,30,,1580,7,,,0,70,,1581,7,,,0,30,,1582,7,,,0,70,,1583,7,,,0,30,,1584,7,,,0,70,,1585,7,,,0,30,,1578,7,,,0,70,,1562,7,,,0,30,,1563,7,,,0,70,,1564,7,,,0,30,,1565,7,,,0,70,,1566,7,,,0,30,,1567,7,,,0,70,,1568,7,,,0,30,,1569,7,,,0,70,,1570,7,,,0,30,,1571,7,,,0,70,,1572,7,,,0,30,,1573,7,,,0,70,,1574,7,,,0,30,,1575,7,,,0,70,,1576,7,,,0,30,,1577,7,,,0,70,,1587,7,,,0,30,,1586,7,,,0
11029,'985',603,,4589,7,,,0,30,,4590,7,,,0,70,,4591,7,,,0,30,,4592,7,,,0,70,,4593,7,,,0,30,,4594,7,,,0,70,,4595,7,,,0,30,,4588,7,,,0,70,,4572,7,,,0,30,,4573,7,,,0,70,,4574,7,,,0,30,,4575,7,,,0,70,,4576,7,,,0,30,,4577,7,,,0,70,,4578,7,,,0,30,,4579,7,,,0,70,,4580,7,,,0,30,,4581,7,,,0,70,,4582,7,,,0,30,,4583,7,,,0,70,,4584,7,,,0,30,,4585,7,,,0,70,,4586,7,,,0,30,,4587,7,,,0,70,,4597,7,,,0,30,,4596,7,,,0
11029,'986',1003,,4598,7,,,0,30,,4599,7,,,0,70,,4600,7,,,0,30,,4601,7,,,0,70,,4602,7,,,0,30,,4603,7,,,0,70,,4604,7,,,0,30,,4605,7,,,0,70,,4606,7,,,0,30,,4607,7,,,0,70,,4608,7,,,0,30,,4609,7,,,0,70,,4610,7,,,0,30,,4611,7,,,0,70,,4612,7,,,0,30,,4613,7,,,0,70,,4614,7,,,0,30,,4615,7,,,0
13019,'976',832,,4654,7,,,0,80,,4655,7,,,0,40,,4656,7,,,0,80,,4657,7,,,0,85,,4658,7,,,0,85,,4659,7,,,0,45,,4660,7,,,0,85,,4661,7,,,0,85,,4662,7,,,0,85,,4663,7,,,0,45,,4664,7,,,0,85,,4665,7,,,0,85,,4666,7,,,0,85,,4667,7,,,0,45,,4668,7,,,0,85,,4669,7,,,0,85,,4670,7,,,0,85,,4671,7,,,0,45,,4672,7,,,0
13019,'979',1903,,1680,7,,,0,45,,1675,7,,,0,85,,1676,7,,,0,85,,1678,7,,,0,84,,1677,7,,,0,45,,1679,7,,,0
13019,'983',832,,1656,7,,,0,80,,1657,7,,,0,40,,1658,7,,,0,80,,1659,7,,,0,85,,1660,7,,,0,85,,1661,7,,,0,45,,1662,7,,,0,85,,1663,7,,,0,85,,1664,7,,,0,85,,1665,7,,,0,45,,1666,7,,,0,85,,1667,7,,,0,85,,1668,7,,,0,85,,1669,7,,,0,45,,1670,7,,,0,85,,1671,7,,,0,85,,1672,7,,,0,85,,1673,7,,,0,45,,1674,7,,,0
13019,'985',1903,,4678,7,,,0,45,,4673,7,,,0,85,,4674,7,,,0,85,,4676,7,,,0,84,,4675,7,,,0,45,,4677,7,,,0
13019,'986',602,,4679,7,,,0,40,,4680,7,,,0,80,,4681,7,,,0,80,,4682,7,,,0,40,,4683,7,,,0,80,,4684,7,,,0,981,,4685,7,,,0,45,,4686,7,,,0,85,,4687,7,,,0,85,,4688,7,,,0,85,,4689,7,,,0,45,,4690,7,,,0
13019,'987',832,,4691,7,,,0,80,,4692,7,,,0,40,,4693,7,,,0,80,,4694,7,,,0,85,,4695,7,,,0,85,,4696,7,,,0,45,,4697,7,,,0,85,,4698,7,,,0,85,,4699,7,,,0,85,,4700,7,,,0,45,,4701,7,,,0,85,,4702,7,,,0,85,,4703,7,,,0,85,,4704,7,,,0,45,,4705,7,,,0,85,,4706,7,,,0,85,,4707,7,,,0,85,,4708,7,,,0,45,,4709,7,,,0
130003019,'976',755,,5942,6,,,0,60,,5974,6,0,7 8,0,20,,5943,6,,,0,20,,5968,6,0,7 8,0,60,,5944,6,,,0,20,,5971,6,0,7 8,0,20,,5945,6,,,0,60,,5969,6,0,7 8,0,20,,5946,6,,,0,23,,5972,6,0,7 8,0,62,,5947,6,,,0,23,,5970,6,0,7 8,0,62,,5948,6,,,0,23,,5973,6,0,7 8,0,22,,5949,6,,,0,63,,5950,6,0,7 8,0,22,,5951,6,,,0,23,,5952,6,0,7 8,0,62,,5953,6,,,0,23,,5954,6,0,7 8,0,62,,5955,6,,,0,23,,5956,6,0,7 8,0,22,,5957,6,,,0,63,,5958,6,0,7 8,0,22,,5959,6,,,0,23,,5960,6,0,7 8,0,62,,5961,6,,,0,23,,5962,6,0,7 8,0,62,,5963,6,,,0,23,,5976,6,0,7 8,0,22,,5975,6,,,0,85,,5964,6,,,0,85,,5965,6,,,0,85,,5966,6,,,0,45,,5977,6,,,0,85,,5967,6,0,7 8,0
130003019,'979',615,,3051,6,0,13,0,15,,3052,6,,,0,20,,3053,6,,,0,55,,3054,6,0,13,0,15,,3055,6,,,0,15,,3056,6,0,13,0,15,,3057,6,,,0,55,,3058,6,0,13,0,15,,3059,6,,,0,15,,3060,6,0,13,0,15,,3061,6,,,0,55,,3062,6,0,13,0,15,,3063,6,,,0,15,,3064,6,0,13,0,15,,3050,6,,,0,55,,3008,6,0,13,0,15,,3009,6,,,0,15,,3010,6,0,13,0,15,,3011,6,,,0,55,,3012,6,0,13,0,15,,3013,6,,,0,15,,3014,6,0,13,0,15,,3015,6,,,0,55,,3016,6,0,13,0,15,,3017,6,,,0,15,,3018,6,0,13,0,15,,3019,6,,,0,55,,3020,6,0,13,0,15,,3021,6,,,0,15,,3022,6,0,13,0,15,,3023,6,,,0,55,,3024,6,0,13,0,15,,3025,6,,,0,15,,3026,6,0,13,0,15,,3027,6,,,0,55,,3028,6,0,13,0,15,,3029,6,,,0,15,,3030,6,0,13,0,15,,3031,6,,,0,55,,3032,6,0,13,0,15,,3033,6,,,0,15,,3034,6,0,13,0,15,,3035,6,,,0,55,,3036,6,0,13,0,15,,3037,6,,,0,15,,3038,6,0,13,0,15,,3039,6,,,0,55,,3045,6,0,13,0,15,,3047,6,,,0,15,,3043,6,0,13,0,15,,3048,6,,,0,55,,3041,6,0,13,0,22,,3049,6,0,7 8,0,23,,3040,6,,,0,63,,3065,6,0,7 8,0,22,,3046,6,,,0,23,,3066,6,0,7 8,0,62,,3044,6,,,0,23,,3067,6,0,7 8,0,62,,3042,6,,,0,45,,3069,6,,,0,85,,3068,6,0,7 8,0,81,,3070,6,0,7 8,0
130003019,'983',755,,2972,6,,,0,60,,3004,6,0,7 8,0,20,,2973,6,,,0,20,,2998,6,0,7 8,0,60,,2974,6,,,0,20,,3001,6,0,7 8,0,20,,2975,6,,,0,60,,2999,6,0,7 8,0,20,,2976,6,,,0,23,,3002,6,0,7 8,0,62,,2977,6,,,0,23,,3000,6,0,7 8,0,62,,2978,6,,,0,23,,3003,6,0,7 8,0,22,,2979,6,,,0,63,,2980,6,0,7 8,0,22,,2981,6,,,0,23,,2982,6,0,7 8,0,62,,2983,6,,,0,23,,2984,6,0,7 8,0,62,,2985,6,,,0,23,,2986,6,0,7 8,0,22,,2987,6,,,0,63,,2988,6,0,7 8,0,22,,2989,6,,,0,23,,2990,6,0,7 8,0,62,,2991,6,,,0,23,,2992,6,0,7 8,0,62,,2993,6,,,0,23,,3006,6,0,7 8,0,22,,3005,6,,,0,85,,2994,6,,,0,85,,2995,6,,,0,85,,2996,6,,,0,45,,3007,6,,,0,85,,2997,6,0,7 8,0
130003019,'985',615,,6021,6,0,13,0,15,,6022,6,,,0,20,,6023,6,,,0,55,,6024,6,0,13,0,15,,6025,6,,,0,15,,6026,6,0,13,0,15,,6027,6,,,0,55,,6028,6,0,13,0,15,,6029,6,,,0,15,,6030,6,0,13,0,15,,6031,6,,,0,55,,6032,6,0,13,0,15,,6033,6,,,0,15,,6034,6,0,13,0,15,,6020,6,,,0,55,,5978,6,0,13,0,15,,5979,6,,,0,15,,5980,6,0,13,0,15,,5981,6,,,0,55,,5982,6,0,13,0,15,,5983,6,,,0,15,,5984,6,0,13,0,15,,5985,6,,,0,55,,5986,6,0,13,0,15,,5987,6,,,0,15,,5988,6,0,13,0,15,,5989,6,,,0,55,,5990,6,0,13,0,15,,5991,6,,,0,15,,5992,6,0,13,0,15,,5993,6,,,0,55,,5994,6,0,13,0,15,,5995,6,,,0,15,,5996,6,0,13,0,15,,5997,6,,,0,55,,5998,6,0,13,0,15,,5999,6,,,0,15,,6000,6,0,13,0,15,,6001,6,,,0,55,,6002,6,0,13,0,15,,6003,6,,,0,15,,6004,6,0,13,0,15,,6005,6,,,0,55,,6006,6,0,13,0,15,,6007,6,,,0,15,,6008,6,0,13,0,15,,6009,6,,,0,55,,6015,6,0,13,0,15,,6017,6,,,0,15,,6013,6,0,13,0,15,,6018,6,,,0,55,,6011,6,0,13,0,22,,6019,6,0,7 8,0,23,,6010,6,,,0,63,,6035,6,0,7 8,0,22,,6016,6,,,0,23,,6036,6,0,7 8,0,62,,6014,6,,,0,23,,6037,6,0,7 8,0,62,,6012,6,,,0,45,,6039,6,,,0,85,,6038,6,0,7 8,0,81,,6040,6,0,7 8,0
130003019,'986',605,,6041,6,,,0,20,,6042,6,0,7 8,0,20,,6043,6,,,0,60,,6044,6,0,7 8,0,20,,6045,6,,,0,20,,6046,6,0,7 8,0,60,,6047,6,,,0,20,,6048,6,0,7 8,0,20,,6049,6,,,0,60,,6050,6,0,7 8,0,20,,6051,6,,,0,20,,6052,6,0,13,0,60,,6053,6,0,13,0,15,,6054,6,,,0,15,,6055,6,0,13,0,15,,6056,6,,,0,55,,6057,6,0,13,0,15,,6058,6,,,0,15,,6059,6,0,13,0,15,,6060,6,,,0,55,,6061,6,0,13,0,15,,6062,6,,,0,15,,6063,6,0,13,0,15,,6064,6,,,0,55,,6065,6,0,13,0,15,,6066,6,,,0,15,,6067,6,0,13,0,15,,6068,6,,,0,55,,6069,6,0,13,0,15,,6070,6,,,0,15,,6071,6,0,13,0,15,,6072,6,,,0,55,,6073,6,0,13,0,15,,6074,6,,,0,15,,6075,6,0,13,0,15,,6076,6,,,0,55,,6077,6,0,13,0,15,,6078,6,,,0,15,,6079,6,0,13,0,15,,6080,6,,,0,55,,6081,6,0,13,0,15,,6082,6,,,0,15,,6083,6,0,13,0,15,,6084,6,,,0,55,,6085,6,0,13,0,15,,6100,6,,,0,15,,6092,6,0,13,0,15,,6086,6,,,0,55,,6093,6,0,13,0,22,,6087,6,0,7 8,0,23,,6094,6,,,0,63,,6088,6,0,7 8,0,22,,6097,6,,,0,23,,6089,6,0,7 8,0,62,,6096,6,,,0,23,,6090,6,0,7 8,0,62,,6095,6,,,0,45,,6091,6,,,0,85,,6099,6,0,7 8,0,81,,6098,6,0,7 8,0
130003019,'987',755,,6101,6,,,0,60,,6133,6,0,7 8,0,20,,6102,6,,,0,20,,6127,6,0,7 8,0,60,,6103,6,,,0,20,,6130,6,0,7 8,0,20,,6104,6,,,0,60,,6128,6,0,7 8,0,20,,6105,6,,,0,23,,6131,6,0,7 8,0,62,,6106,6,,,0,23,,6129,6,0,7 8,0,62,,6107,6,,,0,23,,6132,6,0,7 8,0,22,,6108,6,,,0,63,,6109,6,0,7 8,0,22,,6110,6,,,0,23,,6111,6,0,7 8,0,62,,6112,6,,,0,23,,6113,6,0,7 8,0,62,,6114,6,,,0,23,,6115,6,0,7 8,0,22,,6116,6,,,0,63,,6117,6,0,7 8,0,22,,6118,6,,,0,23,,6119,6,0,7 8,0,62,,6120,6,,,0,23,,6121,6,0,7 8,0,62,,6122,6,,,0,23,,6135,6,0,7 8,0,22,,6134,6,,,0,85,,6123,6,,,0,85,,6124,6,,,0,85,,6125,6,,,0,45,,6136,6,,,0,85,,6126,6,0,7 8,0
