4019,'979',645,,491,18,,,0,160,,492,4,,,0,128,,493,4,,,0,214,,496,22,,,0,168,,497,4,,,0
4019,'980',1546,,494,4,,,0,168,,495,4,,,0
4019,'985',645,,3649,18,,,0,160,,3650,4,,,0,128,,3651,4,,,0,214,,3652,22,,,0,168,,3653,4,,,0
6019,'979',725,,702,4,,,0,127,,703,4,,,0,382,,706,4,,,0,168,,704,4,,,0
6019,'980',1505,,708,4,,,0,128,,707,4,,,0,168,,705,4,,,0
6019,'985',725,,3715,4,,,0,127,,3716,4,,,0,382,,3718,4,,,0,168,,3717,4,,,0
18029,'976',822,,5557,22,,,0,80,,5558,22,,,0,40,,5559,22,,,0,80,,5560,22,,,0,83,,5561,22,,,0,45,,5562,22,,,0,85,,5563,22,,,0,85,,5564,22,,,0,85,,5565,22,,,0,45,,5566,22,,,0,85,,5567,22,,,0,85,,5568,22,,,0,85,,5569,22,,,0,45,,5570,22,,,0,85,,5571,22,,,0,85,,5572,22,,,0,85,,5573,22,,,0,45,,5574,22,,,0,85,,5575,22,,,0,85,,5576,22,,,0,85,,5577,22,,,0
18029,'979',643,,2608,22,,,0,85,,2609,22,,,0,85,,2610,22,,,0,45,,2611,22,,,0,85,,2612,22,,,0,85,,2613,22,,,0,85,,2614,22,,,0,45,,2615,22,,,0,85,,2616,22,,,0,85,,2617,22,,,0,86,,2618,22,,,0,45,,2619,22,,,0,85,,2620,22,,,0,85,,2621,22,,,0,85,,2622,22,,,0,45,,2623,22,,,0,84,,2624,22,,,0,92,,2625,22,,,0,85,,2626,22,,,0,85,,2628,22,,,0,45,,2627,22,,,0,85,,2630,22,,,0,85,,2629,22,,,0,82,,2631,22,,,0
18029,'983',822,,2587,22,,,0,80,,2588,22,,,0,40,,2589,22,,,0,80,,2590,22,,,0,83,,2591,22,,,0,45,,2592,22,,,0,85,,2593,22,,,0,85,,2594,22,,,0,85,,2595,22,,,0,45,,2596,22,,,0,85,,2597,22,,,0,85,,2598,22,,,0,85,,2599,22,,,0,45,,2600,22,,,0,85,,2601,22,,,0,85,,2602,22,,,0,85,,2603,22,,,0,45,,2604,22,,,0,85,,2605,22,,,0,85,,2606,22,,,0,85,,2607,22,,,0
18029,'985',643,,5578,22,,,0,85,,5579,22,,,0,85,,5580,22,,,0,45,,5581,22,,,0,85,,5582,22,,,0,85,,5583,22,,,0,85,,5584,22,,,0,45,,5585,22,,,0,85,,5586,22,,,0,85,,5587,22,,,0,86,,5588,22,,,0,45,,5589,22,,,0,85,,5590,22,,,0,85,,5591,22,,,0,85,,5592,22,,,0,45,,5593,22,,,0,84,,5594,22,,,0,92,,5595,22,,,0,85,,5596,22,,,0,85,,5598,22,,,0,45,,5597,22,,,0,85,,5600,22,,,0,85,,5599,22,,,0,82,,5601,22,,,0
18029,'986',633,,5602,22,,,0,80,,5603,22,,,0,40,,5604,22,,,0,80,,5605,22,,,0,80,,5606,22,,,0,40,,5607,22,,,0,80,,5608,22,,,0,80,,5609,22,,,0,45,,5610,22,,,0,85,,5611,22,,,0,85,,5612,22,,,0,86,,5613,22,,,0,45,,5614,22,,,0,85,,5615,22,,,0,85,,5617,22,,,0,85,,5618,22,,,0,45,,5616,22,,,0,85,,5619,22,,,0,91,,5621,22,,,0,85,,5620,22,,,0,85,,5622,22,,,0,45,,5624,22,,,0,85,,5623,22,,,0,85,,5625,22,,,0,82,,5626,22,,,0
18029,'987',822,,5627,22,,,0,80,,5628,22,,,0,40,,5629,22,,,0,80,,5630,22,,,0,83,,5631,22,,,0,45,,5632,22,,,0,85,,5633,22,,,0,85,,5634,22,,,0,85,,5635,22,,,0,45,,5636,22,,,0,85,,5637,22,,,0,85,,5638,22,,,0,85,,5639,22,,,0,45,,5640,22,,,0,85,,5641,22,,,0,85,,5642,22,,,0,85,,5643,22,,,0,45,,5644,22,,,0,85,,5645,22,,,0,85,,5646,22,,,0,85,,5647,22,,,0
