14029,'1010',711,,11498,17,,,0,230,,11503,17,,,0,271,,11477,17,,,0,230,,11482,17,,,0,270,,11487,17,,,0,221,,11493,17,,,0,85,,11490,17,,,0,85,,11492,17,,,0,45,,11491,17,,,0,85,,11494,17,,,0,85,,11505,17,,,0
14029,'1011',811,,11500,17,,,0,230,,11474,17,,,0,271,,11479,17,,,0,230,,11484,17,,,0,269,,11489,17,,,0
14029,'1012',811,,12873,17,,,0,230,,12869,17,,,0,271,,12870,17,,,0,230,,12871,17,,,0,269,,12872,17,,,0
14029,'1014',820,,11506,17,,,0,80,,11507,17,,,0,40,,11508,17,,,0,80,,11509,17,,,0,83,,11510,17,,,0,46,,11511,17,,,0,85,,11512,17,,,0,85,,11513,17,,,0,85,,11514,17,,,0,45,,11515,17,,,0,85,,11516,17,,,0,85,,11517,17,,,0,85,,11518,17,,,0,45,,11519,17,,,0,85,,11520,17,,,0,84,,11521,17,,,0,85,,11522,17,,,0,45,,11523,17,,,0,85,,11524,17,,,0,85,,11525,17,,,0
14029,'1015',711,,13653,17,,,0,230,,13654,17,,,0,271,,13645,17,,,0,230,,13646,17,,,0,270,,13647,17,,,0,221,,13651,17,,,0,85,,13648,17,,,0,85,,13650,17,,,0,45,,13649,17,,,0,85,,13652,17,,,0,85,,13655,17,,,0
14029,'1016',631,,13656,17,,,0,80,,13657,17,,,0,40,,13658,17,,,0,80,,13659,17,,,0,80,,13660,17,,,0,40,,13661,17,,,0,260,,13662,17,,,0,231,,13663,17,,,0,270,,13664,17,,,0,221,,13665,17,,,0,85,,13666,17,,,0,85,,13667,17,,,0,45,,13668,17,,,0,85,,13670,17,,,0,85,,13669,17,,,0
14029,'1017',820,,13671,17,,,0,80,,13672,17,,,0,40,,13673,17,,,0,80,,13674,17,,,0,83,,13675,17,,,0,46,,13676,17,,,0,85,,13677,17,,,0,85,,13678,17,,,0,85,,13679,17,,,0,45,,13680,17,,,0,85,,13681,17,,,0,85,,13682,17,,,0,85,,13683,17,,,0,45,,13684,17,,,0,85,,13685,17,,,0,84,,13686,17,,,0,85,,13687,17,,,0,45,,13688,17,,,0,85,,13689,17,,,0,85,,13690,17,,,0
14029,'1018',820,,13691,17,,,0,80,,13692,17,,,0,40,,13693,17,,,0,80,,13694,17,,,0,83,,13695,17,,,0,46,,13696,17,,,0,85,,13697,17,,,0,85,,13698,17,,,0,85,,13699,17,,,0,45,,13700,17,,,0,85,,13701,17,,,0,85,,13702,17,,,0,85,,13703,17,,,0,45,,13704,17,,,0,85,,13705,17,,,0,84,,13706,17,,,0,85,,13707,17,,,0,45,,13708,17,,,0,85,,13709,17,,,0,85,,13710,17,,,0
14029,'994',619,,11496,17,,,0,22,,11497,17,,,0,100,,11499,17,,,0,100,,11501,17,,,0,70,,11502,17,,,0,100,,11473,17,,,0,100,,11475,17,,,0,30,,11476,17,,,0,101,,11478,17,,,0,100,,11480,17,,,0,70,,11481,17,,,0,100,,11483,17,,,0,100,,11485,17,,,0,30,,11486,17,,,0,100,,11488,17,,,0,99,,11495,17,,,0,70,,11504,17,,,0
14029,'995',1011,,11532,17,,,0,30,,11533,17,,,0,70,,11534,17,,,0,30,,11535,17,,,0,100,,11537,17,,,0,70,,11538,17,,,0,30,,11539,17,,,0,71,,11540,17,,,0,100,,11542,17,,,0,30,,11543,17,,,0,70,,11544,17,,,0,30,,11545,17,,,0,100,,11547,17,,,0,69,,11548,17,,,0,30,,11549,17,,,0,70,,11555,17,,,0
