13029,'1004',853,,11319,5,,,0,80,,11320,5,,,0,80,,11321,5,,,0,40,,11322,5,,,0,86,,11323,5,,,0,85,,11324,5,,,0,85,,11325,5,,,0,45,,11326,5,,,0,85,,11327,5,,,0,85,,11328,5,,,0,85,,11329,5,,,0,45,,11330,5,,,0,85,,11331,5,,,0,85,,11332,5,,,0,85,,11333,5,,,0,45,,11334,5,,,0,84,,11335,5,,,0,85,,11336,5,,,0,85,,11337,5,,,0
13029,'994',1925,,11318,5,,,0,85,,11313,5,,,0,45,,11314,5,,,0,85,,11316,5,,,0,83,,11315,5,,,0,85,,11317,5,,,0
13029,'995',622,,11338,5,,,0,80,,11339,5,,,0,40,,11340,5,,,0,80,,11341,5,,,0,81,,11342,5,,,0,40,,11343,5,,,0,982,,11344,5,,,0,85,,11345,5,,,0,45,,11346,5,,,0,85,,11347,5,,,0,85,,11348,5,,,0,85,,11349,5,,,0
13029,'996',853,,11350,5,,,0,80,,11351,5,,,0,80,,11352,5,,,0,40,,11353,5,,,0,86,,11354,5,,,0,85,,11355,5,,,0,85,,11356,5,,,0,45,,11357,5,,,0,85,,11358,5,,,0,85,,11359,5,,,0,85,,11360,5,,,0,45,,11361,5,,,0,85,,11362,5,,,0,85,,11363,5,,,0,85,,11364,5,,,0,45,,11365,5,,,0,84,,11366,5,,,0,85,,11367,5,,,0,85,,11368,5,,,0
100003029,'1010',828,,12440,21,,,0,230,,12420,21,,,0,270,,12425,21,,,0,230,,12430,21,,,0,270,,12444,21,,,0
100003029,'1011',656,,12437,21,,,0,272,,12442,21,,,0,230,,12422,21,,,0,270,,12427,21,,,0,230,,12432,21,,,0
100003029,'1012',656,,12892,21,,,0,272,,12893,21,,,0,230,,12889,21,,,0,270,,12890,21,,,0,230,,12891,21,,,0
100003029,'1015',828,,14047,21,,,0,230,,14044,21,,,0,270,,14045,21,,,0,230,,14046,21,,,0,270,,14048,21,,,0
100003029,'1016',1058,,14049,21,,,0,270,,14050,21,,,0,230,,14051,21,,,0,270,,14052,21,,,0
100003029,'994',631,,12436,21,,,0,95,,12438,21,,,0,32,,12439,21,,,0,100,,12441,21,,,0,100,,12435,21,,,0,70,,12419,21,,,0,100,,12421,21,,,0,100,,12423,21,,,0,30,,12424,21,,,0,100,,12426,21,,,0,100,,12428,21,,,0,70,,12429,21,,,0,100,,12431,21,,,0,100,,12433,21,,,0,30,,12434,21,,,0,100,,12443,21,,,0
100003029,'995',958,,12461,21,,,0,70,,12445,21,,,0,100,,12447,21,,,0,30,,12448,21,,,0,70,,12449,21,,,0,30,,12450,21,,,0,100,,12452,21,,,0,70,,12453,21,,,0,30,,12454,21,,,0,70,,12455,21,,,0,100,,12457,21,,,0,30,,12458,21,,,0,70,,12459,21,,,0,30,,12460,21,,,0,100,,12463,21,,,0
