14029,'1010',708,,11498,13,,,0,230,,11503,13,,,0,271,,11477,13,,,0,230,,11482,13,,,0,270,,11487,13,,,0,221,,11493,13,,,0,85,,11490,13,,,0,85,,11492,13,,,0,45,,11491,13,,,0,85,,11494,13,,,0,85,,11505,13,,,0
14029,'1011',808,,11500,13,,,0,230,,11474,13,,,0,271,,11479,13,,,0,230,,11484,13,,,0,269,,11489,13,,,0
14029,'1012',808,,12873,13,,,0,230,,12869,13,,,0,271,,12870,13,,,0,230,,12871,13,,,0,269,,12872,13,,,0
14029,'1014',818,,11506,13,,,0,40,,11507,13,,,0,80,,11508,13,,,0,80,,11509,13,,,0,83,,11510,13,,,0,45,,11511,13,,,0,85,,11512,13,,,0,85,,11513,13,,,0,85,,11514,13,,,0,45,,11515,13,,,0,85,,11516,13,,,0,85,,11517,13,,,0,85,,11518,13,,,0,45,,11519,13,,,0,85,,11520,13,,,0,85,,11521,13,,,0,85,,11522,13,,,0,45,,11523,13,,,0,85,,11524,13,,,0,85,,11525,13,,,0
14029,'1015',708,,13653,13,,,0,230,,13654,13,,,0,271,,13645,13,,,0,230,,13646,13,,,0,270,,13647,13,,,0,221,,13651,13,,,0,85,,13648,13,,,0,85,,13650,13,,,0,45,,13649,13,,,0,85,,13652,13,,,0,85,,13655,13,,,0
14029,'1016',628,,13656,13,,,0,80,,13657,13,,,0,40,,13658,13,,,0,80,,13659,13,,,0,80,,13660,13,,,0,40,,13661,13,,,0,260,,13662,13,,,0,231,,13663,13,,,0,270,,13664,13,,,0,221,,13665,13,,,0,85,,13666,13,,,0,85,,13667,13,,,0,45,,13668,13,,,0,85,,13670,13,,,0,85,,13669,13,,,0
14029,'1017',818,,13671,13,,,0,40,,13672,13,,,0,80,,13673,13,,,0,80,,13674,13,,,0,83,,13675,13,,,0,45,,13676,13,,,0,85,,13677,13,,,0,85,,13678,13,,,0,85,,13679,13,,,0,45,,13680,13,,,0,85,,13681,13,,,0,85,,13682,13,,,0,85,,13683,13,,,0,45,,13684,13,,,0,85,,13685,13,,,0,85,,13686,13,,,0,85,,13687,13,,,0,45,,13688,13,,,0,85,,13689,13,,,0,85,,13690,13,,,0
14029,'1018',818,,13691,13,,,0,40,,13692,13,,,0,80,,13693,13,,,0,80,,13694,13,,,0,83,,13695,13,,,0,45,,13696,13,,,0,85,,13697,13,,,0,85,,13698,13,,,0,85,,13699,13,,,0,45,,13700,13,,,0,85,,13701,13,,,0,85,,13702,13,,,0,85,,13703,13,,,0,45,,13704,13,,,0,85,,13705,13,,,0,85,,13706,13,,,0,85,,13707,13,,,0,45,,13708,13,,,0,85,,13709,13,,,0,85,,13710,13,,,0
14029,'994',617,,11496,13,,,0,21,,11497,13,,,0,100,,11499,13,,,0,100,,11501,13,,,0,70,,11502,13,,,0,100,,11473,13,,,0,100,,11475,13,,,0,30,,11476,13,,,0,101,,11478,13,,,0,100,,11480,13,,,0,70,,11481,13,,,0,100,,11483,13,,,0,100,,11485,13,,,0,30,,11486,13,,,0,100,,11488,13,,,0,99,,11495,13,,,0,70,,11504,13,,,0
14029,'995',1008,,11532,13,,,0,30,,11533,13,,,0,70,,11534,13,,,0,30,,11535,13,,,0,100,,11537,13,,,0,70,,11538,13,,,0,30,,11539,13,,,0,71,,11540,13,,,0,100,,11542,13,,,0,30,,11543,13,,,0,70,,11544,13,,,0,30,,11545,13,,,0,100,,11547,13,,,0,69,,11548,13,,,0,30,,11549,13,,,0,70,,11555,13,,,0
