30003029,'1021',612,,12295,5,,,0,20,,12296,5,,,0,171,,12299,5,,,0,30,,12300,5,,,0,70,,12301,5,,,0,130,,12273,5,,,0,70,,12274,5,,,0,30,,12275,5,,,0,170,,12278,5,,,0,30,,12279,5,,,0,70,,12280,5,,,0,130,,12283,5,,,0,70,,12284,5,,,0,30,,12285,5,,,0,170,,12288,5,,,0,30,,12289,5,,,0,70,,12290,5,,,0,45,,12292,5,,,0,85,,12293,5,,,0,85,,12294,5,,,0,85,,12291,5,,,0,45,,12303,5,,,0
30003029,'1022',702,,12297,5,,,0,31,,14029,5,,,0,200,,12302,5,,,0,70,,14025,5,,,0,200,,12276,5,,,0,30,,14026,5,,,0,200,,12281,5,,,0,70,,14027,5,,,0,200,,12286,5,,,0,30,,14028,5,,,0
30003029,'1024',834,,12304,5,,,0,80,,12305,5,,,0,40,,12306,5,,,0,80,,12307,5,,,0,86,,12308,5,,,0,86,,12309,5,,,0,45,,12310,5,,,0,85,,12311,5,,,0,85,,12312,5,,,0,85,,12313,5,,,0,45,,12314,5,,,0,85,,12315,5,,,0,85,,12316,5,,,0,85,,12317,5,,,0,45,,12318,5,,,0,85,,12319,5,,,0,85,,12320,5,,,0,85,,12321,5,,,0,45,,12322,5,,,0,82,,12323,5,,,0
30003029,'1025',612,,15439,5,,,0,20,,15440,5,,,0,70,,15441,5,,,0,31,,15442,5,,,0,70,,15443,5,,,0,30,,15444,5,,,0,70,,15445,5,,,0,30,,15446,5,,,0,70,,15416,5,,,0,30,,15417,5,,,0,70,,15418,5,,,0,30,,15419,5,,,0,70,,15420,5,,,0,30,,15421,5,,,0,70,,15422,5,,,0,30,,15423,5,,,0,70,,15424,5,,,0,30,,15425,5,,,0,70,,15426,5,,,0,30,,15427,5,,,0,70,,15428,5,,,0,30,,15429,5,,,0,70,,15430,5,,,0,30,,15431,5,,,0,70,,15432,5,,,0,30,,15433,5,,,0,70,,15434,5,,,0,45,,15436,5,,,0,85,,15437,5,,,0,85,,15438,5,,,0,85,,15435,5,,,0,45,,15447,5,,,0
30003029,'1026',607,,15448,5,,,0,35,,15449,5,,,0,80,,15450,5,,,0,80,,15451,5,,,0,40,,15452,5,,,0,80,,15453,5,,,0,81,,15454,5,,,0,30,,15455,5,,,0,70,,15456,5,,,0,30,,15457,5,,,0,70,,15458,5,,,0,30,,15459,5,,,0,70,,15460,5,,,0,30,,15461,5,,,0,70,,15462,5,,,0,30,,15463,5,,,0,70,,15464,5,,,0,30,,15465,5,,,0,70,,15466,5,,,0,30,,15467,5,,,0,70,,15468,5,,,0,30,,15469,5,,,0,69,,15470,5,,,0,30,,15477,5,,,0,70,,15471,5,,,0,45,,15472,5,,,0,85,,15473,5,,,0,85,,15474,5,,,0,85,,15475,5,,,0,45,,15476,5,,,0
30003029,'1027',834,,15478,5,,,0,80,,15479,5,,,0,40,,15480,5,,,0,80,,15481,5,,,0,86,,15482,5,,,0,86,,15483,5,,,0,45,,15484,5,,,0,85,,15485,5,,,0,85,,15486,5,,,0,85,,15487,5,,,0,45,,15488,5,,,0,85,,15489,5,,,0,85,,15490,5,,,0,85,,15491,5,,,0,45,,15492,5,,,0,85,,15493,5,,,0,85,,15494,5,,,0,85,,15495,5,,,0,45,,15496,5,,,0,82,,15497,5,,,0
30003029,'996',834,,15498,5,,,0,80,,15499,5,,,0,40,,15500,5,,,0,80,,15501,5,,,0,86,,15502,5,,,0,86,,15503,5,,,0,45,,15504,5,,,0,85,,15505,5,,,0,85,,15506,5,,,0,85,,15507,5,,,0,45,,15508,5,,,0,85,,15509,5,,,0,85,,15510,5,,,0,85,,15511,5,,,0,45,,15512,5,,,0,85,,15513,5,,,0,85,,15514,5,,,0,85,,15515,5,,,0,45,,15516,5,,,0,82,,15517,5,,,0
100003029,'1021',622,,12436,5,,,0,95,,12438,5,,,0,31,,12439,5,,,0,100,,12441,5,,,0,100,,12435,5,,,0,70,,12419,5,,,0,100,,12421,5,,,0,100,,12423,5,,,0,30,,12424,5,,,0,100,,12426,5,,,0,100,,12428,5,,,0,70,,12429,5,,,0,100,,12431,5,,,0,100,,12433,5,,,0,30,,12434,5,,,0,100,,12443,5,,,0
100003029,'1022',647,,12437,5,,,0,171,,14047,5,,,0,100,,12442,5,,,0,130,,14044,5,,,0,100,,12422,5,,,0,170,,14045,5,,,0,100,,12427,5,,,0,130,,14046,5,,,0,100,,12432,5,,,0,170,,14048,5,,,0
100003029,'1025',622,,15580,5,,,0,25,,15581,5,,,0,70,,15582,5,,,0,31,,15583,5,,,0,70,,15584,5,,,0,30,,15585,5,,,0,70,,15586,5,,,0,30,,15579,5,,,0,70,,15563,5,,,0,30,,15564,5,,,0,70,,15565,5,,,0,30,,15566,5,,,0,70,,15567,5,,,0,30,,15568,5,,,0,70,,15569,5,,,0,30,,15570,5,,,0,70,,15571,5,,,0,30,,15572,5,,,0,70,,15573,5,,,0,30,,15574,5,,,0,70,,15575,5,,,0,30,,15576,5,,,0,70,,15577,5,,,0,30,,15578,5,,,0,70,,15588,5,,,0,30,,15587,5,,,0
100003029,'1026',948,,15605,5,,,0,70,,15589,5,,,0,30,,15590,5,,,0,70,,15591,5,,,0,30,,15592,5,,,0,70,,15593,5,,,0,30,,15594,5,,,0,70,,15595,5,,,0,30,,15596,5,,,0,70,,15597,5,,,0,30,,15598,5,,,0,70,,15599,5,,,0,30,,15600,5,,,0,70,,15601,5,,,0,30,,15602,5,,,0,70,,15603,5,,,0,30,,15604,5,,,0,70,,15606,5,,,0,30,,15607,5,,,0
