14029,'1010',712,,11498,18,,,0,230,,11503,18,,,0,271,,11477,18,,,0,230,,11482,18,,,0,270,,11487,18,,,0,221,,11493,18,,,0,85,,11490,18,,,0,85,,11492,18,,,0,45,,11491,18,,,0,85,,11494,18,,,0,85,,11505,18,,,0
14029,'1011',812,,11500,18,,,0,230,,11474,18,,,0,271,,11479,18,,,0,230,,11484,18,,,0,269,,11489,18,,,0
14029,'1012',812,,12873,18,,,0,230,,12869,18,,,0,271,,12870,18,,,0,230,,12871,18,,,0,269,,12872,18,,,0
14029,'1014',821,,11506,18,,,0,80,,11507,18,,,0,40,,11508,18,,,0,80,,11509,18,,,0,83,,11510,18,,,0,46,,11511,18,,,0,85,,11512,18,,,0,85,,11513,18,,,0,85,,11514,18,,,0,45,,11515,18,,,0,85,,11516,18,,,0,85,,11517,18,,,0,85,,11518,18,,,0,45,,11519,18,,,0,85,,11520,18,,,0,84,,11521,18,,,0,85,,11522,18,,,0,45,,11523,18,,,0,85,,11524,18,,,0,85,,11525,18,,,0
14029,'1015',712,,13653,18,,,0,230,,13654,18,,,0,271,,13645,18,,,0,230,,13646,18,,,0,270,,13647,18,,,0,221,,13651,18,,,0,85,,13648,18,,,0,85,,13650,18,,,0,45,,13649,18,,,0,85,,13652,18,,,0,85,,13655,18,,,0
14029,'1016',632,,13656,18,,,0,80,,13657,18,,,0,40,,13658,18,,,0,80,,13659,18,,,0,80,,13660,18,,,0,40,,13661,18,,,0,260,,13662,18,,,0,231,,13663,18,,,0,270,,13664,18,,,0,221,,13665,18,,,0,85,,13666,18,,,0,85,,13667,18,,,0,45,,13668,18,,,0,85,,13670,18,,,0,85,,13669,18,,,0
14029,'1017',821,,13671,18,,,0,80,,13672,18,,,0,40,,13673,18,,,0,80,,13674,18,,,0,83,,13675,18,,,0,46,,13676,18,,,0,85,,13677,18,,,0,85,,13678,18,,,0,85,,13679,18,,,0,45,,13680,18,,,0,85,,13681,18,,,0,85,,13682,18,,,0,85,,13683,18,,,0,45,,13684,18,,,0,85,,13685,18,,,0,84,,13686,18,,,0,85,,13687,18,,,0,45,,13688,18,,,0,85,,13689,18,,,0,85,,13690,18,,,0
14029,'1018',821,,13691,18,,,0,80,,13692,18,,,0,40,,13693,18,,,0,80,,13694,18,,,0,83,,13695,18,,,0,46,,13696,18,,,0,85,,13697,18,,,0,85,,13698,18,,,0,85,,13699,18,,,0,45,,13700,18,,,0,85,,13701,18,,,0,85,,13702,18,,,0,85,,13703,18,,,0,45,,13704,18,,,0,85,,13705,18,,,0,84,,13706,18,,,0,85,,13707,18,,,0,45,,13708,18,,,0,85,,13709,18,,,0,85,,13710,18,,,0
14029,'994',620,,11496,18,,,0,22,,11497,18,,,0,100,,11499,18,,,0,100,,11501,18,,,0,70,,11502,18,,,0,100,,11473,18,,,0,100,,11475,18,,,0,30,,11476,18,,,0,101,,11478,18,,,0,100,,11480,18,,,0,70,,11481,18,,,0,100,,11483,18,,,0,100,,11485,18,,,0,30,,11486,18,,,0,100,,11488,18,,,0,99,,11495,18,,,0,70,,11504,18,,,0
14029,'995',1012,,11532,18,,,0,30,,11533,18,,,0,70,,11534,18,,,0,30,,11535,18,,,0,100,,11537,18,,,0,70,,11538,18,,,0,30,,11539,18,,,0,71,,11540,18,,,0,100,,11542,18,,,0,30,,11543,18,,,0,70,,11544,18,,,0,30,,11545,18,,,0,100,,11547,18,,,0,69,,11548,18,,,0,30,,11549,18,,,0,70,,11555,18,,,0
