1019,'990',613,,3384,18,,,0,30,,3385,18,,,0,70,,3386,18,,,0,30,,3387,18,,,0,70,,3388,18,,,0,30,,3389,18,,,0,70,,3390,18,,,0,30,,3391,18,,,0,70,,3392,18,,,0,30,,3393,18,,,0,70,,3394,18,,,0,30,,3395,18,,,0,70,,3396,18,,,0,30,,3397,18,,,0,70,,3398,18,,,0,30,,3399,18,,,0,70,,3400,18,,,0,30,,3401,18,,,0,70,,3402,18,,,0,30,,3403,18,,,0,70,,3404,18,,,0,30,,3405,18,,,0,70,,3406,18,,,0,30,,3407,18,,,0,70,,3408,18,,,0,30,,3410,18,,,0,65,,3417,18,,,0,45,,3412,18,,,0,85,,3411,18,,,0,87,,3413,18,,,0,84,,3414,18,,,0,45,,3415,18,,,0,85,,3409,18,,,0,81,,3416,18,,,0
1019,'991',609,,3418,18,,,0,40,,3419,18,,,0,80,,3420,18,,,0,80,,3421,18,,,0,40,,3422,18,,,0,80,,3423,18,,,0,20,,3450,18,,,0,60,,3448,18,,,0,32,,3428,18,,,0,70,,3427,18,,,0,30,,3430,18,,,0,70,,3429,18,,,0,30,,3432,18,,,0,70,,3431,18,,,0,30,,3434,18,,,0,70,,3433,18,,,0,30,,3436,18,,,0,70,,3435,18,,,0,30,,3438,18,,,0,70,,3437,18,,,0,30,,3440,18,,,0,70,,3439,18,,,0,30,,3426,18,,,0,70,,3441,18,,,0,30,,3449,18,,,0,70,,3443,18,,,0,45,,3442,18,,,0,85,,3444,18,,,0,85,,3446,18,,,0,85,,3445,18,,,0,45,,3424,18,,,0,85,,3447,18,,,0,85,,3425,18,,,0
1019,'992',800,,3451,18,,,0,40,,3452,18,,,0,60,,22,18,,,0,20,,3453,18,,,0,20,,4,18,,,0,60,,3462,18,,,0,20,,5,18,,,0,20,,3464,18,,,0,64,,6,18,,,0,22,,3466,18,,,0,23,,7,18,,,0,62,,3461,18,,,0,23,,8,18,,,0,22,,3463,18,,,0,63,,9,18,,,0,22,,3465,18,,,0,63,,10,18,,,0,22,,3467,18,,,0,23,,11,18,,,0,62,,3468,18,,,0,23,,12,18,,,0,22,,3469,18,,,0,63,,13,18,,,0,22,,3470,18,,,0,63,,14,18,,,0,22,,3471,18,,,0,23,,34,18,,,0,62,,3454,18,,,0,23,,35,18,,,0,22,,3455,18,,,0,85,,3457,18,,,0,85,,3456,18,,,0,85,,3458,18,,,0,45,,3460,18,,,0,85,,3459,18,,,0,83,,3472,18,,,0
8019,'990',652,,4003,51,0,6,0,76,,4004,51,0,6,0,25,,4005,51,0,6,0,70,,4006,51,0,6,0,30,,4007,51,0,6,0,70,,4008,51,0,6,0,30,,4009,51,0,6,0,70,,4010,51,0,6,0,30,,3959,51,0,6,0,70,,3960,51,0,6,0,30,,3961,51,0,6,0,70,,3962,51,0,6,0,34,,3963,51,0,6,0,70,,3964,51,0,6,0,30,,3965,51,0,6,0,70,,3966,51,0,6,0,30,,3967,51,0,6,0,70,,3968,51,0,6,0,30,,3969,51,0,6,0,70,,3970,51,0,6,0,30,,3971,51,0,6,0,70,,3972,51,0,6,0,30,,3973,51,0,6,0,70,,3974,51,0,6,0,27,,3997,51,0,6,0,70,,3992,51,0,6,0
8019,'991',938,,4035,51,0,6,0,80,,4036,51,0,6,0,35,,4037,51,0,6,0,70,,4038,51,0,6,0,30,,4039,51,0,6,0,70,,4040,51,0,6,0,30,,4041,51,0,6,0,74,,4042,51,0,6,0,30,,4043,51,0,6,0,70,,4044,51,0,6,0,30,,4045,51,0,6,0,70,,4046,51,0,6,0,30,,4047,51,0,6,0,70,,4048,51,0,6,0,30,,4049,51,0,6,0,70,,4050,51,0,6,0,30,,4051,51,0,6,0,70,,4052,51,0,6,0,21,,4076,51,0,6,0,70,,4079,51,0,6,0
8019,'992',1008,,4097,51,0,6,0,40,,4081,51,0,6,0,83,,4082,51,0,6,0,87,,4099,51,0,6,0,85,,4083,51,0,6,0,45,,4100,51,0,6,0,85,,4084,51,0,6,0,85,,4101,51,0,6,0,85,,4085,51,0,6,0,45,,4102,51,0,6,0,83,,4086,51,0,6,0
15019,'990',702,,4994,20,,,0,30,,4995,20,,,0,70,,4996,20,,,0,30,,4997,20,,,0,70,,4998,20,,,0,30,,4999,20,,,0,70,,5000,20,,,0,30,,5001,20,,,0,70,,5002,20,,,0,30,,5003,20,,,0,70,,5004,20,,,0,30,,5005,20,,,0,70,,5006,20,,,0,30,,5007,20,,,0,70,,5008,20,,,0,30,,5009,20,,,0,70,,5010,20,,,0,30,,5011,20,,,0,70,,5012,20,,,0,30,,5013,20,,,0,70,,5014,20,,,0,30,,5015,20,,,0,70,,5016,20,,,0,30,,5017,20,,,0,70,,5018,20,,,0,40,,5019,20,,,0,85,,5020,20,,,0,83,,5021,20,4,,0,45,,5023,20,4,,0,85,,5024,20,4,,0,85,,5022,20,4,,0
15019,'991',638,,5025,20,4,,0,80,,5027,20,4,,0,40,,5028,20,4,,0,80,,5026,20,4,,0,81,,5029,20,,,0,40,,5030,20,,,0,75,,5032,20,,,0,70,,5033,20,,,0,30,,5034,20,,,0,70,,5035,20,,,0,30,,5036,20,,,0,70,,5037,20,,,0,30,,5038,20,,,0,70,,5039,20,,,0,30,,5040,20,,,0,70,,5041,20,,,0,30,,5042,20,,,0,70,,5043,20,,,0,30,,5044,20,,,0,70,,5045,20,,,0,30,,5046,20,,,0,70,,5047,20,,,0,30,,5048,20,,,0,70,,5049,20,,,0,37,,5050,20,,,0,85,,5051,20,,,0,84,,5052,20,4,,0,45,,5053,20,4,,0,85,,5054,20,4,,0,85,,5031,20,4,,0
15019,'992',828,,5055,20,4,,0,80,,5056,20,4,,0,40,,5057,20,4,,0,80,,5058,20,,,0,83,,5059,20,,,0,45,,5060,20,,,0,85,,5061,20,,,0,85,,5062,20,,,0,85,,5063,20,,,0,45,,5064,20,,,0,85,,5065,20,,,0,85,,5066,20,,,0,85,,5067,20,,,0,45,,5068,20,,,0,84,,5069,20,4,,0,85,,5070,20,4,,0,85,,5071,20,4,,0,45,,5072,20,4,,0,85,,5073,20,4,,0,85,,5074,20,4,,0
15029,'990',2110,,5123,1,,,0,45,,5125,1,,,0,85,,5126,1,,,0,85,,5124,1,,,0
15029,'991',638,,5127,1,,,0,80,,5129,1,,,0,40,,5130,1,,,0,80,,5128,1,,,0,1272,,5154,1,,,0,45,,5155,1,,,0,85,,5156,1,,,0,85,,5133,1,,,0
15029,'992',828,,5157,1,,,0,80,,5158,1,,,0,40,,5159,1,,,0,892,,5171,1,,,0,85,,5172,1,,,0,85,,5173,1,,,0,45,,5174,1,,,0,85,,5175,1,,,0,85,,5176,1,,,0
130003019,'990',701,,6023,17,,,0,15,,6024,17,0,13,0,15,,6025,17,,,0,15,,6026,17,0,13,0,55,,6027,17,,,0,15,,6028,17,0,13,0,15,,6029,17,,,0,15,,6030,17,0,13,0,55,,6031,17,,,0,15,,6032,17,0,13,0,15,,6033,17,,,0,15,,6034,17,0,13,0,55,,6020,17,,,0,15,,5978,17,0,13,0,15,,5979,17,,,0,15,,5980,17,0,13,0,55,,5981,17,,,0,15,,5982,17,0,13,0,15,,5983,17,,,0,15,,5984,17,0,13,0,55,,5985,17,,,0,15,,5986,17,0,13,0,15,,5987,17,,,0,15,,5988,17,0,13,0,55,,5989,17,,,0,15,,5990,17,0,13,0,15,,5991,17,,,0,15,,5992,17,0,13,0,55,,5993,17,,,0,15,,5994,17,0,13,0,15,,5995,17,,,0,15,,5996,17,0,13,0,55,,5997,17,,,0,15,,5998,17,0,13,0,15,,5999,17,,,0,15,,6000,17,0,13,0,55,,6001,17,,,0,15,,6002,17,0,13,0,15,,6003,17,,,0,15,,6004,17,0,13,0,55,,6005,17,,,0,15,,6006,17,0,13,0,11,,6007,17,,,0,19,,6008,17,0,13,0,55,,6009,17,,,0,15,,6015,17,0,13,0,15,,6017,17,,,0,15,,6013,17,0,13,0,55,,6018,17,,,0
130003019,'991',1016,,6053,17,0,13,0,15,,6054,17,,,0,15,,6055,17,0,13,0,55,,6056,17,,,0,15,,6057,17,0,13,0,15,,6058,17,,,0,15,,6059,17,0,13,0,55,,6060,17,,,0,15,,6061,17,0,13,0,15,,6062,17,,,0,15,,6063,17,0,13,0,55,,6064,17,,,0,15,,6065,17,0,13,0,15,,6066,17,,,0,15,,6067,17,0,13,0,55,,6068,17,,,0,15,,6069,17,0,13,0,15,,6070,17,,,0,15,,6071,17,0,13,0,55,,6072,17,,,0,15,,6073,17,0,13,0,15,,6074,17,,,0,15,,6075,17,0,13,0,55,,6076,17,,,0,15,,6077,17,0,13,0,15,,6078,17,,,0,15,,6079,17,0,13,0,55,,6080,17,,,0,15,,6081,17,0,13,0,15,,6082,17,,,0,15,,6083,17,0,13,0,55,,6084,17,,,0,15,,6085,17,0,13,0,15,,6100,17,,,0,15,,6092,17,0,13,0
