30003019,'1021',638,,12193,23,,,0,66,,12194,23,,,0,130,,12197,23,,,0,70,,12198,23,,,0,30,,12199,23,,,0,170,,12171,23,,,0,30,,12172,23,,,0,70,,12173,23,,,0,130,,12176,23,,,0,70,,12177,23,,,0,30,,12178,23,,,0,170,,12181,23,,,0,30,,12182,23,,,0,70,,12183,23,,,0,129,,12187,23,,,0,70,,12186,23,0,9,0,30,,12192,23,,,0,85,,12190,23,,,0,85,,12189,23,,,0,45,,12191,23,,,0,85,,12188,23,,,0,85,,12201,23,0,7 8,0
30003019,'1022',734,,12195,23,,,0,70,,14019,23,,,0,200,,12200,23,,,0,28,,14015,23,,,0,202,,12174,23,,,0,70,,14016,23,,,0,200,,12179,23,,,0,30,,14017,23,,,0,200,,12184,23,,,0,70,,14018,23,,,0
30003019,'1024',900,,12202,23,,,0,40,,12203,23,,,0,80,,12204,23,,,0,80,,12205,23,,,0,47,,12206,23,,,0,88,,12207,23,,,0,85,,12208,23,,,0,85,,12209,23,,,0,45,,12210,23,,,0,85,,12211,23,,,0,85,,12212,23,,,0,85,,12213,23,,,0,45,,12214,23,,,0,85,,12215,23,,,0,85,,12216,23,,,0,85,,12217,23,,,0,45,,12218,23,,,0,85,,12219,23,,,0,85,,12221,23,0,9,0,82,,12220,23,0,9,0
30003019,'1025',638,,15337,23,,,0,66,,15338,23,,,0,30,,15339,23,,,0,70,,15340,23,,,0,30,,15341,23,,,0,70,,15342,23,,,0,30,,15343,23,,,0,70,,15344,23,,,0,28,,15314,23,,,0,72,,15315,23,,,0,30,,15316,23,,,0,70,,15317,23,,,0,30,,15318,23,,,0,70,,15319,23,,,0,30,,15320,23,,,0,70,,15321,23,,,0,30,,15322,23,,,0,70,,15323,23,,,0,30,,15324,23,,,0,70,,15325,23,,,0,30,,15326,23,,,0,70,,15327,23,,,0,30,,15328,23,,,0,70,,15329,23,,,0,29,,15331,23,,,0,70,,15330,23,0,9,0,30,,15336,23,,,0,85,,15334,23,,,0,85,,15333,23,,,0,45,,15335,23,,,0,85,,15332,23,,,0,85,,15345,23,0,7 8,0
30003019,'1026',635,,15346,23,,,0,75,,15347,23,,,0,40,,15348,23,,,0,80,,15349,23,,,0,80,,15350,23,,,0,40,,15351,23,,,0,82,,15352,23,,,0,72,,15353,23,,,0,30,,15354,23,,,0,70,,15355,23,,,0,30,,15356,23,,,0,70,,15357,23,,,0,30,,15358,23,,,0,70,,15359,23,,,0,30,,15360,23,,,0,70,,15361,23,,,0,30,,15362,23,,,0,70,,15363,23,,,0,30,,15364,23,,,0,70,,15365,23,,,0,30,,15366,23,,,0,70,,15367,23,,,0,27,,15368,23,,,0,28,,15369,23,0,9,0,70,,15375,23,,,0,85,,15370,23,,,0,45,,15371,23,,,0,88,,15372,23,,,0,85,,15373,23,,,0,82,,15374,23,0,9,0
30003019,'1027',900,,15376,23,,,0,40,,15377,23,,,0,80,,15378,23,,,0,80,,15379,23,,,0,47,,15380,23,,,0,88,,15381,23,,,0,85,,15382,23,,,0,85,,15383,23,,,0,45,,15384,23,,,0,85,,15385,23,,,0,85,,15386,23,,,0,85,,15387,23,,,0,45,,15388,23,,,0,85,,15389,23,,,0,85,,15390,23,,,0,85,,15391,23,,,0,45,,15392,23,,,0,85,,15393,23,,,0,85,,15395,23,0,9,0,82,,15394,23,0,9,0
30003019,'996',900,,15396,23,,,0,40,,15397,23,,,0,80,,15398,23,,,0,80,,15399,23,,,0,47,,15400,23,,,0,88,,15401,23,,,0,85,,15402,23,,,0,85,,15403,23,,,0,45,,15404,23,,,0,85,,15405,23,,,0,85,,15406,23,,,0,85,,15407,23,,,0,45,,15408,23,,,0,85,,15409,23,,,0,85,,15410,23,,,0,85,,15411,23,,,0,45,,15412,23,,,0,85,,15413,23,,,0,85,,15415,23,0,9,0,82,,15414,23,0,9,0
100003019,'1021',648,,12391,15,,,0,101,,12393,17,,,0,70,,12394,17,,,0,100,,12396,17,,,0,100,,12374,17,,,0,30,,12375,17,,,0,100,,12377,17,,,0,100,,12379,17,,,0,70,,12380,17,,,0,100,,12382,17,,,0,100,,12384,17,,,0,30,,12385,17,,,0,100,,12387,17,,,0,100,,12389,17,,,0,70,,12390,17,,,0,100,,12399,17,0,9,0
100003019,'1022',719,,12392,17,,,0,130,,14038,17,,,0,100,,12397,17,,,0,170,,14035,17,,,0,100,,12378,17,,,0,130,,14036,17,,,0,100,,12383,17,,,0,170,,14037,17,,,0,100,,12388,17,,,0,130,,14039,17,,,0
100003019,'1025',648,,15535,15,,,0,71,,15536,17,,,0,30,,15537,17,,,0,70,,15538,17,,,0,30,,15539,17,,,0,70,,15540,17,,,0,30,,15541,17,,,0,70,,15518,17,,,0,30,,15519,17,,,0,70,,15520,17,,,0,30,,15521,17,,,0,70,,15522,17,,,0,30,,15523,17,,,0,70,,15524,17,,,0,30,,15525,17,,,0,70,,15526,17,,,0,30,,15527,17,,,0,70,,15528,17,,,0,30,,15529,17,,,0,70,,15530,17,,,0,30,,15531,17,,,0,70,,15532,17,,,0,30,,15533,17,,,0,70,,15534,17,,,0,30,,15542,17,,,0,70,,15543,17,0,9,0
100003019,'1026',1019,,15544,17,,,0,30,,15545,17,,,0,70,,15546,17,,,0,30,,15547,17,,,0,70,,15548,17,,,0,30,,15549,17,,,0,70,,15550,17,,,0,30,,15551,17,,,0,70,,15552,17,,,0,30,,15553,17,,,0,70,,15554,17,,,0,30,,15555,17,,,0,70,,15556,17,,,0,30,,15557,17,,,0,70,,15558,17,,,0,30,,15559,17,,,0,70,,15560,17,,,0,30,,15561,17,,,0,70,,15562,17,0,9,0
