5019,'1021',700,,10180,1,,,0,30,,10181,1,,,0,99,,10183,1,,,0,71,,10184,1,,,0,100,,10163,1,,,0,30,,10164,1,,,0,100,,10166,1,,,0,70,,10167,1,,,0,100,,10169,1,,,0,30,,10170,1,,,0,100,,10172,1,,,0,70,,10173,1,,,0,100,,10175,1,,,0,30,,10176,1,,,0,100,,10178,1,,,0,70,,10156,1,,,0,100,,10158,1,,,0,44,,10159,1,,,0,84,,10160,1,,,0,86,,10161,1,,,0,45,,10162,1,,,0,84,,10186,1,,,0,86,,10187,1,,,0
5019,'1024',830,,10188,1,,,0,80,,10189,1,,,0,40,,10190,1,,,0,80,,10191,1,,,0,85,,10192,1,,,0,85,,10193,1,,,0,45,,10194,1,,,0,85,,10195,1,,,0,85,,10196,1,,,0,85,,10197,1,,,0,45,,10198,1,,,0,85,,10199,1,,,0,85,,10200,1,,,0,85,,10201,1,,,0,45,,10202,1,,,0,85,,10203,1,,,0,85,,10204,1,,,0,85,,10205,1,,,0,45,,10206,1,,,0,85,,10207,1,,,0
5019,'1025',700,,14436,1,,,0,30,,14437,1,,,0,99,,14438,1,,,0,71,,14439,1,,,0,100,,14425,1,,,0,30,,14426,1,,,0,100,,14427,1,,,0,70,,14428,1,,,0,100,,14429,1,,,0,30,,14430,1,,,0,100,,14431,1,,,0,70,,14432,1,,,0,100,,14433,1,,,0,30,,14434,1,,,0,100,,14435,1,,,0,70,,14419,1,,,0,100,,14420,1,,,0,44,,14421,1,,,0,84,,14422,1,,,0,86,,14423,1,,,0,45,,14424,1,,,0,84,,14440,1,,,0,86,,14441,1,,,0
5019,'1026',600,,14442,1,,,0,40,,14443,1,,,0,80,,14444,1,,,0,80,,14445,1,,,0,40,,14446,1,,,0,80,,14447,1,,,0,80,,14448,1,,,0,30,,14449,1,,,0,70,,14450,1,,,0,30,,14451,1,,,0,70,,14452,1,,,0,30,,14453,1,,,0,70,,14454,1,,,0,30,,14455,1,,,0,70,,14456,1,,,0,30,,14457,1,,,0,70,,14458,1,,,0,30,,14459,1,,,0,70,,14460,1,,,0,30,,14461,1,,,0,70,,14462,1,,,0,30,,14463,1,,,0,70,,14464,1,,,0,30,,14465,1,,,0,70,,14466,1,,,0,44,,14467,1,,,0,84,,14468,1,,,0,86,,14469,1,,,0,45,,14470,1,,,0,85,,14472,1,,,0,85,,14471,1,,,0
5019,'1027',830,,14473,1,,,0,80,,14474,1,,,0,40,,14475,1,,,0,80,,14476,1,,,0,85,,14477,1,,,0,85,,14478,1,,,0,45,,14479,1,,,0,85,,14480,1,,,0,85,,14481,1,,,0,85,,14482,1,,,0,45,,14483,1,,,0,85,,14484,1,,,0,85,,14485,1,,,0,85,,14486,1,,,0,45,,14487,1,,,0,85,,14488,1,,,0,85,,14489,1,,,0,85,,14490,1,,,0,45,,14491,1,,,0,85,,14492,1,,,0
5019,'994',630,,10179,1,,,0,170,,10182,1,,,0,130,,10185,1,,,0,170,,10165,1,,,0,130,,10168,1,,,0,170,,10171,1,,,0,130,,10174,1,,,0,170,,10177,1,,,0,130,,10157,1,,,0
5019,'996',830,,14493,1,,,0,80,,14494,1,,,0,40,,14495,1,,,0,80,,14496,1,,,0,85,,14497,1,,,0,85,,14498,1,,,0,45,,14499,1,,,0,85,,14500,1,,,0,85,,14501,1,,,0,85,,14502,1,,,0,45,,14503,1,,,0,85,,14504,1,,,0,85,,14505,1,,,0,85,,14506,1,,,0,45,,14507,1,,,0,85,,14508,1,,,0,85,,14509,1,,,0,85,,14510,1,,,0,45,,14511,1,,,0,85,,14512,1,,,0
5029,'1021',659,,10282,21,4,,0,70,,10283,21,4,,0,99,,10285,21,4,,0,31,,10286,21,4,,0,100,,10288,21,4,,0,70,,10266,21,4,,0,100,,10268,21,4,,0,30,,10269,21,4,,0,100,,10271,21,4,,0,70,,10272,21,4,,0,100,,10274,21,4,,0,30,,10275,21,4,,0,100,,10277,21,4,,0,70,,10278,21,4,,0,100,,10280,21,4,,0,30,,10281,21,4,,0,100,,10260,21,4,,0,84,,10261,21,4,,0,84,,10262,21,4,,0,86,,10263,21,4,,0,45,,10264,21,4,,0,85,,10265,21,4,,0,85,,10289,21,4,,0
5029,'1024',909,,10290,21,4,,0,40,,10291,21,4,,0,80,,10292,21,4,,0,85,,10293,21,4,,0,45,,10294,21,4,,0,85,,10295,21,4,,0,85,,10296,21,4,,0,85,,10297,21,4,,0,45,,10298,21,4,,0,85,,10299,21,4,,0,85,,10300,21,4,,0,85,,10301,21,4,,0,45,,10302,21,4,,0,85,,10303,21,4,,0,85,,10304,21,4,,0,85,,10305,21,4,,0,45,,10306,21,4,,0,85,,10307,21,4,,0,85,,10308,21,4,,0,85,,10309,21,4,,0
5029,'1025',659,,14530,21,4,,0,70,,14531,21,4,,0,99,,14532,21,4,,0,31,,14533,21,4,,0,100,,14534,21,4,,0,70,,14519,21,4,,0,100,,14520,21,4,,0,30,,14521,21,4,,0,100,,14522,21,4,,0,70,,14523,21,4,,0,100,,14524,21,4,,0,30,,14525,21,4,,0,100,,14526,21,4,,0,70,,14527,21,4,,0,100,,14528,21,4,,0,30,,14529,21,4,,0,100,,14513,21,4,,0,84,,14514,21,4,,0,84,,14515,21,4,,0,86,,14516,21,4,,0,45,,14517,21,4,,0,85,,14518,21,4,,0,85,,14535,21,4,,0
5029,'1026',639,,14536,21,4,,0,80,,14537,21,4,,0,40,,14538,21,4,,0,80,,14539,21,4,,0,80,,14540,21,4,,0,40,,14541,21,4,,0,70,,14542,21,4,,0,30,,14543,21,4,,0,70,,14544,21,4,,0,30,,14545,21,4,,0,70,,14546,21,4,,0,30,,14547,21,4,,0,70,,14548,21,4,,0,30,,14549,21,4,,0,70,,14550,21,4,,0,30,,14551,21,4,,0,70,,14552,21,4,,0,30,,14553,21,4,,0,70,,14554,21,4,,0,30,,14555,21,4,,0,70,,14556,21,4,,0,30,,14557,21,4,,0,70,,14558,21,4,,0,30,,14559,21,4,,0,84,,14560,21,4,,0,84,,14561,21,4,,0,86,,14562,21,4,,0,45,,14563,21,4,,0,85,,14565,21,4,,0,85,,14564,21,4,,0
5029,'1027',909,,14566,21,4,,0,40,,14567,21,4,,0,80,,14568,21,4,,0,85,,14569,21,4,,0,45,,14570,21,4,,0,85,,14571,21,4,,0,85,,14572,21,4,,0,85,,14573,21,4,,0,45,,14574,21,4,,0,85,,14575,21,4,,0,85,,14576,21,4,,0,85,,14577,21,4,,0,45,,14578,21,4,,0,85,,14579,21,4,,0,85,,14580,21,4,,0,85,,14581,21,4,,0,45,,14582,21,4,,0,85,,14583,21,4,,0,85,,14584,21,4,,0,85,,14585,21,4,,0
5029,'994',759,,10284,21,4,,0,170,,10287,21,4,,0,130,,10267,21,4,,0,170,,10270,21,4,,0,130,,10273,21,4,,0,170,,10276,21,4,,0,130,,10279,21,4,,0,170,,10259,21,4,,0
5029,'996',909,,14586,21,4,,0,40,,14587,21,4,,0,80,,14588,21,4,,0,85,,14589,21,4,,0,45,,14590,21,4,,0,85,,14591,21,4,,0,85,,14592,21,4,,0,85,,14593,21,4,,0,45,,14594,21,4,,0,85,,14595,21,4,,0,85,,14596,21,4,,0,85,,14597,21,4,,0,45,,14598,21,4,,0,85,,14599,21,4,,0,85,,14600,21,4,,0,85,,14601,21,4,,0,45,,14602,21,4,,0,85,,14603,21,4,,0,85,,14604,21,4,,0,85,,14605,21,4,,0
