14029,'1010',703,,11498,7,,,0,230,,11503,7,,,0,270,,11477,7,,,0,230,,11482,7,,,0,270,,11487,7,,,0,222,,11493,7,,,0,85,,11490,7,,,0,45,,11492,7,,,0,85,,11491,7,,,0,85,,11494,7,,,0,85,,11505,7,,,0
14029,'1011',803,,11500,7,,,0,230,,11474,7,,,0,270,,11479,7,,,0,230,,11484,7,,,0,270,,11489,7,,,0
14029,'1012',803,,12873,7,,,0,230,,12869,7,,,0,270,,12870,7,,,0,230,,12871,7,,,0,270,,12872,7,,,0
14029,'1014',813,,11506,7,,,0,40,,11507,7,,,0,80,,11508,7,,,0,80,,11509,7,,,0,43,,11510,7,,,0,85,,11511,7,,,0,85,,11512,7,,,0,85,,11513,7,,,0,45,,11514,7,,,0,85,,11515,7,,,0,85,,11516,7,,,0,85,,11517,7,,,0,45,,11518,7,,,0,85,,11519,7,,,0,85,,11520,7,,,0,85,,11521,7,,,0,45,,11522,7,,,0,85,,11523,7,,,0,85,,11524,7,,,0,85,,11525,7,,,0
14029,'1015',703,,13653,7,,,0,230,,13654,7,,,0,270,,13645,7,,,0,230,,13646,7,,,0,270,,13647,7,,,0,222,,13651,7,,,0,85,,13648,7,,,0,45,,13650,7,,,0,85,,13649,7,,,0,85,,13652,7,,,0,85,,13655,7,,,0
14029,'1016',623,,13656,7,,,0,80,,13657,7,,,0,40,,13658,7,,,0,80,,13659,7,,,0,80,,13660,7,,,0,40,,13661,7,,,0,260,,13662,7,,,0,230,,13663,7,,,0,270,,13664,7,,,0,222,,13665,7,,,0,85,,13666,7,,,0,45,,13667,7,,,0,85,,13668,7,,,0,85,,13670,7,,,0,85,,13669,7,,,0
14029,'1017',813,,13671,7,,,0,40,,13672,7,,,0,80,,13673,7,,,0,80,,13674,7,,,0,43,,13675,7,,,0,85,,13676,7,,,0,85,,13677,7,,,0,85,,13678,7,,,0,45,,13679,7,,,0,85,,13680,7,,,0,85,,13681,7,,,0,85,,13682,7,,,0,45,,13683,7,,,0,85,,13684,7,,,0,85,,13685,7,,,0,85,,13686,7,,,0,45,,13687,7,,,0,85,,13688,7,,,0,85,,13689,7,,,0,85,,13690,7,,,0
14029,'1018',813,,13691,7,,,0,40,,13692,7,,,0,80,,13693,7,,,0,80,,13694,7,,,0,43,,13695,7,,,0,85,,13696,7,,,0,85,,13697,7,,,0,85,,13698,7,,,0,45,,13699,7,,,0,85,,13700,7,,,0,85,,13701,7,,,0,85,,13702,7,,,0,45,,13703,7,,,0,85,,13704,7,,,0,85,,13705,7,,,0,85,,13706,7,,,0,45,,13707,7,,,0,85,,13708,7,,,0,85,,13709,7,,,0,85,,13710,7,,,0
14029,'994',612,,11496,7,,,0,21,,11497,7,,,0,100,,11499,7,,,0,100,,11501,7,,,0,70,,11502,7,,,0,100,,11473,7,,,0,100,,11475,7,,,0,30,,11476,7,,,0,100,,11478,7,,,0,100,,11480,7,,,0,70,,11481,7,,,0,100,,11483,7,,,0,100,,11485,7,,,0,30,,11486,7,,,0,100,,11488,7,,,0,100,,11495,7,,,0,70,,11504,7,,,0
14029,'995',1003,,11532,7,,,0,30,,11533,7,,,0,70,,11534,7,,,0,30,,11535,7,,,0,100,,11537,7,,,0,70,,11538,7,,,0,30,,11539,7,,,0,70,,11540,7,,,0,100,,11542,7,,,0,30,,11543,7,,,0,70,,11544,7,,,0,30,,11545,7,,,0,100,,11547,7,,,0,70,,11548,7,,,0,30,,11549,7,,,0,70,,11555,7,,,0
