2019,'1002',700,,6685,14,0,9,0,33,,6686,14,0,9,0,70,,6687,14,0,9,0,30,,6688,14,0,9,0,69,,6689,14,0,9,0,31,,6690,14,0,9,0,70,,6691,14,0,9,0,30,,6654,14,0,9,0,70,,6655,14,0,9,0,30,,6656,14,0,9,0,70,,6657,14,0,9,0,30,,6658,14,0,9,0,70,,6659,14,0,9,0,30,,6660,14,0,9,0,70,,6661,14,0,9,0,30,,6662,14,0,9,0,70,,6663,14,0,9,0,30,,6664,14,0,9,0,70,,6665,14,0,9,0,30,,6666,14,0,9,0,70,,6667,14,0,9,0,30,,6668,14,0,9,0,70,,6669,14,0,9,0,30,,6652,14,0,9,0,70,,6653,14,0,9,0,30,,6706,14,0,9,0,85,,6707,14,0,9,0,85,,6708,14,0,9,0,45,,6704,14,0,9,0,85,,6705,14,0,9,0,85,,6709,14,0,9,0,84,,6701,14,0,9,0,16,,6703,14,0,9,0
2019,'1003',700,,9988,14,0,9,0,33,,9989,14,0,9,0,70,,9990,14,0,9,0,30,,9991,14,0,9,0,69,,9992,14,0,9,0,31,,9993,14,0,9,0,70,,9994,14,0,9,0,30,,9957,14,0,9,0,70,,9958,14,0,9,0,30,,9959,14,0,9,0,70,,9960,14,0,9,0,30,,9961,14,0,9,0,70,,9962,14,0,9,0,30,,9963,14,0,9,0,70,,9964,14,0,9,0,30,,9965,14,0,9,0,70,,9966,14,0,9,0,30,,9967,14,0,9,0,70,,9968,14,0,9,0,30,,9969,14,0,9,0,70,,9970,14,0,9,0,30,,9971,14,0,9,0,70,,9972,14,0,9,0,30,,9955,14,0,9,0,70,,9956,14,0,9,0,30,,10009,14,0,9,0,85,,10010,14,0,9,0,85,,10011,14,0,9,0,45,,10007,14,0,9,0,85,,10008,14,0,9,0,85,,10012,14,0,9,0,84,,10004,14,0,9,0,16,,10006,14,0,9,0
2019,'1004',859,,10040,14,0,9,0,80,,10050,14,0,9,0,80,,10041,14,0,9,0,82,,10032,14,0,9,0,40,,10042,14,0,9,0,90,,10033,14,0,9,0,85,,10043,14,0,9,0,85,,10034,14,0,9,0,45,,10044,14,0,9,0,85,,10035,14,0,9,0,85,,10045,14,0,9,0,85,,10039,14,0,9,0,45,,10036,14,0,9,0,85,,10049,14,0,9,0,85,,10046,14,0,9,0,85,,10047,14,0,9,0,45,,10048,14,0,9,0,85,,10037,14,0,9,0,85,,10038,14,0,9,0,85,,10051,14,0,9,0
2019,'995',625,,10053,14,0,9,0,80,,10054,14,0,9,0,40,,10055,14,0,9,0,80,,10056,14,0,9,0,80,,10057,14,0,9,0,42,,10058,14,0,9,0,85,,10059,14,0,9,0,70,,10060,14,0,9,0,30,,10061,14,0,9,0,70,,10062,14,0,9,0,30,,10063,14,0,9,0,70,,10064,14,0,9,0,30,,10065,14,0,9,0,70,,10066,14,0,9,0,30,,10067,14,0,9,0,70,,10068,14,0,9,0,30,,10069,14,0,9,0,70,,10070,14,0,9,0,30,,10071,14,0,9,0,70,,10072,14,0,9,0,30,,10073,14,0,9,0,70,,10074,14,0,9,0,30,,10075,14,0,9,0,70,,10076,14,0,9,0,30,,10077,14,0,9,0,84,,10078,14,0,9,0,43,,10079,14,0,9,0,85,,10080,14,0,9,0,85,,10081,14,0,9,0,85,,10112,14,0,9,0,45,,10111,14,0,9,0,55,,10115,14,0,9,0
2019,'996',859,,10143,14,0,9,0,80,,10153,14,0,9,0,80,,10144,14,0,9,0,82,,10135,14,0,9,0,40,,10145,14,0,9,0,90,,10136,14,0,9,0,85,,10146,14,0,9,0,85,,10137,14,0,9,0,45,,10147,14,0,9,0,85,,10138,14,0,9,0,85,,10148,14,0,9,0,85,,10142,14,0,9,0,45,,10139,14,0,9,0,85,,10152,14,0,9,0,85,,10149,14,0,9,0,85,,10150,14,0,9,0,45,,10151,14,0,9,0,85,,10140,14,0,9,0,85,,10141,14,0,9,0,85,,10154,14,0,9,0
11019,'1002',620,,7856,9,,,0,30,,7857,9,,,0,70,,7858,9,,,0,30,,7859,9,,,0,70,,7860,9,,,0,30,,7861,9,,,0,70,,7862,9,,,0,30,,7863,9,,,0,70,,7840,9,,,0,30,,7841,9,,,0,70,,7842,9,,,0,30,,7843,9,,,0,70,,7844,9,,,0,30,,7845,9,,,0,70,,7846,9,,,0,30,,7847,9,,,0,70,,7848,9,,,0,30,,7849,9,,,0,70,,7850,9,,,0,30,,7851,9,,,0,70,,7852,9,,,0,30,,7853,9,,,0,70,,7854,9,,,0,30,,7855,9,,,0,70,,7865,9,,,0,30,,7864,9,,,0
11019,'1003',620,,11185,9,,,0,30,,11186,9,,,0,70,,11187,9,,,0,30,,11188,9,,,0,70,,11189,9,,,0,30,,11190,9,,,0,70,,11191,9,,,0,30,,11192,9,,,0,70,,11169,9,,,0,30,,11170,9,,,0,70,,11171,9,,,0,30,,11172,9,,,0,70,,11173,9,,,0,30,,11174,9,,,0,70,,11175,9,,,0,30,,11176,9,,,0,70,,11177,9,,,0,30,,11178,9,,,0,70,,11179,9,,,0,30,,11180,9,,,0,70,,11181,9,,,0,30,,11182,9,,,0,70,,11183,9,,,0,30,,11184,9,,,0,70,,11194,9,,,0,30,,11193,9,,,0
11019,'995',1020,,11195,9,,,0,30,,11196,9,,,0,70,,11197,9,,,0,30,,11198,9,,,0,70,,11199,9,,,0,30,,11200,9,,,0,70,,11201,9,,,0,30,,11202,9,,,0,70,,11203,9,,,0,30,,11204,9,,,0,70,,11205,9,,,0,30,,11206,9,,,0,70,,11207,9,,,0,30,,11208,9,,,0,70,,11209,9,,,0,30,,11210,9,,,0,70,,11211,9,,,0,30,,11212,9,,,0
13029,'1002',1932,,8058,13,,,0,85,,8053,13,,,0,85,,8054,13,,,0,45,,8056,13,,,0,83,,8055,13,,,0,85,,8057,13,,,0
13029,'1003',1932,,11318,13,,,0,85,,11313,13,,,0,85,,11314,13,,,0,45,,11316,13,,,0,83,,11315,13,,,0,85,,11317,13,,,0
13029,'1004',900,,11319,13,,,0,40,,11320,13,,,0,80,,11321,13,,,0,80,,11322,13,,,0,46,,11323,13,,,0,85,,11324,13,,,0,85,,11325,13,,,0,85,,11326,13,,,0,45,,11327,13,,,0,85,,11328,13,,,0,85,,11329,13,,,0,85,,11330,13,,,0,45,,11331,13,,,0,85,,11332,13,,,0,85,,11333,13,,,0,85,,11334,13,,,0,44,,11335,13,,,0,85,,11336,13,,,0,85,,11337,13,,,0
13029,'995',629,,11338,13,,,0,80,,11339,13,,,0,40,,11340,13,,,0,80,,11341,13,,,0,81,,11342,13,,,0,40,,11343,13,,,0,982,,11344,13,,,0,85,,11345,13,,,0,85,,11346,13,,,0,45,,11347,13,,,0,85,,11348,13,,,0,85,,11349,13,,,0
13029,'996',900,,11350,13,,,0,40,,11351,13,,,0,80,,11352,13,,,0,80,,11353,13,,,0,46,,11354,13,,,0,85,,11355,13,,,0,85,,11356,13,,,0,85,,11357,13,,,0,45,,11358,13,,,0,85,,11359,13,,,0,85,,11360,13,,,0,85,,11361,13,,,0,45,,11362,13,,,0,85,,11363,13,,,0,85,,11364,13,,,0,85,,11365,13,,,0,44,,11366,13,,,0,85,,11367,13,,,0,85,,11368,13,,,0
