1019,'1004',752,,9709,7,,,0,80,,9710,7,,,0,20,,9730,7,,,0,60,,9711,7,,,0,20,,9712,7,,,0,20,,9732,7,,,0,60,,9713,7,,,0,20,,9734,7,,,0,23,,9714,7,,,0,62,,9736,7,,,0,23,,9715,7,,,0,62,,9731,7,,,0,23,,9716,7,,,0,22,,9733,7,,,0,63,,9717,7,,,0,22,,9735,7,,,0,23,,9718,7,,,0,62,,9737,7,,,0,23,,9719,7,,,0,62,,9738,7,,,0,23,,9720,7,,,0,22,,9739,7,,,0,63,,9721,7,,,0,22,,9740,7,,,0,23,,9722,7,,,0,62,,9741,7,,,0,23,,9742,7,,,0,62,,9723,7,,,0,23,,9743,7,,,0,22,,9724,7,,,0,85,,9726,7,,,0,85,,9725,7,,,0,85,,9727,7,,,0,45,,9729,7,,,0,85,,9728,7,,,0,83,,9744,7,,,0
1019,'1010',603,,9675,7,,,0,30,,9676,7,,,0,70,,9677,7,,,0,30,,9678,7,,,0,70,,9679,7,,,0,30,,9680,7,,,0,70,,9681,7,,,0,30,,9682,7,,,0,70,,9683,7,,,0,30,,9684,7,,,0,70,,9685,7,,,0,30,,9686,7,,,0,70,,9687,7,,,0,30,,9688,7,,,0,70,,9689,7,,,0,30,,9690,7,,,0,70,,9691,7,,,0,30,,9692,7,,,0,70,,9693,7,,,0,30,,9694,7,,,0,70,,9695,7,,,0,30,,9696,7,,,0,70,,9697,7,,,0,30,,9698,7,,,0,70,,9699,7,,,0,30,,9701,7,,,0,69,,9708,7,,,0,45,,9703,7,,,0,85,,9702,7,,,0,170,,9705,7,,,0,45,,9706,7,,,0,164,,9707,7,,,0
1019,'1015',603,,12923,7,,,0,30,,12924,7,,,0,70,,12925,7,,,0,30,,12926,7,,,0,70,,12927,7,,,0,30,,12928,7,,,0,70,,12929,7,,,0,30,,12930,7,,,0,70,,12931,7,,,0,30,,12932,7,,,0,70,,12933,7,,,0,30,,12934,7,,,0,70,,12935,7,,,0,30,,12936,7,,,0,70,,12937,7,,,0,30,,12938,7,,,0,70,,12939,7,,,0,30,,12940,7,,,0,70,,12941,7,,,0,30,,12942,7,,,0,70,,12943,7,,,0,30,,12944,7,,,0,70,,12945,7,,,0,30,,12946,7,,,0,70,,12947,7,,,0,30,,12948,7,,,0,69,,12954,7,,,0,45,,12950,7,,,0,85,,12949,7,,,0,170,,12951,7,,,0,45,,12952,7,,,0,164,,12953,7,,,0
1019,'1016',602,,12955,7,,,0,40,,12956,7,,,0,80,,12957,7,,,0,80,,12958,7,,,0,40,,12959,7,,,0,80,,12960,7,,,0,20,,12987,7,,,0,60,,12985,7,,,0,31,,12965,7,,,0,70,,12964,7,,,0,30,,12967,7,,,0,70,,12966,7,,,0,30,,12969,7,,,0,70,,12968,7,,,0,30,,12971,7,,,0,70,,12970,7,,,0,30,,12973,7,,,0,70,,12972,7,,,0,30,,12975,7,,,0,70,,12974,7,,,0,30,,12977,7,,,0,70,,12976,7,,,0,30,,12963,7,,,0,70,,12978,7,,,0,30,,12986,7,,,0,69,,12980,7,,,0,45,,12979,7,,,0,85,,12981,7,,,0,85,,12983,7,,,0,85,,12982,7,,,0,45,,12961,7,,,0,85,,12984,7,,,0,80,,12962,7,,,0
1019,'994',2117,,9704,7,,,0,215,,9700,7,,,0
1019,'996',752,,9778,7,,,0,80,,9779,7,,,0,20,,9799,7,,,0,60,,9780,7,,,0,20,,9781,7,,,0,20,,9801,7,,,0,60,,9782,7,,,0,20,,9803,7,,,0,23,,9783,7,,,0,62,,9805,7,,,0,23,,9784,7,,,0,62,,9800,7,,,0,23,,9785,7,,,0,22,,9802,7,,,0,63,,9786,7,,,0,22,,9804,7,,,0,23,,9787,7,,,0,62,,9806,7,,,0,23,,9788,7,,,0,62,,9807,7,,,0,23,,9789,7,,,0,22,,9808,7,,,0,63,,9790,7,,,0,22,,9809,7,,,0,23,,9791,7,,,0,62,,9810,7,,,0,23,,9811,7,,,0,62,,9792,7,,,0,23,,9812,7,,,0,22,,9793,7,,,0,85,,9795,7,,,0,85,,9794,7,,,0,85,,9796,7,,,0,45,,9798,7,,,0,85,,9797,7,,,0,83,,9813,7,,,0
2019,'1004',833,,10013,6,0,12,0,80,,10014,6,0,12,0,40,,10015,6,0,12,0,80,,10016,6,0,12,0,85,,10017,6,0,12,0,85,,10018,6,0,12,0,45,,10019,6,0,12,0,85,,10020,6,0,12,0,85,,10021,6,0,12,0,85,,10022,6,0,12,0,45,,10023,6,0,12,0,85,,10024,6,0,12,0,85,,10025,6,0,12,0,85,,10026,6,0,12,0,45,,10027,6,0,12,0,85,,10028,6,0,12,0,85,,10029,6,0,12,0,85,,10030,6,0,12,0,45,,10031,6,0,12,0,85,,10052,6,0,12,0
2019,'1016',603,,13081,6,0,12,0,40,,13082,6,0,12,0,80,,13083,6,0,12,0,80,,13084,6,0,12,0,40,,13085,6,0,12,0,80,,13086,6,0,12,0,25,,13112,6,0,12,0,70,,13087,6,0,12,0,30,,13088,6,0,12,0,70,,13089,6,0,12,0,30,,13090,6,0,12,0,70,,13091,6,0,12,0,30,,13092,6,0,12,0,70,,13093,6,0,12,0,30,,13094,6,0,12,0,70,,13095,6,0,12,0,30,,13096,6,0,12,0,70,,13097,6,0,12,0,30,,13098,6,0,12,0,70,,13099,6,0,12,0,30,,13100,6,0,12,0,70,,13101,6,0,12,0,30,,13102,6,0,12,0,70,,13113,6,0,12,0,85,,13103,6,0,12,0,45,,13104,6,0,12,0,85,,13105,6,0,12,0,85,,13106,6,0,12,0,85,,13107,6,0,12,0,45,,13108,6,0,12,0,85,,13109,6,0,5,0
2019,'994',623,,9996,6,0,12,0,25,,9997,6,0,12,0,70,,9998,6,0,12,0,30,,9999,6,0,12,0,70,,10000,6,0,12,0,30,,10001,6,0,12,0,70,,10002,6,0,12,0,30,,9995,6,0,12,0,70,,9973,6,0,12,0,30,,9974,6,0,12,0,70,,9975,6,0,12,0,30,,9976,6,0,12,0,70,,9977,6,0,12,0,30,,9978,6,0,12,0,70,,9979,6,0,12,0,30,,9980,6,0,12,0,70,,9981,6,0,12,0,30,,9982,6,0,12,0,70,,9983,6,0,12,0,30,,9984,6,0,12,0,70,,9985,6,0,12,0,30,,9986,6,0,12,0,70,,9987,6,0,12,0,30,,9948,6,0,12,0,70,,9949,6,0,12,0,85,,9950,6,0,12,0,45,,9951,6,0,12,0,85,,9952,6,0,12,0,85,,9953,6,0,12,0,85,,9954,6,0,12,0,45,,10003,6,0,12,0,85,,10005,6,0,5,0
2019,'996',833,,10116,6,0,12,0,80,,10117,6,0,12,0,40,,10118,6,0,12,0,80,,10119,6,0,12,0,85,,10120,6,0,12,0,85,,10121,6,0,12,0,45,,10122,6,0,12,0,85,,10123,6,0,12,0,85,,10124,6,0,12,0,85,,10125,6,0,12,0,45,,10126,6,0,12,0,85,,10127,6,0,12,0,85,,10128,6,0,12,0,85,,10129,6,0,12,0,45,,10130,6,0,12,0,85,,10131,6,0,12,0,85,,10132,6,0,12,0,85,,10133,6,0,12,0,45,,10134,6,0,12,0,85,,10155,6,0,12,0
