1019,'976',750,,3362,2,,,0,80,,3363,2,,,0,20,,125,2,,,0,60,,3364,2,,,0,20,,107,2,,,0,20,,3373,2,,,0,60,,108,2,,,0,20,,3375,2,,,0,23,,109,2,,,0,62,,3377,2,,,0,23,,110,2,,,0,62,,3372,2,,,0,23,,111,2,,,0,22,,3374,2,,,0,63,,112,2,,,0,22,,3376,2,,,0,23,,113,2,,,0,62,,3378,2,,,0,23,,114,2,,,0,62,,3379,2,,,0,23,,115,2,,,0,22,,3380,2,,,0,63,,116,2,,,0,22,,3381,2,,,0,23,,117,2,,,0,62,,3382,2,,,0,23,,137,2,,,0,62,,3365,2,,,0,23,,138,2,,,0,22,,3366,2,,,0,85,,3368,2,,,0,85,,3367,2,,,0,85,,3369,2,,,0,45,,3371,2,,,0,85,,3370,2,,,0,83,,3383,2,,,0
1019,'979',600,,37,2,,,0,30,,38,2,,,0,70,,39,2,,,0,30,,40,2,,,0,70,,41,2,,,0,30,,42,2,,,0,70,,43,2,,,0,30,,44,2,,,0,70,,45,2,,,0,30,,46,2,,,0,70,,47,2,,,0,30,,48,2,,,0,70,,49,2,,,0,30,,50,2,,,0,70,,51,2,,,0,30,,52,2,,,0,70,,53,2,,,0,30,,54,2,,,0,70,,55,2,,,0,30,,56,2,,,0,70,,57,2,,,0,30,,58,2,,,0,70,,59,2,,,0,30,,60,2,,,0,70,,61,2,,,0,30,,63,2,,,0,70,,70,2,,,0,45,,65,2,,,0,85,,64,2,,,0,85,,66,2,,,0,85,,67,2,,,0,45,,68,2,,,0,85,,62,2,,,0,81,,69,2,,,0
1019,'983',750,,1,2,,,0,80,,2,2,,,0,80,,3,2,,,0,40,,24,2,,,0,80,,26,2,,,0,85,,28,2,,,0,85,,23,2,,,0,45,,25,2,,,0,85,,27,2,,,0,85,,29,2,,,0,85,,30,2,,,0,45,,31,2,,,0,85,,32,2,,,0,85,,33,2,,,0,85,,15,2,,,0,45,,16,2,,,0,85,,18,2,,,0,85,,17,2,,,0,85,,19,2,,,0,45,,21,2,,,0,85,,20,2,,,0,83,,36,2,,,0
1019,'984',850,,22,2,,,0,80,,4,2,,,0,80,,5,2,,,0,43,,6,2,,,0,85,,7,2,,,0,85,,8,2,,,0,85,,9,2,,,0,45,,10,2,,,0,85,,11,2,,,0,85,,12,2,,,0,85,,13,2,,,0,45,,14,2,,,0,85,,34,2,,,0,85,,35,2,,,0
1019,'985',600,,3384,2,,,0,30,,3385,2,,,0,70,,3386,2,,,0,30,,3387,2,,,0,70,,3388,2,,,0,30,,3389,2,,,0,70,,3390,2,,,0,30,,3391,2,,,0,70,,3392,2,,,0,30,,3393,2,,,0,70,,3394,2,,,0,30,,3395,2,,,0,70,,3396,2,,,0,30,,3397,2,,,0,70,,3398,2,,,0,30,,3399,2,,,0,70,,3400,2,,,0,30,,3401,2,,,0,70,,3402,2,,,0,30,,3403,2,,,0,70,,3404,2,,,0,30,,3405,2,,,0,70,,3406,2,,,0,30,,3407,2,,,0,70,,3408,2,,,0,30,,3410,2,,,0,70,,3417,2,,,0,45,,3412,2,,,0,85,,3411,2,,,0,85,,3413,2,,,0,85,,3414,2,,,0,45,,3415,2,,,0,85,,3409,2,,,0,81,,3416,2,,,0
1019,'986',600,,3418,2,,,0,40,,3419,2,,,0,80,,3420,2,,,0,80,,3421,2,,,0,40,,3422,2,,,0,80,,3423,2,,,0,20,,3450,2,,,0,60,,3448,2,,,0,30,,3428,2,,,0,70,,3427,2,,,0,30,,3430,2,,,0,70,,3429,2,,,0,30,,3432,2,,,0,70,,3431,2,,,0,30,,3434,2,,,0,70,,3433,2,,,0,30,,3436,2,,,0,70,,3435,2,,,0,30,,3438,2,,,0,70,,3437,2,,,0,30,,3440,2,,,0,70,,3439,2,,,0,30,,3426,2,,,0,70,,3441,2,,,0,30,,3449,2,,,0,70,,3443,2,,,0,45,,3442,2,,,0,85,,3444,2,,,0,85,,3446,2,,,0,85,,3445,2,,,0,45,,3424,2,,,0,85,,3447,2,,,0,85,,3425,2,,,0
1019,'987',750,,3451,2,,,0,80,,3452,2,,,0,80,,3453,2,,,0,40,,3462,2,,,0,80,,3464,2,,,0,85,,3466,2,,,0,85,,3461,2,,,0,45,,3463,2,,,0,85,,3465,2,,,0,85,,3467,2,,,0,85,,3468,2,,,0,45,,3469,2,,,0,85,,3470,2,,,0,85,,3471,2,,,0,85,,3454,2,,,0,45,,3455,2,,,0,85,,3457,2,,,0,85,,3456,2,,,0,85,,3458,2,,,0,45,,3460,2,,,0,85,,3459,2,,,0,83,,3472,2,,,0
2019,'976',830,,451,2,0,12,0,80,,452,2,0,12,0,40,,453,2,0,12,0,80,,454,2,0,12,0,85,,455,2,0,12,0,85,,456,2,0,12,0,45,,457,2,0,12,0,85,,458,2,0,12,0,85,,459,2,0,12,0,85,,460,2,0,12,0,45,,461,2,0,12,0,85,,462,2,0,12,0,85,,463,2,0,12,0,85,,464,2,0,12,0,45,,465,2,0,12,0,85,,466,2,0,12,0,85,,467,2,0,12,0,85,,468,2,0,12,0,45,,469,2,0,12,0,85,,490,2,0,12,0
2019,'979',2008,,383,2,0,5,0,130,,380,2,0,5,0
2019,'980',620,,367,2,0,12,0,25,,368,2,0,12,0,70,,369,2,0,12,0,30,,370,2,0,12,0,70,,371,2,0,12,0,30,,372,2,0,12,0,70,,373,2,0,12,0,30,,366,2,0,12,0,70,,344,2,0,12,0,30,,345,2,0,12,0,70,,346,2,0,12,0,30,,347,2,0,12,0,70,,348,2,0,12,0,30,,349,2,0,12,0,70,,350,2,0,12,0,30,,351,2,0,12,0,70,,352,2,0,12,0,30,,353,2,0,12,0,70,,354,2,0,12,0,30,,355,2,0,12,0,70,,356,2,0,12,0,30,,357,2,0,12,0,70,,358,2,0,12,0,30,,317,2,0,12,0,70,,318,2,0,12,0,85,,319,2,0,12,0,22,,382,2,0,5,0,22,,320,2,0,12,0,86,,321,2,0,12,0,23,,384,2,0,5,0,62,,322,2,0,12,0,85,,323,2,0,12,0,45,,375,2,0,12,0,85,,377,2,0,5,0
2019,'984',830,,274,2,0,12,0,80,,275,2,0,12,0,40,,276,2,0,12,0,80,,277,2,0,12,0,85,,278,2,0,12,0,85,,279,2,0,12,0,45,,280,2,0,12,0,85,,281,2,0,12,0,85,,282,2,0,12,0,85,,283,2,0,12,0,45,,284,2,0,12,0,85,,285,2,0,12,0,85,,286,2,0,12,0,85,,287,2,0,12,0,45,,288,2,0,12,0,85,,289,2,0,12,0,85,,290,2,0,12,0,85,,291,2,0,12,0,45,,292,2,0,12,0,85,,313,2,0,12,0
2019,'985',2008,,3583,2,0,5,0,130,,3581,2,0,5,0
2019,'986',600,,3615,2,0,12,0,40,,3616,2,0,12,0,80,,3617,2,0,12,0,80,,3618,2,0,12,0,40,,3619,2,0,12,0,80,,3620,2,0,12,0,25,,3646,2,0,12,0,70,,3621,2,0,12,0,30,,3622,2,0,12,0,70,,3623,2,0,12,0,30,,3624,2,0,12,0,70,,3625,2,0,12,0,30,,3626,2,0,12,0,70,,3627,2,0,12,0,30,,3628,2,0,12,0,70,,3629,2,0,12,0,30,,3630,2,0,12,0,70,,3631,2,0,12,0,30,,3632,2,0,12,0,70,,3633,2,0,12,0,30,,3634,2,0,12,0,70,,3635,2,0,12,0,30,,3636,2,0,12,0,70,,3647,2,0,12,0,85,,3637,2,0,12,0,45,,3638,2,0,12,0,85,,3639,2,0,12,0,85,,3640,2,0,12,0,85,,3641,2,0,12,0,45,,3642,2,0,12,0,85,,3643,2,0,5,0
11029,'979',600,,1579,2,,,0,30,,1580,2,,,0,70,,1581,2,,,0,30,,1582,2,,,0,70,,1583,2,,,0,30,,1584,2,,,0,70,,1585,2,,,0,30,,1578,2,,,0,70,,1562,2,,,0,30,,1563,2,,,0,70,,1564,2,,,0,30,,1565,2,,,0,70,,1566,2,,,0,30,,1567,2,,,0,70,,1568,2,,,0,30,,1569,2,,,0,70,,1570,2,,,0,30,,1571,2,,,0,70,,1572,2,,,0,30,,1573,2,,,0,70,,1574,2,,,0,30,,1575,2,,,0,70,,1576,2,,,0,30,,1577,2,,,0,70,,1587,2,,,0,30,,1586,2,,,0
11029,'985',600,,4589,2,,,0,30,,4590,2,,,0,70,,4591,2,,,0,30,,4592,2,,,0,70,,4593,2,,,0,30,,4594,2,,,0,70,,4595,2,,,0,30,,4588,2,,,0,70,,4572,2,,,0,30,,4573,2,,,0,70,,4574,2,,,0,30,,4575,2,,,0,70,,4576,2,,,0,30,,4577,2,,,0,70,,4578,2,,,0,30,,4579,2,,,0,70,,4580,2,,,0,30,,4581,2,,,0,70,,4582,2,,,0,30,,4583,2,,,0,70,,4584,2,,,0,30,,4585,2,,,0,70,,4586,2,,,0,30,,4587,2,,,0,70,,4597,2,,,0,30,,4596,2,,,0
11029,'986',1000,,4598,2,,,0,30,,4599,2,,,0,70,,4600,2,,,0,30,,4601,2,,,0,70,,4602,2,,,0,30,,4603,2,,,0,70,,4604,2,,,0,30,,4605,2,,,0,70,,4606,2,,,0,30,,4607,2,,,0,70,,4608,2,,,0,30,,4609,2,,,0,70,,4610,2,,,0,30,,4611,2,,,0,70,,4612,2,,,0,30,,4613,2,,,0,70,,4614,2,,,0,30,,4615,2,,,0
13019,'976',830,,4654,2,,,0,80,,4655,2,,,0,40,,4656,2,,,0,80,,4657,2,,,0,85,,4658,2,,,0,85,,4659,2,,,0,45,,4660,2,,,0,85,,4661,2,,,0,85,,4662,2,,,0,85,,4663,2,,,0,45,,4664,2,,,0,85,,4665,2,,,0,85,,4666,2,,,0,85,,4667,2,,,0,45,,4668,2,,,0,85,,4669,2,,,0,85,,4670,2,,,0,85,,4671,2,,,0,45,,4672,2,,,0
13019,'979',1900,,1680,2,,,0,45,,1675,2,,,0,85,,1676,2,,,0,85,,1678,2,,,0,85,,1677,2,,,0,45,,1679,2,,,0
13019,'983',830,,1656,2,,,0,80,,1657,2,,,0,40,,1658,2,,,0,80,,1659,2,,,0,85,,1660,2,,,0,85,,1661,2,,,0,45,,1662,2,,,0,85,,1663,2,,,0,85,,1664,2,,,0,85,,1665,2,,,0,45,,1666,2,,,0,85,,1667,2,,,0,85,,1668,2,,,0,85,,1669,2,,,0,45,,1670,2,,,0,85,,1671,2,,,0,85,,1672,2,,,0,85,,1673,2,,,0,45,,1674,2,,,0
13019,'985',1900,,4678,2,,,0,45,,4673,2,,,0,85,,4674,2,,,0,85,,4676,2,,,0,85,,4675,2,,,0,45,,4677,2,,,0
13019,'986',600,,4679,2,,,0,40,,4680,2,,,0,80,,4681,2,,,0,80,,4682,2,,,0,40,,4683,2,,,0,80,,4684,2,,,0,980,,4685,2,,,0,45,,4686,2,,,0,85,,4687,2,,,0,85,,4688,2,,,0,85,,4689,2,,,0,45,,4690,2,,,0
13019,'987',830,,4691,2,,,0,80,,4692,2,,,0,40,,4693,2,,,0,80,,4694,2,,,0,85,,4695,2,,,0,85,,4696,2,,,0,45,,4697,2,,,0,85,,4698,2,,,0,85,,4699,2,,,0,85,,4700,2,,,0,45,,4701,2,,,0,85,,4702,2,,,0,85,,4703,2,,,0,85,,4704,2,,,0,45,,4705,2,,,0,85,,4706,2,,,0,85,,4707,2,,,0,85,,4708,2,,,0,45,,4709,2,,,0
