30003029,'1003',613,,12295,9,,,0,20,,12296,9,,,0,102,,12298,9,,,0,70,,12299,9,,,0,30,,12300,9,,,0,70,,12301,9,,,0,100,,12272,9,,,0,30,,12273,9,,,0,70,,12274,9,,,0,30,,12275,9,,,0,100,,12277,9,,,0,70,,12278,9,,,0,30,,12279,9,,,0,70,,12280,9,,,0,100,,12282,9,,,0,30,,12283,9,,,0,70,,12284,9,,,0,30,,12285,9,,,0,100,,12287,9,,,0,70,,12288,9,,,0,30,,12289,9,,,0,70,,12290,9,,,0,45,,12292,9,,,0,85,,12293,9,,,0,85,,12294,9,,,0,85,,12291,9,,,0,45,,12303,9,,,0
30003029,'1004',836,,12304,9,,,0,80,,12305,9,,,0,40,,12306,9,,,0,80,,12307,9,,,0,86,,12308,9,,,0,86,,12309,9,,,0,45,,12310,9,,,0,85,,12311,9,,,0,85,,12312,9,,,0,85,,12313,9,,,0,45,,12314,9,,,0,85,,12315,9,,,0,85,,12316,9,,,0,85,,12317,9,,,0,45,,12318,9,,,0,85,,12319,9,,,0,85,,12320,9,,,0,85,,12321,9,,,0,45,,12322,9,,,0,82,,12323,9,,,0
30003029,'1006',703,,12297,9,,,0,232,,12302,9,,,0,270,,12276,9,,,0,230,,12281,9,,,0,270,,12286,9,,,0
30003029,'1007',703,,12882,9,,,0,232,,12883,9,,,0,270,,12879,9,,,0,230,,12880,9,,,0,270,,12881,9,,,0
30003029,'995',609,,12324,9,,,0,35,,12325,9,,,0,80,,12326,9,,,0,80,,12327,9,,,0,40,,12328,9,,,0,80,,12329,9,,,0,81,,12330,9,,,0,30,,12331,9,,,0,70,,12332,9,,,0,30,,12333,9,,,0,70,,12334,9,,,0,30,,12335,9,,,0,70,,12336,9,,,0,30,,12337,9,,,0,70,,12338,9,,,0,30,,12339,9,,,0,70,,12340,9,,,0,30,,12341,9,,,0,70,,12342,9,,,0,30,,12343,9,,,0,70,,12344,9,,,0,30,,12345,9,,,0,69,,12346,9,,,0,30,,12353,9,,,0,70,,12347,9,,,0,45,,12348,9,,,0,85,,12349,9,,,0,85,,12350,9,,,0,85,,12351,9,,,0,45,,12352,9,,,0
30003029,'996',836,,12354,9,,,0,80,,12355,9,,,0,40,,12356,9,,,0,80,,12357,9,,,0,86,,12358,9,,,0,86,,12359,9,,,0,45,,12360,9,,,0,85,,12361,9,,,0,85,,12362,9,,,0,85,,12363,9,,,0,45,,12364,9,,,0,85,,12365,9,,,0,85,,12366,9,,,0,85,,12367,9,,,0,45,,12368,9,,,0,85,,12369,9,,,0,85,,12370,9,,,0,85,,12371,9,,,0,45,,12372,9,,,0,82,,12373,9,,,0
100003029,'1003',623,,12436,9,,,0,95,,12438,9,,,0,32,,12439,9,,,0,70,,12440,9,,,0,30,,12441,9,,,0,100,,12435,9,,,0,70,,12419,9,,,0,30,,12420,9,,,0,70,,12421,9,,,0,100,,12423,9,,,0,30,,12424,9,,,0,70,,12425,9,,,0,30,,12426,9,,,0,100,,12428,9,,,0,70,,12429,9,,,0,30,,12430,9,,,0,70,,12431,9,,,0,100,,12433,9,,,0,30,,12434,9,,,0,70,,12444,9,,,0,30,,12443,9,,,0
100003029,'1006',648,,12437,9,,,0,272,,12442,9,,,0,230,,12422,9,,,0,270,,12427,9,,,0,230,,12432,9,,,0
100003029,'1007',648,,12892,9,,,0,272,,12893,9,,,0,230,,12889,9,,,0,270,,12890,9,,,0,230,,12891,9,,,0
100003029,'995',950,,12461,9,,,0,70,,12445,9,,,0,30,,12446,9,,,0,70,,12447,9,,,0,30,,12448,9,,,0,70,,12449,9,,,0,30,,12450,9,,,0,70,,12451,9,,,0,30,,12452,9,,,0,70,,12453,9,,,0,30,,12454,9,,,0,70,,12455,9,,,0,30,,12456,9,,,0,70,,12457,9,,,0,30,,12458,9,,,0,70,,12459,9,,,0,30,,12460,9,,,0,70,,12462,9,,,0,30,,12463,9,,,0
