10019,'976',811,,4324,3,,,0,40,,4325,3,,,0,80,,4326,3,,,0,80,,4327,3,,,0,43,,4328,3,,,0,85,,4329,3,,,0,85,,4330,3,,,0,85,,4331,3,,,0,45,,4332,3,,,0,85,,4333,3,,,0,85,,4334,3,,,0,85,,4335,3,,,0,45,,4336,3,,,0,85,,4337,3,,,0,85,,4338,3,,,0,85,,4339,3,,,0,45,,4340,3,,,0,85,,4341,3,,,0,85,,4342,3,,,0,85,,4343,3,,,0
10019,'979',621,,1356,3,,,0,25,,1357,3,,,0,70,,1358,3,,,0,31,,1359,3,,,0,70,,1360,3,,,0,30,,1361,3,,,0,70,,1362,3,,,0,30,,1363,3,,,0,70,,1334,3,,,0,30,,1335,3,,,0,70,,1336,3,,,0,30,,1337,3,,,0,70,,1338,3,,,0,30,,1339,3,,,0,70,,1340,3,,,0,30,,1341,3,,,0,70,,1342,3,,,0,30,,1343,3,,,0,70,,1344,3,,,0,30,,1345,3,,,0,70,,1346,3,,,0,30,,1347,3,,,0,70,,1348,3,,,0,30,,1349,3,,,0,69,,1351,3,,,0,30,,1364,3,,,0,77,,1355,3,,,0,85,,1354,3,,,0,45,,1350,3,,,0,85,,1352,3,,,0,85,,1353,3,,,0,85,,1365,3,,,0
10019,'983',811,,1314,3,,,0,40,,1315,3,,,0,80,,1316,3,,,0,80,,1317,3,,,0,43,,1318,3,,,0,85,,1319,3,,,0,85,,1320,3,,,0,85,,1321,3,,,0,45,,1322,3,,,0,85,,1323,3,,,0,85,,1324,3,,,0,85,,1325,3,,,0,45,,1326,3,,,0,85,,1327,3,,,0,85,,1328,3,,,0,85,,1329,3,,,0,45,,1330,3,,,0,85,,1331,3,,,0,85,,1332,3,,,0,85,,1333,3,,,0
10019,'985',621,,4366,3,,,0,25,,4367,3,,,0,70,,4368,3,,,0,31,,4369,3,,,0,70,,4370,3,,,0,30,,4371,3,,,0,70,,4372,3,,,0,30,,4373,3,,,0,70,,4344,3,,,0,30,,4345,3,,,0,70,,4346,3,,,0,30,,4347,3,,,0,70,,4348,3,,,0,30,,4349,3,,,0,70,,4350,3,,,0,30,,4351,3,,,0,70,,4352,3,,,0,30,,4353,3,,,0,70,,4354,3,,,0,30,,4355,3,,,0,70,,4356,3,,,0,30,,4357,3,,,0,70,,4358,3,,,0,30,,4359,3,,,0,69,,4361,3,,,0,30,,4374,3,,,0,77,,4365,3,,,0,85,,4364,3,,,0,45,,4360,3,,,0,85,,4362,3,,,0,85,,4363,3,,,0,85,,4375,3,,,0
10019,'986',621,,4376,3,,,0,80,,4377,3,,,0,40,,4378,3,,,0,80,,4379,3,,,0,80,,4380,3,,,0,40,,4381,3,,,0,75,,4382,3,,,0,30,,4383,3,,,0,70,,4384,3,,,0,30,,4385,3,,,0,70,,4386,3,,,0,30,,4387,3,,,0,70,,4388,3,,,0,30,,4389,3,,,0,70,,4390,3,,,0,30,,4391,3,,,0,70,,4392,3,,,0,30,,4393,3,,,0,70,,4394,3,,,0,30,,4395,3,,,0,70,,4396,3,,,0,30,,4397,3,,,0,70,,4398,3,,,0,29,,4399,3,,,0,78,,4400,3,,,0,85,,4401,3,,,0,45,,4402,3,,,0,85,,4403,3,,,0,85,,4404,3,,,0,85,,4405,3,,,0
10019,'987',811,,4406,3,,,0,40,,4407,3,,,0,80,,4408,3,,,0,80,,4409,3,,,0,43,,4410,3,,,0,85,,4411,3,,,0,85,,4412,3,,,0,85,,4413,3,,,0,45,,4414,3,,,0,85,,4415,3,,,0,85,,4416,3,,,0,85,,4417,3,,,0,45,,4418,3,,,0,85,,4419,3,,,0,85,,4420,3,,,0,85,,4421,3,,,0,45,,4422,3,,,0,85,,4423,3,,,0,85,,4424,3,,,0,85,,4425,3,,,0
12019,'979',621,,1623,3,,,0,25,,1624,3,,,0,70,,1625,3,,,0,30,,1626,3,,,0,70,,1627,3,,,0,30,,1628,3,,,0,70,,1629,3,,,0,30,,1630,3,,,0,70,,1607,3,,,0,30,,1608,3,,,0,70,,1609,3,,,0,30,,1610,3,,,0,70,,1611,3,,,0,30,,1612,3,,,0,70,,1613,3,,,0,30,,1614,3,,,0,70,,1615,3,,,0,30,,1616,3,,,0,70,,1617,3,,,0,30,,1618,3,,,0,70,,1619,3,,,0,30,,1620,3,,,0,70,,1621,3,,,0,30,,1622,3,,,0,70,,1606,3,,,0,30,,1631,3,,,0
12019,'982',703,,1633,3,,,0,120,,1635,3,,,0,120,,1637,3,,,0,103,,1639,3,,,0,100,,1641,3,,,0,100,,1643,3,,,0,100,,1645,3,,,0,100,,1647,3,,,0,100,,1649,3,,,0,100,,1651,3,,,0,100,,1653,3,,,0,100,,1655,3,,,0
12019,'985',621,,4633,3,,,0,25,,4634,3,,,0,70,,4635,3,,,0,30,,4636,3,,,0,70,,4637,3,,,0,30,,4638,3,,,0,70,,4639,3,,,0,30,,4640,3,,,0,70,,4617,3,,,0,30,,4618,3,,,0,70,,4619,3,,,0,30,,4620,3,,,0,70,,4621,3,,,0,30,,4622,3,,,0,70,,4623,3,,,0,30,,4624,3,,,0,70,,4625,3,,,0,30,,4626,3,,,0,70,,4627,3,,,0,30,,4628,3,,,0,70,,4629,3,,,0,30,,4630,3,,,0,70,,4631,3,,,0,30,,4632,3,,,0,70,,4616,3,,,0,30,,4641,3,,,0
12019,'986',623,,4642,3,,,0,120,,4643,3,,,0,160,,4644,3,,,0,113,,4645,3,,,0,100,,4646,3,,,0,100,,4647,3,,,0,100,,4648,3,,,0,100,,4649,3,,,0,100,,4650,3,,,0,100,,4651,3,,,0,100,,4652,3,,,0,100,,4653,3,,,0
