2019,'1021',634,,9996,17,0,12,0,25,,9997,17,0,12,0,143,,9999,17,0,12,0,30,,10000,17,0,12,0,100,,10002,17,0,12,0,70,,9995,17,0,12,0,100,,9974,17,0,12,0,30,,9975,17,0,12,0,100,,9977,17,0,12,0,70,,9978,17,0,12,0,100,,9980,17,0,12,0,30,,9981,17,0,12,0,100,,9983,17,0,12,0,70,,9984,17,0,12,0,100,,9986,17,0,12,0,30,,9987,17,0,12,0,100,,9949,17,0,12,0,85,,9950,17,0,12,0,85,,9951,17,0,12,0,45,,9952,17,0,12,0,85,,9953,17,0,12,0,85,,9954,17,0,12,0,85,,10003,17,0,12,0,49,,10005,17,0,5,0
2019,'1024',845,,10013,17,0,12,0,80,,10014,17,0,12,0,80,,10015,17,0,12,0,40,,10016,17,0,12,0,85,,10017,17,0,12,0,85,,10018,17,0,12,0,85,,10019,17,0,12,0,45,,10020,17,0,12,0,85,,10021,17,0,12,0,85,,10022,17,0,12,0,85,,10023,17,0,12,0,45,,10024,17,0,12,0,85,,10025,17,0,12,0,85,,10026,17,0,12,0,85,,10027,17,0,12,0,45,,10028,17,0,12,0,85,,10029,17,0,12,0,85,,10030,17,0,12,0,85,,10031,17,0,12,0,45,,10052,17,0,12,0
2019,'1025',634,,14254,17,0,12,0,25,,14255,17,0,12,0,143,,14256,17,0,12,0,30,,14257,17,0,12,0,100,,14258,17,0,12,0,70,,14253,17,0,12,0,100,,14239,17,0,12,0,30,,14240,17,0,12,0,100,,14241,17,0,12,0,70,,14242,17,0,12,0,100,,14243,17,0,12,0,30,,14244,17,0,12,0,100,,14245,17,0,12,0,70,,14246,17,0,12,0,100,,14247,17,0,12,0,30,,14248,17,0,12,0,100,,14221,17,0,12,0,85,,14222,17,0,12,0,85,,14223,17,0,12,0,45,,14224,17,0,12,0,85,,14225,17,0,12,0,85,,14226,17,0,12,0,85,,14259,17,0,12,0,49,,14261,17,0,5,0
2019,'1026',614,,14298,17,0,12,0,40,,14299,17,0,12,0,80,,14300,17,0,12,0,80,,14301,17,0,12,0,40,,14302,17,0,12,0,80,,14303,17,0,12,0,67,,14329,17,0,12,0,30,,14304,17,0,12,0,70,,14305,17,0,12,0,30,,14306,17,0,12,0,70,,14307,17,0,12,0,30,,14308,17,0,12,0,70,,14309,17,0,12,0,30,,14310,17,0,12,0,70,,14311,17,0,12,0,30,,14312,17,0,12,0,70,,14313,17,0,12,0,30,,14314,17,0,12,0,70,,14315,17,0,12,0,30,,14316,17,0,12,0,70,,14317,17,0,12,0,30,,14318,17,0,12,0,70,,14319,17,0,12,0,30,,14330,17,0,12,0,85,,14320,17,0,12,0,85,,14321,17,0,12,0,45,,14322,17,0,12,0,85,,14323,17,0,12,0,85,,14324,17,0,12,0,85,,14325,17,0,12,0,45,,14326,17,0,5,0
2019,'1027',845,,14332,17,0,12,0,80,,14333,17,0,12,0,80,,14334,17,0,12,0,40,,14335,17,0,12,0,85,,14336,17,0,12,0,85,,14337,17,0,12,0,85,,14338,17,0,12,0,45,,14339,17,0,12,0,85,,14340,17,0,12,0,85,,14341,17,0,12,0,85,,14342,17,0,12,0,45,,14343,17,0,12,0,85,,14344,17,0,12,0,85,,14345,17,0,12,0,85,,14346,17,0,12,0,45,,14347,17,0,12,0,85,,14348,17,0,12,0,85,,14349,17,0,12,0,85,,14350,17,0,12,0,45,,14371,17,0,12,0
2019,'994',732,,9998,17,0,12,0,170,,10001,17,0,12,0,130,,9973,17,0,12,0,170,,9976,17,0,12,0,130,,9979,17,0,12,0,170,,9982,17,0,12,0,130,,9985,17,0,12,0,170,,9948,17,0,12,0
2019,'996',845,,14372,17,0,12,0,80,,14373,17,0,12,0,80,,14374,17,0,12,0,40,,14375,17,0,12,0,85,,14376,17,0,12,0,85,,14377,17,0,12,0,85,,14378,17,0,12,0,45,,14379,17,0,12,0,85,,14380,17,0,12,0,85,,14381,17,0,12,0,85,,14382,17,0,12,0,45,,14383,17,0,12,0,85,,14384,17,0,12,0,85,,14385,17,0,12,0,85,,14386,17,0,12,0,45,,14387,17,0,12,0,85,,14388,17,0,12,0,85,,14389,17,0,12,0,85,,14390,17,0,12,0,45,,14411,17,0,12,0
9029,'1011',731,,13485,3,,,0,100,,13486,3,,,0,170,,13478,3,,,0,100,,13479,3,,,0,130,,13480,3,,,0,100,,13481,3,,,0,170,,13482,3,,,0,100,,13483,3,,,0,130,,13484,3,,,0,100,,13475,3,,,0,177,,13476,3,,,0,45,,13473,3,,,0,77,,13474,3,,,0,85,,13477,3,,,0,85,,13487,3,,,0,45,,13488,3,,,0
9029,'1017',849,,13529,3,,,0,80,,13532,3,,,0,80,,13517,3,,,0,44,,13518,3,,,0,84,,13519,3,,,0,85,,13520,3,,,0,85,,13521,3,,,0,45,,13522,3,,,0,85,,13523,3,,,0,85,,13525,3,,,0,85,,13524,3,,,0,45,,13526,3,,,0,85,,13527,3,,,0,85,,13528,3,,,0,81,,13533,3,,,0,45,,13534,3,,,0,85,,13535,3,,,0,85,,13530,3,,,0,85,,13531,3,,,0
9029,'994',640,,10885,3,,,0,63,,10886,3,,,0,98,,10888,3,,,0,100,,10890,3,,,0,30,,10891,3,,,0,100,,10872,3,,,0,100,,10871,3,,,0,70,,10873,3,,,0,100,,10875,3,,,0,100,,10877,3,,,0,30,,10878,3,,,0,100,,10880,3,,,0,100,,10882,3,,,0,70,,10883,3,,,0,100,,10864,3,,,0,100,,10866,3,,,0,30,,10894,3,,,0
9029,'995',619,,13507,3,,,0,40,,13508,3,,,0,80,,13509,3,,,0,80,,13510,3,,,0,82,,13511,3,,,0,45,,13490,3,,,0,55,,13491,3,,,0,30,,13492,3,,,0,70,,13493,3,,,0,30,,13494,3,,,0,70,,10921,3,,,0,30,,13495,3,,,0,70,,13496,3,,,0,30,,13497,3,,,0,70,,13498,3,,,0,30,,10925,3,,,0,70,,13499,3,,,0,30,,13500,3,,,0,70,,13501,3,,,0,30,,13502,3,,,0,70,,10930,3,,,0,30,,13503,3,,,0,70,,13504,3,,,0,30,,13505,3,,,0,70,,13515,3,,,0,30,,10934,3,,,0,77,,13506,3,,,0,45,,13512,3,,,0,77,,13513,3,,,0,85,,13489,3,,,0,85,,13514,3,,,0,45,,13516,3,,,0
9029,'996',849,,13548,3,,,0,80,,13551,3,,,0,80,,13536,3,,,0,44,,13537,3,,,0,84,,13538,3,,,0,85,,13539,3,,,0,85,,13540,3,,,0,45,,13541,3,,,0,85,,13542,3,,,0,85,,13544,3,,,0,85,,13543,3,,,0,45,,13545,3,,,0,85,,13546,3,,,0,85,,13547,3,,,0,81,,13552,3,,,0,45,,13553,3,,,0,85,,13554,3,,,0,85,,13549,3,,,0,85,,13550,3,,,0
