11019,'994',625,,11185,16,,,0,30,,11186,16,,,0,70,,11187,16,,,0,30,,11188,16,,,0,70,,11189,16,,,0,30,,11190,16,,,0,70,,11191,16,,,0,30,,11192,16,,,0,70,,11169,16,,,0,30,,11170,16,,,0,70,,11171,16,,,0,30,,11172,16,,,0,70,,11173,16,,,0,30,,11174,16,,,0,70,,11175,16,,,0,30,,11176,16,,,0,70,,11177,16,,,0,30,,11178,16,,,0,70,,11179,16,,,0,30,,11180,16,,,0,70,,11181,16,,,0,30,,11182,16,,,0,70,,11183,16,,,0,30,,11184,16,,,0,70,,11194,16,,,0,30,,11193,16,,,0
11019,'995',1025,,11195,16,,,0,30,,11196,16,,,0,70,,11197,16,,,0,30,,11198,16,,,0,70,,11199,16,,,0,30,,11200,16,,,0,70,,11201,16,,,0,30,,11202,16,,,0,70,,11203,16,,,0,30,,11204,16,,,0,70,,11205,16,,,0,30,,11206,16,,,0,70,,11207,16,,,0,30,,11208,16,,,0,70,,11209,16,,,0,30,,11210,16,,,0,70,,11211,16,,,0,30,,11212,16,,,0
13029,'1004',905,,11319,20,,,0,40,,11320,20,,,0,80,,11321,20,,,0,80,,11322,20,,,0,46,,11323,20,,,0,85,,11324,20,,,0,85,,11325,20,,,0,85,,11326,20,,,0,45,,11327,20,,,0,85,,11328,20,,,0,85,,11329,20,,,0,85,,11330,20,,,0,45,,11331,20,,,0,85,,11332,20,,,0,85,,11333,20,,,0,84,,11334,20,,,0,44,,11335,20,,,0,85,,11336,20,,,0,85,,11337,20,,,0
13029,'994',1937,,11318,20,,,0,85,,11313,20,,,0,85,,11314,20,,,0,44,,11316,20,,,0,83,,11315,20,,,0,85,,11317,20,,,0
13029,'995',633,,11338,20,,,0,80,,11339,20,,,0,40,,11340,20,,,0,80,,11341,20,,,0,81,,11342,20,,,0,40,,11343,20,,,0,982,,11344,20,,,0,85,,11345,20,,,0,85,,11346,20,,,0,45,,11347,20,,,0,85,,11348,20,,,0,85,,11349,20,,,0
13029,'996',905,,11350,20,,,0,40,,11351,20,,,0,80,,11352,20,,,0,80,,11353,20,,,0,46,,11354,20,,,0,85,,11355,20,,,0,85,,11356,20,,,0,85,,11357,20,,,0,45,,11358,20,,,0,85,,11359,20,,,0,85,,11360,20,,,0,85,,11361,20,,,0,45,,11362,20,,,0,85,,11363,20,,,0,85,,11364,20,,,0,84,,11365,20,,,0,44,,11366,20,,,0,85,,11367,20,,,0,85,,11368,20,,,0
130003029,'1004',825,,12723,24,,,0,20,,12748,24,0,9,0,60,,12724,24,,,0,20,,12754,24,0,9,0,20,,12725,24,,,0,60,,12751,24,0,9,0,20,,12726,24,,,0,22,,12752,24,0,9,0,61,,12727,24,,,0,22,,12750,24,0,9,0,25,,12728,24,,,0,62,,12753,24,0,9,0,23,,12729,24,,,0,62,,12749,24,0,9,0,23,,12730,24,,,0,22,,12731,24,0,9,0,63,,12732,24,,,0,22,,12733,24,0,9,0,23,,12734,24,,,0,62,,12735,24,0,9,0,23,,12736,24,,,0,62,,12737,24,0,9,0,23,,12738,24,,,0,22,,12739,24,0,9,0,63,,12740,24,,,0,22,,12741,24,0,9,0,24,,12742,24,,,0,62,,12756,24,0,9,0,23,,12755,24,,,0,85,,12743,24,,,0,85,,12744,24,,,0,45,,12745,24,,,0,85,,12746,24,,,0,85,,12747,24,,,0,83,,12757,24,0,9,0
130003029,'1010',722,,12703,25,,,0,85,,12706,25,0,10 11,0,145,,12713,25,,,0,85,,12660,25,0,10 11,0,185,,12667,25,,,0,85,,12670,25,0,10 11,0,145,,12677,25,,,0,85,,12680,25,0,10 11,0,185,,12687,25,,,0,88,,12697,25,0,10 11,0
130003029,'1011',640,,12701,24,0,10 11,0,267,,12710,25,0,10 11,0,15,,12711,25,,,0,215,,12664,25,0,10 11,0,15,,12665,25,,,0,255,,12674,25,0,10 11,0,15,,12675,25,,,0,215,,12684,25,0,10 11,0,15,,12685,25,,,0,251,,12699,24,0,9,0,15,,12694,24,0,9,0,85,,12693,24,0,9,0,45,,12692,24,0,9,0,85,,12691,24,0,9,0,85,,12721,24,0,9,0
130003029,'1012',640,,12919,24,0,10 11,0,267,,12920,25,0,10 11,0,15,,12921,25,,,0,215,,12908,25,0,10 11,0,15,,12909,25,,,0,255,,12910,25,0,10 11,0,15,,12911,25,,,0,215,,12912,25,0,10 11,0,15,,12913,25,,,0,251,,12918,24,0,9,0,15,,12917,24,0,9,0,85,,12916,24,0,9,0,45,,12915,24,0,9,0,85,,12914,24,0,9,0,85,,12922,24,0,9,0
130003029,'1015',722,,14079,25,,,0,85,,14080,25,0,10 11,0,145,,14081,25,,,0,85,,14072,25,0,10 11,0,185,,14073,25,,,0,85,,14074,25,0,10 11,0,145,,14075,25,,,0,85,,14076,25,0,10 11,0,185,,14077,25,,,0,88,,14078,25,0,10 11,0
130003029,'1016',1040,,14082,25,0,10 11,0,85,,14083,25,,,0,185,,14084,25,0,10 11,0,45,,14085,25,,,0,185,,14086,25,0,10 11,0,85,,14087,25,,,0,185,,14091,25,0,10 11,0,45,,14090,25,,,0,255,,14088,24,,,0,212,,14089,24,0,9,0
130003029,'994',625,,12700,24,,,0,82,,12702,25,0,10 11,0,30,,12704,25,0,10 11,0,15,,12705,25,,,0,70,,12707,25,,,0,15,,12708,25,0,10 11,0,15,,12709,25,,,0,85,,12712,25,0,10 11,0,70,,12714,25,0,10 11,0,15,,12659,25,,,0,30,,12661,25,,,0,55,,12662,25,0,10 11,0,15,,12663,25,,,0,85,,12666,25,0,10 11,0,30,,12668,25,0,10 11,0,15,,12669,25,,,0,70,,12671,25,,,0,15,,12672,25,0,10 11,0,15,,12673,25,,,0,85,,12676,25,0,10 11,0,70,,12678,25,0,10 11,0,15,,12679,25,,,0,30,,12681,25,,,0,55,,12682,25,0,10 11,0,15,,12683,25,,,0,85,,12686,25,0,10 11,0,30,,12688,25,0,10 11,0,15,,12689,25,,,0,73,,12696,25,,,0,15,,12698,25,0,10 11,0,15,,12690,25,,,0,85,,12715,24,,,0,85,,12716,24,,,0,85,,12717,24,,,0,45,,12719,24,,,0,85,,12695,24,,,0,82,,12718,24,0,9,0,81,,12720,24,0,9,0,39,,12722,24,0,9,0
130003029,'995',615,,12758,24,0,9,0,20,,12759,24,,,0,20,,12760,24,0,9,0,60,,12761,24,,,0,20,,12762,24,0,9,0,20,,12763,24,,,0,60,,12764,24,0,9,0,20,,12765,24,,,0,20,,12766,24,0,9,0,60,,12767,24,,,0,20,,12768,24,0,9,0,20,,12769,24,,,0,70,,12770,25,,,0,30,,12772,25,,,0,55,,12773,25,0,10 11,0,30,,12775,25,0,10 11,0,15,,12776,25,,,0,55,,12777,25,0,10 11,0,15,,12778,25,,,0,15,,12779,25,0,10 11,0,15,,12780,25,,,0,70,,12782,25,,,0,15,,12783,25,0,10 11,0,70,,12785,25,0,10 11,0,15,,12786,25,,,0,15,,12787,25,0,10 11,0,15,,12788,25,,,0,55,,12789,25,0,10 11,0,15,,12790,25,,,0,30,,12792,25,,,0,55,,12793,25,0,10 11,0,30,,12795,25,0,10 11,0,15,,12796,25,,,0,55,,12797,25,0,10 11,0,15,,12798,25,,,0,15,,12799,25,0,10 11,0,15,,12816,25,,,0,70,,12811,25,,,0,15,,12812,25,0,10 11,0,63,,12815,24,0,9,0,15,,12813,24,0,9,0,22,,12818,24,,,0,63,,12805,24,0,9,0,22,,12800,24,,,0,23,,12806,24,0,9,0,85,,12807,24,0,9,0,22,,12802,24,,,0,63,,12808,24,0,9,0,22,,12803,24,,,0,164,,12809,24,0,9,0,39,,12810,24,0,9,0
130003029,'996',825,,12819,24,,,0,20,,12844,24,0,9,0,60,,12820,24,,,0,20,,12850,24,0,9,0,20,,12821,24,,,0,60,,12847,24,0,9,0,20,,12822,24,,,0,22,,12848,24,0,9,0,61,,12823,24,,,0,22,,12846,24,0,9,0,25,,12824,24,,,0,62,,12849,24,0,9,0,23,,12825,24,,,0,62,,12845,24,0,9,0,23,,12826,24,,,0,22,,12827,24,0,9,0,63,,12828,24,,,0,22,,12829,24,0,9,0,23,,12830,24,,,0,62,,12831,24,0,9,0,23,,12832,24,,,0,62,,12833,24,0,9,0,23,,12834,24,,,0,22,,12835,24,0,9,0,63,,12836,24,,,0,22,,12837,24,0,9,0,24,,12838,24,,,0,62,,12852,24,0,9,0,23,,12851,24,,,0,85,,12839,24,,,0,85,,12840,24,,,0,45,,12841,24,,,0,85,,12842,24,,,0,85,,12843,24,,,0,83,,12853,24,0,9,0
