14019,'1003',632,,11392,1,0,10 11,0,24,,11393,1,0,10 11,0,70,,11394,1,0,10 11,0,30,,11395,1,0,10 11,0,100,,11397,1,0,10 11,0,70,,11398,1,0,10 11,0,30,,11399,1,0,10 11,0,70,,11369,1,0,10 11,0,100,,11371,1,0,10 11,0,30,,11372,1,0,10 11,0,72,,11373,1,0,10 11,0,30,,11374,1,0,10 11,0,100,,11376,1,0,10 11,0,70,,11377,1,0,10 11,0,30,,11378,1,0,10 11,0,70,,11379,1,0,10 11,0,100,,11381,1,0,10 11,0,30,,11382,1,0,10 11,0,70,,11383,1,0,10 11,0,30,,11384,1,0,10 11,0,98,,11391,1,,,0,70,,11400,1,,,0,22,,11388,1,,,0,85,,11389,1,,,0,85,,11387,1,,,0,85,,11390,1,,,0,45,,11386,1,,,0,85,,11401,1,,,0
14019,'1004',834,,11402,1,,,0,80,,11403,1,,,0,40,,11404,1,,,0,80,,11405,1,,,0,83,,11406,1,,,0,88,,11407,1,,,0,45,,11408,1,,,0,85,,11409,1,,,0,85,,11410,1,,,0,85,,11411,1,,,0,45,,11412,1,,,0,85,,11413,1,,,0,85,,11414,1,,,0,85,,11415,1,,,0,45,,11416,1,,,0,82,,11417,1,,,0,85,,11418,1,,,0,85,,11419,1,,,0,45,,11420,1,,,0,85,,11421,1,,,0
14019,'1006',826,,11396,1,0,10 11,0,230,,11370,1,0,10 11,0,272,,11375,1,0,10 11,0,230,,11380,1,0,10 11,0,268,,11385,1,0,10 11,0
14019,'1007',826,,12868,1,0,10 11,0,230,,12864,1,0,10 11,0,272,,12865,1,0,10 11,0,230,,12866,1,0,10 11,0,268,,12867,1,0,9,0
14019,'995',646,,11422,1,,,0,80,,11423,1,,,0,80,,11424,1,,,0,40,,11425,1,,,0,80,,11426,1,,,0,80,,11427,1,,,0,20,,11428,1,0,10 11,0,30,,11429,1,0,10 11,0,70,,11430,1,0,10 11,0,30,,11431,1,0,10 11,0,70,,11432,1,0,10 11,0,30,,11433,1,0,10 11,0,70,,11434,1,0,10 11,0,30,,11435,1,0,10 11,0,72,,11436,1,0,10 11,0,30,,11437,1,0,10 11,0,70,,11438,1,0,10 11,0,30,,11439,1,0,10 11,0,70,,11440,1,0,10 11,0,30,,11441,1,0,10 11,0,70,,11442,1,0,10 11,0,30,,11443,1,0,10 11,0,68,,11444,1,0,9,0,30,,11445,1,,,0,70,,11452,1,,,0,22,,11446,1,,,0,85,,11447,1,,,0,85,,11448,1,,,0,85,,11449,1,,,0,45,,11451,1,,,0,85,,11450,1,,,0
14019,'996',834,,11453,1,,,0,80,,11454,1,,,0,40,,11455,1,,,0,80,,11456,1,,,0,83,,11457,1,,,0,88,,11458,1,,,0,45,,11459,1,,,0,85,,11460,1,,,0,85,,11461,1,,,0,85,,11462,1,,,0,45,,11463,1,,,0,85,,11464,1,,,0,85,,11465,1,,,0,85,,11466,1,,,0,45,,11467,1,,,0,82,,11468,1,,,0,85,,11469,1,,,0,85,,11470,1,,,0,45,,11471,1,,,0,85,,11472,1,,,0
14029,'1003',632,,11496,26,4,,0,24,,11497,26,4,,0,70,,11498,26,4,,0,30,,11499,26,4,,0,100,,11501,26,4,,0,70,,11502,26,4,,0,30,,11503,26,4,,0,70,,11473,26,4,,0,100,,11475,26,4,,0,30,,11476,26,4,,0,72,,11477,26,4,,0,30,,11478,26,4,,0,100,,11480,26,4,,0,70,,11481,26,4,,0,30,,11482,26,4,,0,70,,11483,26,4,,0,100,,11485,26,4,,0,30,,11486,26,4,,0,70,,11487,26,4,,0,30,,11488,26,4,,0,98,,11495,26,4,,0,70,,11504,26,4,,0,22,,11493,26,4,,0,85,,11490,26,4,,0,85,,11492,26,4,,0,85,,11491,26,4,,0,45,,11494,26,4,,0,85,,11505,26,4,,0
14029,'1004',834,,11506,26,4,,0,80,,11507,26,4,,0,40,,11508,26,4,,0,80,,11509,26,4,,0,83,,11510,26,4,,0,88,,11511,26,4,,0,45,,11512,26,4,,0,85,,11513,26,4,,0,85,,11514,26,4,,0,85,,11515,26,4,,0,45,,11516,26,4,,0,85,,11517,26,4,,0,85,,11518,26,4,,0,85,,11519,26,4,,0,45,,11520,26,4,,0,82,,11521,26,4,,0,85,,11522,26,4,,0,85,,11523,26,4,,0,45,,11524,26,4,,0,85,,11525,26,4,,0
14029,'1006',826,,11500,26,4,,0,230,,11474,26,4,,0,272,,11479,26,4,,0,230,,11484,26,4,,0,268,,11489,26,4,,0
14029,'1007',826,,12873,26,4,,0,230,,12869,26,4,,0,272,,12870,26,4,,0,230,,12871,26,4,,0,268,,12872,26,4,,0
14029,'995',646,,11526,26,4,,0,80,,11527,26,4,,0,80,,11528,26,4,,0,40,,11529,26,4,,0,80,,11530,26,4,,0,80,,11531,26,4,,0,20,,11532,26,4,,0,30,,11533,26,4,,0,70,,11534,26,4,,0,30,,11535,26,4,,0,70,,11536,26,4,,0,30,,11537,26,4,,0,70,,11538,26,4,,0,30,,11539,26,4,,0,72,,11540,26,4,,0,30,,11541,26,4,,0,70,,11542,26,4,,0,30,,11543,26,4,,0,70,,11544,26,4,,0,30,,11545,26,4,,0,70,,11546,26,4,,0,30,,11547,26,4,,0,68,,11548,26,4,,0,30,,11549,26,4,,0,70,,11555,26,4,,0,22,,11550,26,4,,0,85,,11551,26,4,,0,85,,11552,26,4,,0,85,,11553,26,4,,0,45,,11556,26,4,,0,85,,11554,26,4,,0
14029,'996',834,,11557,26,4,,0,80,,11558,26,4,,0,40,,11559,26,4,,0,80,,11560,26,4,,0,83,,11561,26,4,,0,88,,11562,26,4,,0,45,,11563,26,4,,0,85,,11564,26,4,,0,85,,11565,26,4,,0,85,,11566,26,4,,0,45,,11567,26,4,,0,85,,11568,26,4,,0,85,,11569,26,4,,0,85,,11570,26,4,,0,45,,11571,26,4,,0,82,,11572,26,4,,0,85,,11573,26,4,,0,85,,11574,26,4,,0,45,,11575,26,4,,0,85,,11576,26,4,,0
