30003019,'1003',640,,12193,26,,,0,66,,12194,26,,,0,100,,12196,26,,,0,30,,12197,26,,,0,70,,12198,26,,,0,30,,12199,26,,,0,98,,12170,26,,,0,72,,12171,26,,,0,30,,12172,26,,,0,70,,12173,26,,,0,100,,12175,26,,,0,30,,12176,26,,,0,70,,12177,26,,,0,30,,12178,26,,,0,100,,12180,26,,,0,70,,12181,26,,,0,30,,12182,26,,,0,70,,12183,26,,,0,100,,12185,26,,,0,29,,12187,26,,,0,70,,12186,26,0,9,0,30,,12192,26,,,0,85,,12190,26,,,0,85,,12189,26,,,0,45,,12191,26,,,0,85,,12188,26,,,0,85,,12201,26,0,7 8,0
30003019,'1004',902,,12202,26,,,0,40,,12203,26,,,0,80,,12204,26,,,0,80,,12205,26,,,0,47,,12206,26,,,0,88,,12207,26,,,0,85,,12208,26,,,0,85,,12209,26,,,0,45,,12210,26,,,0,85,,12211,26,,,0,85,,12212,26,,,0,85,,12213,26,,,0,45,,12214,26,,,0,85,,12215,26,,,0,85,,12216,26,,,0,85,,12217,26,,,0,45,,12218,26,,,0,85,,12219,26,,,0,85,,12221,26,0,9,0,82,,12220,26,0,9,0
30003019,'1006',736,,12195,26,,,0,270,,12200,26,,,0,230,,12174,26,,,0,270,,12179,26,,,0,230,,12184,26,,,0
30003019,'1007',736,,12877,26,,,0,270,,12878,26,,,0,230,,12874,26,,,0,270,,12875,26,,,0,230,,12876,26,,,0
30003019,'995',637,,12222,26,,,0,75,,12223,26,,,0,40,,12224,26,,,0,80,,12225,26,,,0,80,,12226,26,,,0,40,,12227,26,,,0,82,,12228,26,,,0,72,,12229,26,,,0,30,,12230,26,,,0,70,,12231,26,,,0,30,,12232,26,,,0,70,,12233,26,,,0,30,,12234,26,,,0,70,,12235,26,,,0,30,,12236,26,,,0,70,,12237,26,,,0,30,,12238,26,,,0,70,,12239,26,,,0,30,,12240,26,,,0,70,,12241,26,,,0,30,,12242,26,,,0,70,,12243,26,,,0,27,,12244,26,,,0,68,,12245,26,0,9,0,30,,12251,26,,,0,85,,12246,26,,,0,85,,12247,26,,,0,48,,12248,26,,,0,85,,12249,26,,,0,82,,12250,26,0,9,0
30003019,'996',902,,12252,26,,,0,40,,12253,26,,,0,80,,12254,26,,,0,80,,12255,26,,,0,47,,12256,26,,,0,88,,12257,26,,,0,85,,12258,26,,,0,85,,12259,26,,,0,45,,12260,26,,,0,85,,12261,26,,,0,85,,12262,26,,,0,85,,12263,26,,,0,45,,12264,26,,,0,85,,12265,26,,,0,85,,12266,26,,,0,85,,12267,26,,,0,45,,12268,26,,,0,85,,12269,26,,,0,85,,12271,26,0,9,0,82,,12270,26,0,9,0
100003019,'1003',650,,12391,18,,,0,101,,12393,20,,,0,70,,12394,20,,,0,30,,12395,20,,,0,70,,12396,20,,,0,100,,12374,20,,,0,30,,12375,20,,,0,70,,12376,20,,,0,30,,12377,20,,,0,100,,12379,20,,,0,70,,12380,20,,,0,30,,12381,20,,,0,70,,12382,20,,,0,100,,12384,20,,,0,30,,12385,20,,,0,70,,12386,20,,,0,30,,12387,20,,,0,100,,12389,20,,,0,70,,12390,20,,,0,30,,12398,20,,,0,70,,12399,20,0,9,0
100003019,'1006',721,,12392,20,,,0,230,,12397,20,,,0,270,,12378,20,,,0,230,,12383,20,,,0,270,,12388,20,,,0
100003019,'1007',721,,12887,20,,,0,230,,12888,20,,,0,270,,12884,20,,,0,230,,12885,20,,,0,270,,12886,20,,,0
100003019,'995',1021,,12400,20,,,0,30,,12401,20,,,0,70,,12402,20,,,0,30,,12403,20,,,0,70,,12404,20,,,0,30,,12405,20,,,0,70,,12406,20,,,0,30,,12407,20,,,0,70,,12408,20,,,0,30,,12409,20,,,0,70,,12410,20,,,0,30,,12411,20,,,0,70,,12412,20,,,0,30,,12413,20,,,0,70,,12414,20,,,0,30,,12415,20,,,0,70,,12416,20,,,0,30,,12417,20,,,0,70,,12418,20,0,9,0
