4019,'979',1137,,496,7,,,0
4019,'985',1137,,3652,7,,,0
8019,'976',813,,3935,8,0,5,0,40,,3952,8,0,5,0,80,,3936,8,0,6,0,80,,3920,8,0,6,0,43,,3921,8,0,6,0,85,,3938,8,0,6,0,85,,3922,8,0,6,0,85,,3939,8,0,6,0,45,,3923,8,0,6,0,85,,3940,8,0,6,0,85,,3924,8,0,6,0,85,,3941,8,0,6,0,45,,3925,8,0,6,0,85,,3948,8,0,5,0,85,,3951,8,0,5,0,85,,3953,8,0,5,0,45,,3954,8,0,5,0,85,,3942,8,0,5,0,85,,3926,8,0,5,0,85,,3957,8,0,5,0
8019,'979',623,,993,8,0,6,0,30,,994,8,0,6,0,65,,995,8,0,6,0,30,,996,8,0,6,0,70,,997,8,0,6,0,30,,998,8,0,6,0,70,,999,8,0,6,0,30,,1000,8,0,6,0,70,,949,8,0,6,0,30,,950,8,0,6,0,70,,951,8,0,6,0,30,,952,8,0,6,0,70,,953,8,0,6,0,30,,954,8,0,6,0,70,,955,8,0,6,0,30,,956,8,0,6,0,70,,957,8,0,6,0,30,,958,8,0,6,0,70,,959,8,0,6,0,30,,960,8,0,6,0,70,,961,8,0,6,0,30,,962,8,0,6,0,70,,963,8,0,6,0,30,,964,8,0,6,0,70,,987,8,0,6,0,30,,982,8,0,6,0,77,,1009,8,0,5,0,85,,986,8,0,5,0,45,,983,8,0,5,0,85,,985,8,0,5,0,85,,984,8,0,5,0
8019,'983',813,,925,8,0,5,0,40,,942,8,0,5,0,80,,926,8,0,6,0,80,,910,8,0,6,0,43,,911,8,0,6,0,85,,928,8,0,6,0,85,,912,8,0,6,0,85,,929,8,0,6,0,45,,913,8,0,6,0,85,,930,8,0,6,0,85,,914,8,0,6,0,85,,931,8,0,6,0,45,,915,8,0,6,0,85,,938,8,0,5,0,85,,941,8,0,5,0,85,,943,8,0,5,0,45,,944,8,0,5,0,85,,932,8,0,5,0,85,,916,8,0,5,0,85,,947,8,0,5,0
8019,'985',623,,4003,8,0,6,0,30,,4004,8,0,6,0,65,,4005,8,0,6,0,30,,4006,8,0,6,0,70,,4007,8,0,6,0,30,,4008,8,0,6,0,70,,4009,8,0,6,0,30,,4010,8,0,6,0,70,,3959,8,0,6,0,30,,3960,8,0,6,0,70,,3961,8,0,6,0,30,,3962,8,0,6,0,70,,3963,8,0,6,0,30,,3964,8,0,6,0,70,,3965,8,0,6,0,30,,3966,8,0,6,0,70,,3967,8,0,6,0,30,,3968,8,0,6,0,70,,3969,8,0,6,0,30,,3970,8,0,6,0,70,,3971,8,0,6,0,30,,3972,8,0,6,0,70,,3973,8,0,6,0,30,,3974,8,0,6,0,70,,3997,8,0,6,0,30,,3992,8,0,6,0,77,,4019,8,0,5,0,85,,3996,8,0,5,0,45,,3993,8,0,5,0,85,,3995,8,0,5,0,85,,3994,8,0,5,0
8019,'986',623,,4031,8,0,5,0,80,,4032,8,0,5,0,40,,4033,8,0,5,0,80,,4034,8,0,5,0,80,,4035,8,0,6,0,40,,4036,8,0,6,0,75,,4037,8,0,6,0,30,,4038,8,0,6,0,70,,4039,8,0,6,0,30,,4040,8,0,6,0,70,,4041,8,0,6,0,32,,4042,8,0,6,0,70,,4043,8,0,6,0,30,,4044,8,0,6,0,70,,4045,8,0,6,0,30,,4046,8,0,6,0,70,,4047,8,0,6,0,30,,4048,8,0,6,0,70,,4049,8,0,6,0,30,,4050,8,0,6,0,70,,4051,8,0,6,0,30,,4052,8,0,6,0,68,,4076,8,0,6,0,30,,4079,8,0,6,0,77,,4053,8,0,5,0,85,,4054,8,0,5,0,45,,4055,8,0,5,0,85,,4056,8,0,5,0,85,,4057,8,0,5,0
8019,'987',813,,4096,8,0,5,0,40,,4113,8,0,5,0,80,,4097,8,0,6,0,80,,4081,8,0,6,0,43,,4082,8,0,6,0,85,,4099,8,0,6,0,85,,4083,8,0,6,0,85,,4100,8,0,6,0,45,,4084,8,0,6,0,85,,4101,8,0,6,0,85,,4085,8,0,6,0,85,,4102,8,0,6,0,45,,4086,8,0,6,0,85,,4109,8,0,5,0,85,,4112,8,0,5,0,85,,4114,8,0,5,0,45,,4115,8,0,5,0,85,,4103,8,0,5,0,85,,4087,8,0,5,0,85,,4118,8,0,5,0
18029,'976',813,,5557,7,,,0,40,,5558,7,,,0,80,,5559,7,,,0,80,,5560,7,,,0,43,,5561,7,,,0,85,,5562,7,,,0,85,,5563,7,,,0,85,,5564,7,,,0,45,,5565,7,,,0,85,,5566,7,,,0,85,,5567,7,,,0,85,,5568,7,,,0,45,,5569,7,,,0,85,,5570,7,,,0,85,,5571,7,,,0,85,,5572,7,,,0,45,,5573,7,,,0,85,,5574,7,,,0,85,,5575,7,,,0,85,,5576,7,,,0,45,,5577,7,,,0
18029,'979',634,,2608,7,,,0,85,,2609,7,,,0,85,,2610,7,,,0,45,,2611,7,,,0,85,,2612,7,,,0,85,,2613,7,,,0,85,,2614,7,,,0,45,,2615,7,,,0,85,,2616,7,,,0,85,,2617,7,,,0,85,,2618,7,,,0,45,,2619,7,,,0,85,,2620,7,,,0,85,,2621,7,,,0,85,,2622,7,,,0,45,,2623,7,,,0,85,,2624,7,,,0,92,,2625,7,,,0,85,,2626,7,,,0,45,,2628,7,,,0,85,,2627,7,,,0,85,,2630,7,,,0,85,,2629,7,,,0,44,,2631,7,,,0
18029,'983',814,,2587,7,,,0,40,,2588,7,,,0,80,,2589,7,,,0,80,,2590,7,,,0,43,,2591,7,,,0,85,,2592,7,,,0,85,,2593,7,,,0,85,,2594,7,,,0,45,,2595,7,,,0,85,,2596,7,,,0,85,,2597,7,,,0,85,,2598,7,,,0,45,,2599,7,,,0,85,,2600,7,,,0,85,,2601,7,,,0,85,,2602,7,,,0,45,,2603,7,,,0,85,,2604,7,,,0,85,,2605,7,,,0,85,,2606,7,,,0,45,,2607,7,,,0
18029,'985',634,,5578,7,,,0,85,,5579,7,,,0,85,,5580,7,,,0,45,,5581,7,,,0,85,,5582,7,,,0,85,,5583,7,,,0,85,,5584,7,,,0,45,,5585,7,,,0,85,,5586,7,,,0,85,,5587,7,,,0,85,,5588,7,,,0,45,,5589,7,,,0,85,,5590,7,,,0,85,,5591,7,,,0,85,,5592,7,,,0,45,,5593,7,,,0,85,,5594,7,,,0,92,,5595,7,,,0,85,,5596,7,,,0,45,,5598,7,,,0,85,,5597,7,,,0,85,,5600,7,,,0,85,,5599,7,,,0,44,,5601,7,,,0
18029,'986',624,,5602,7,,,0,80,,5603,7,,,0,40,,5604,7,,,0,80,,5605,7,,,0,80,,5606,7,,,0,40,,5607,7,,,0,80,,5608,7,,,0,80,,5609,7,,,0,45,,5610,7,,,0,85,,5611,7,,,0,85,,5612,7,,,0,85,,5613,7,,,0,45,,5614,7,,,0,85,,5615,7,,,0,85,,5617,7,,,0,85,,5618,7,,,0,45,,5616,7,,,0,85,,5619,7,,,0,92,,5621,7,,,0,85,,5620,7,,,0,45,,5622,7,,,0,85,,5624,7,,,0,85,,5623,7,,,0,85,,5625,7,,,0,44,,5626,7,,,0
18029,'987',813,,5627,7,,,0,40,,5628,7,,,0,80,,5629,7,,,0,80,,5630,7,,,0,43,,5631,7,,,0,85,,5632,7,,,0,85,,5633,7,,,0,85,,5634,7,,,0,45,,5635,7,,,0,85,,5636,7,,,0,85,,5637,7,,,0,85,,5638,7,,,0,45,,5639,7,,,0,85,,5640,7,,,0,85,,5641,7,,,0,85,,5642,7,,,0,45,,5643,7,,,0,85,,5644,7,,,0,85,,5645,7,,,0,85,,5646,7,,,0,45,,5647,7,,,0
