17019,'1011',646,,13875,26,4,,0,170,,13876,26,4,,0,100,,13877,26,4,,0,130,,13878,26,4,,0,100,,13879,26,4,,0,170,,13880,26,4,,0,100,,13881,26,4,,0,130,,13882,26,4,,0,100,,13883,26,4,,0,170,,13884,26,4,,0,100,,13885,26,4,,0
17019,'1017',848,,11813,26,4,,0,80,,11814,26,4,,0,80,,11815,26,4,,0,40,,11816,26,4,,0,86,,11817,26,4,,0,85,,11818,26,4,,0,85,,11819,26,4,,0,45,,11820,26,4,,0,85,,11821,26,4,,0,85,,11822,26,4,,0,85,,11823,26,4,,0,45,,11824,26,4,,0,85,,11825,26,4,,0,85,,11826,26,4,,0,85,,11827,26,4,,0,45,,11828,26,4,,0,85,,11829,26,4,,0,85,,11830,26,4,,0,85,,11831,26,4,,0,42,,11832,26,4,,0
17019,'1022',2001,,13886,26,4,,0,130,,13887,26,4,,0,85,,13888,26,4,,0,130,,13889,26,4,,0
17019,'1025',2001,,15226,26,4,,0,130,,15227,26,4,,0,85,,15228,26,4,,0,130,,15229,26,4,,0
17019,'1026',616,,15238,26,4,,0,40,,15230,26,4,,0,80,,15231,26,4,,0,80,,15232,26,4,,0,40,,15233,26,4,,0,1145,,15234,26,4,,0,45,,15236,26,4,,0,85,,15235,26,4,,0,85,,15237,26,4,,0,85,,15240,26,4,,0,45,,15239,26,4,,0
17019,'994',621,,11812,26,4,,0,95,,11781,26,4,,0,30,,11782,26,4,,0,100,,11784,26,4,,0,100,,11786,26,4,,0,70,,11787,26,4,,0,100,,11789,26,4,,0,100,,11791,26,4,,0,30,,11792,26,4,,0,100,,11794,26,4,,0,100,,11796,26,4,,0,70,,11797,26,4,,0,100,,11799,26,4,,0,100,,11801,26,4,,0,30,,11802,26,4,,0,100,,11804,26,4,,0,200,,11807,26,4,,0,255,,11810,26,4,,0
17019,'995',936,,11837,26,4,,0,80,,11838,26,4,,0,30,,13903,26,4,,0,70,,13894,26,4,,0,30,,13895,26,4,,0,70,,13898,26,4,,0,30,,11841,26,4,,0,70,,13899,26,4,,0,30,,13896,26,4,,0,70,,13897,26,4,,0,30,,13901,26,4,,0,70,,11848,26,4,,0,30,,13913,26,4,,0,70,,13900,26,4,,0,30,,13911,26,4,,0,70,,13912,26,4,,0,30,,11860,26,4,,0,70,,13902,26,4,,0,30,,13914,26,4,,0,70,,13915,26,4,,0
17019,'996',848,,11864,26,4,,0,80,,11865,26,4,,0,80,,11866,26,4,,0,40,,11867,26,4,,0,86,,11868,26,4,,0,85,,11869,26,4,,0,85,,11870,26,4,,0,45,,11871,26,4,,0,85,,11872,26,4,,0,85,,11873,26,4,,0,85,,11874,26,4,,0,45,,11875,26,4,,0,85,,11876,26,4,,0,85,,11877,26,4,,0,85,,11878,26,4,,0,45,,11879,26,4,,0,85,,11880,26,4,,0,85,,11881,26,4,,0,85,,11882,26,4,,0,42,,11883,26,4,,0
17029,'1011',646,,13916,1,,,0,170,,13925,1,,,0,100,,13926,1,,,0,130,,13927,1,,,0,100,,13917,1,,,0,170,,13928,1,,,0,100,,13929,1,,,0,130,,13918,1,,,0,100,,13919,1,,,0,170,,13924,1,,,0,100,,13920,1,,,0
17029,'1017',848,,11917,1,,,0,80,,11918,1,,,0,80,,11919,1,,,0,40,,11920,1,,,0,86,,11921,1,,,0,85,,11922,1,,,0,85,,11923,1,,,0,45,,11924,1,,,0,85,,11925,1,,,0,85,,11926,1,,,0,85,,11927,1,,,0,45,,11928,1,,,0,85,,11929,1,,,0,85,,11930,1,,,0,85,,11931,1,,,0,45,,11932,1,,,0,85,,11933,1,,,0,85,,11934,1,,,0,85,,11935,1,,,0,42,,11936,1,,,0
17029,'1022',2001,,13921,1,,,0,130,,13922,1,,,0,85,,13923,1,,,0,130,,13930,1,,,0
17029,'1025',2001,,15241,1,,,0,130,,15242,1,,,0,85,,15243,1,,,0,130,,15244,1,,,0
17029,'1026',616,,15245,1,,,0,40,,15246,1,,,0,80,,15247,1,,,0,80,,15248,1,,,0,40,,15249,1,,,0,1145,,15250,1,,,0,45,,15252,1,,,0,85,,15251,1,,,0,85,,15253,1,,,0,85,,15255,1,,,0,45,,15254,1,,,0
17029,'994',621,,11916,1,,,0,95,,11885,1,,,0,30,,11886,1,,,0,100,,11887,1,,,0,100,,11888,1,,,0,70,,11889,1,,,0,100,,11911,1,,,0,100,,11912,1,,,0,30,,11890,1,,,0,100,,11892,1,,,0,100,,11893,1,,,0,70,,11907,1,,,0,100,,11906,1,,,0,100,,11905,1,,,0,30,,11896,1,,,0,100,,11897,1,,,0,200,,11900,1,,,0,255,,11903,1,,,0
17029,'995',936,,11942,1,,,0,80,,11943,1,,,0,30,,13945,1,,,0,70,,13936,1,,,0,30,,13937,1,,,0,70,,13940,1,,,0,30,,11946,1,,,0,70,,13941,1,,,0,30,,13938,1,,,0,70,,13939,1,,,0,30,,13943,1,,,0,70,,11953,1,,,0,30,,13952,1,,,0,70,,13942,1,,,0,30,,13953,1,,,0,70,,13954,1,,,0,30,,11964,1,,,0,70,,13944,1,,,0,30,,13955,1,,,0,70,,13956,1,,,0
17029,'996',848,,11968,1,,,0,80,,11969,1,,,0,80,,11970,1,,,0,40,,11971,1,,,0,86,,11972,1,,,0,85,,11973,1,,,0,85,,11974,1,,,0,45,,11975,1,,,0,85,,11976,1,,,0,85,,11977,1,,,0,85,,11978,1,,,0,45,,11979,1,,,0,85,,11980,1,,,0,85,,11981,1,,,0,85,,11982,1,,,0,45,,11983,1,,,0,85,,11984,1,,,0,85,,11985,1,,,0,85,,11986,1,,,0,42,,11987,1,,,0
