30003019,'1021',639,,12193,24,,,0,66,,12194,24,,,0,129,,12197,24,,,0,70,,12198,24,,,0,30,,12199,24,,,0,170,,12171,24,,,0,30,,12172,24,,,0,70,,12173,24,,,0,130,,12176,24,,,0,70,,12177,24,,,0,30,,12178,24,,,0,170,,12181,24,,,0,30,,12182,24,,,0,70,,12183,24,,,0,130,,12187,24,,,0,70,,12186,24,0,9,0,30,,12192,24,,,0,85,,12190,24,,,0,85,,12189,24,,,0,45,,12191,24,,,0,85,,12188,24,,,0,85,,12201,24,0,7 8,0
30003019,'1022',735,,12195,24,,,0,69,,14019,24,,,0,200,,12200,24,,,0,29,,14015,24,,,0,201,,12174,24,,,0,70,,14016,24,,,0,200,,12179,24,,,0,30,,14017,24,,,0,200,,12184,24,,,0,70,,14018,24,,,0
30003019,'1024',901,,12202,24,,,0,40,,12203,24,,,0,80,,12204,24,,,0,80,,12205,24,,,0,47,,12206,24,,,0,88,,12207,24,,,0,85,,12208,24,,,0,85,,12209,24,,,0,45,,12210,24,,,0,85,,12211,24,,,0,85,,12212,24,,,0,85,,12213,24,,,0,45,,12214,24,,,0,85,,12215,24,,,0,85,,12216,24,,,0,85,,12217,24,,,0,45,,12218,24,,,0,85,,12219,24,,,0,85,,12221,24,0,9,0,82,,12220,24,0,9,0
30003019,'1025',638,,15337,24,,,0,66,,15338,24,,,0,30,,15339,24,,,0,70,,15340,24,,,0,30,,15341,24,,,0,70,,15342,24,,,0,30,,15343,24,,,0,70,,15344,24,,,0,28,,15314,24,,,0,72,,15315,24,,,0,30,,15316,24,,,0,70,,15317,24,,,0,30,,15318,24,,,0,70,,15319,24,,,0,30,,15320,24,,,0,70,,15321,24,,,0,30,,15322,24,,,0,70,,15323,24,,,0,30,,15324,24,,,0,70,,15325,24,,,0,30,,15326,24,,,0,70,,15327,24,,,0,30,,15328,24,,,0,70,,15329,24,,,0,30,,15331,24,,,0,70,,15330,24,0,9,0,30,,15336,24,,,0,85,,15334,24,,,0,85,,15333,24,,,0,45,,15335,24,,,0,85,,15332,24,,,0,85,,15345,24,0,7 8,0
30003019,'1026',635,,15346,24,,,0,75,,15347,24,,,0,40,,15348,24,,,0,80,,15349,24,,,0,80,,15350,24,,,0,40,,15351,24,,,0,82,,15352,24,,,0,72,,15353,24,,,0,30,,15354,24,,,0,70,,15355,24,,,0,30,,15356,24,,,0,70,,15357,24,,,0,30,,15358,24,,,0,70,,15359,24,,,0,30,,15360,24,,,0,70,,15361,24,,,0,30,,15362,24,,,0,70,,15363,24,,,0,30,,15364,24,,,0,70,,15365,24,,,0,30,,15366,24,,,0,70,,15367,24,,,0,27,,15368,24,,,0,28,,15369,24,0,9,0,70,,15375,24,,,0,85,,15370,24,,,0,45,,15371,24,,,0,88,,15372,24,,,0,85,,15373,24,,,0,82,,15374,24,0,9,0
30003019,'1027',900,,15376,24,,,0,40,,15377,24,,,0,80,,15378,24,,,0,80,,15379,24,,,0,48,,15380,24,,,0,88,,15381,24,,,0,85,,15382,24,,,0,85,,15383,24,,,0,45,,15384,24,,,0,85,,15385,24,,,0,85,,15386,24,,,0,85,,15387,24,,,0,45,,15388,24,,,0,85,,15389,24,,,0,85,,15390,24,,,0,85,,15391,24,,,0,45,,15392,24,,,0,85,,15393,24,,,0,85,,15395,24,0,9,0,82,,15394,24,0,9,0
30003019,'996',900,,15396,24,,,0,40,,15397,24,,,0,80,,15398,24,,,0,80,,15399,24,,,0,48,,15400,24,,,0,88,,15401,24,,,0,85,,15402,24,,,0,85,,15403,24,,,0,45,,15404,24,,,0,85,,15405,24,,,0,85,,15406,24,,,0,85,,15407,24,,,0,45,,15408,24,,,0,85,,15409,24,,,0,85,,15410,24,,,0,85,,15411,24,,,0,45,,15412,24,,,0,85,,15413,24,,,0,85,,15415,24,0,9,0,82,,15414,24,0,9,0
100003019,'1021',649,,12391,16,,,0,100,,12393,18,,,0,70,,12394,18,,,0,100,,12396,18,,,0,100,,12374,18,,,0,30,,12375,18,,,0,100,,12377,18,,,0,100,,12379,18,,,0,70,,12380,18,,,0,100,,12382,18,,,0,100,,12384,18,,,0,30,,12385,18,,,0,100,,12387,18,,,0,100,,12389,18,,,0,70,,12390,18,,,0,100,,12399,18,0,9,0
100003019,'1022',719,,12392,18,,,0,130,,14038,18,,,0,100,,12397,18,,,0,170,,14035,18,,,0,100,,12378,18,,,0,130,,14036,18,,,0,100,,12383,18,,,0,170,,14037,18,,,0,100,,12388,18,,,0,130,,14039,18,,,0
100003019,'1025',649,,15535,16,,,0,70,,15536,18,,,0,30,,15537,18,,,0,70,,15538,18,,,0,30,,15539,18,,,0,70,,15540,18,,,0,30,,15541,18,,,0,70,,15518,18,,,0,30,,15519,18,,,0,70,,15520,18,,,0,30,,15521,18,,,0,70,,15522,18,,,0,30,,15523,18,,,0,70,,15524,18,,,0,30,,15525,18,,,0,70,,15526,18,,,0,30,,15527,18,,,0,70,,15528,18,,,0,30,,15529,18,,,0,70,,15530,18,,,0,30,,15531,18,,,0,70,,15532,18,,,0,30,,15533,18,,,0,70,,15534,18,,,0,30,,15542,18,,,0,70,,15543,18,0,9,0
100003019,'1026',1019,,15544,18,,,0,30,,15545,18,,,0,70,,15546,18,,,0,30,,15547,18,,,0,70,,15548,18,,,0,30,,15549,18,,,0,70,,15550,18,,,0,30,,15551,18,,,0,70,,15552,18,,,0,30,,15553,18,,,0,70,,15554,18,,,0,30,,15555,18,,,0,70,,15556,18,,,0,30,,15557,18,,,0,70,,15558,18,,,0,30,,15559,18,,,0,70,,15560,18,,,0,30,,15561,18,,,0,70,,15562,18,0,9,0
