30003029,'1021',611,,12295,4,,,0,20,,12296,4,,,0,171,,12299,4,,,0,30,,12300,4,,,0,70,,12301,4,,,0,130,,12273,4,,,0,70,,12274,4,,,0,30,,12275,4,,,0,170,,12278,4,,,0,30,,12279,4,,,0,70,,12280,4,,,0,130,,12283,4,,,0,70,,12284,4,,,0,30,,12285,4,,,0,170,,12288,4,,,0,30,,12289,4,,,0,70,,12290,4,,,0,45,,12292,4,,,0,85,,12293,4,,,0,85,,12294,4,,,0,85,,12291,4,,,0,45,,12303,4,,,0
30003029,'1022',701,,12297,4,,,0,31,,14029,4,,,0,200,,12302,4,,,0,70,,14025,4,,,0,200,,12276,4,,,0,30,,14026,4,,,0,200,,12281,4,,,0,70,,14027,4,,,0,200,,12286,4,,,0,30,,14028,4,,,0
30003029,'1024',834,,12304,4,,,0,80,,12305,4,,,0,40,,12306,4,,,0,80,,12307,4,,,0,86,,12308,4,,,0,85,,12309,4,,,0,45,,12310,4,,,0,85,,12311,4,,,0,85,,12312,4,,,0,85,,12313,4,,,0,45,,12314,4,,,0,85,,12315,4,,,0,85,,12316,4,,,0,85,,12317,4,,,0,45,,12318,4,,,0,85,,12319,4,,,0,85,,12320,4,,,0,85,,12321,4,,,0,45,,12322,4,,,0,82,,12323,4,,,0
30003029,'1025',611,,15439,4,,,0,20,,15440,4,,,0,70,,15441,4,,,0,31,,15442,4,,,0,70,,15443,4,,,0,30,,15444,4,,,0,70,,15445,4,,,0,30,,15446,4,,,0,70,,15416,4,,,0,30,,15417,4,,,0,70,,15418,4,,,0,30,,15419,4,,,0,70,,15420,4,,,0,30,,15421,4,,,0,70,,15422,4,,,0,30,,15423,4,,,0,70,,15424,4,,,0,30,,15425,4,,,0,70,,15426,4,,,0,30,,15427,4,,,0,70,,15428,4,,,0,30,,15429,4,,,0,70,,15430,4,,,0,30,,15431,4,,,0,70,,15432,4,,,0,30,,15433,4,,,0,70,,15434,4,,,0,45,,15436,4,,,0,85,,15437,4,,,0,85,,15438,4,,,0,85,,15435,4,,,0,45,,15447,4,,,0
30003029,'1026',607,,15448,4,,,0,35,,15449,4,,,0,80,,15450,4,,,0,80,,15451,4,,,0,40,,15452,4,,,0,80,,15453,4,,,0,80,,15454,4,,,0,30,,15455,4,,,0,70,,15456,4,,,0,30,,15457,4,,,0,70,,15458,4,,,0,30,,15459,4,,,0,70,,15460,4,,,0,30,,15461,4,,,0,70,,15462,4,,,0,30,,15463,4,,,0,70,,15464,4,,,0,30,,15465,4,,,0,70,,15466,4,,,0,30,,15467,4,,,0,70,,15468,4,,,0,30,,15469,4,,,0,70,,15470,4,,,0,30,,15477,4,,,0,70,,15471,4,,,0,45,,15472,4,,,0,85,,15473,4,,,0,85,,15474,4,,,0,85,,15475,4,,,0,45,,15476,4,,,0
30003029,'1027',834,,15478,4,,,0,80,,15479,4,,,0,40,,15480,4,,,0,80,,15481,4,,,0,86,,15482,4,,,0,85,,15483,4,,,0,45,,15484,4,,,0,85,,15485,4,,,0,85,,15486,4,,,0,85,,15487,4,,,0,45,,15488,4,,,0,85,,15489,4,,,0,85,,15490,4,,,0,85,,15491,4,,,0,45,,15492,4,,,0,85,,15493,4,,,0,85,,15494,4,,,0,85,,15495,4,,,0,45,,15496,4,,,0,82,,15497,4,,,0
30003029,'996',834,,15498,4,,,0,80,,15499,4,,,0,40,,15500,4,,,0,80,,15501,4,,,0,86,,15502,4,,,0,85,,15503,4,,,0,45,,15504,4,,,0,85,,15505,4,,,0,85,,15506,4,,,0,85,,15507,4,,,0,45,,15508,4,,,0,85,,15509,4,,,0,85,,15510,4,,,0,85,,15511,4,,,0,45,,15512,4,,,0,85,,15513,4,,,0,85,,15514,4,,,0,85,,15515,4,,,0,45,,15516,4,,,0,82,,15517,4,,,0
100003029,'1021',621,,12436,4,,,0,95,,12438,4,,,0,31,,12439,4,,,0,100,,12441,4,,,0,100,,12435,4,,,0,70,,12419,4,,,0,100,,12421,4,,,0,100,,12423,4,,,0,30,,12424,4,,,0,100,,12426,4,,,0,100,,12428,4,,,0,70,,12429,4,,,0,100,,12431,4,,,0,100,,12433,4,,,0,30,,12434,4,,,0,100,,12443,4,,,0
100003029,'1022',646,,12437,4,,,0,171,,14047,4,,,0,100,,12442,4,,,0,130,,14044,4,,,0,100,,12422,4,,,0,170,,14045,4,,,0,100,,12427,4,,,0,130,,14046,4,,,0,100,,12432,4,,,0,170,,14048,4,,,0
100003029,'1025',621,,15580,4,,,0,25,,15581,4,,,0,70,,15582,4,,,0,31,,15583,4,,,0,70,,15584,4,,,0,30,,15585,4,,,0,70,,15586,4,,,0,30,,15579,4,,,0,70,,15563,4,,,0,30,,15564,4,,,0,70,,15565,4,,,0,30,,15566,4,,,0,70,,15567,4,,,0,30,,15568,4,,,0,70,,15569,4,,,0,30,,15570,4,,,0,70,,15571,4,,,0,30,,15572,4,,,0,70,,15573,4,,,0,30,,15574,4,,,0,70,,15575,4,,,0,30,,15576,4,,,0,70,,15577,4,,,0,30,,15578,4,,,0,70,,15588,4,,,0,30,,15587,4,,,0
100003029,'1026',947,,15605,4,,,0,70,,15589,4,,,0,30,,15590,4,,,0,70,,15591,4,,,0,30,,15592,4,,,0,70,,15593,4,,,0,30,,15594,4,,,0,70,,15595,4,,,0,30,,15596,4,,,0,70,,15597,4,,,0,30,,15598,4,,,0,70,,15599,4,,,0,30,,15600,4,,,0,70,,15601,4,,,0,30,,15602,4,,,0,70,,15603,4,,,0,30,,15604,4,,,0,70,,15606,4,,,0,30,,15607,4,,,0
