14029,'1010',710,,11498,16,,,0,230,,11503,16,,,0,271,,11477,16,,,0,230,,11482,16,,,0,270,,11487,16,,,0,221,,11493,16,,,0,85,,11490,16,,,0,85,,11492,16,,,0,45,,11491,16,,,0,85,,11494,16,,,0,85,,11505,16,,,0
14029,'1011',810,,11500,16,,,0,230,,11474,16,,,0,271,,11479,16,,,0,230,,11484,16,,,0,269,,11489,16,,,0
14029,'1012',810,,12873,16,,,0,230,,12869,16,,,0,271,,12870,16,,,0,230,,12871,16,,,0,269,,12872,16,,,0
14029,'1014',819,,11506,16,,,0,40,,11507,16,,,0,80,,11508,16,,,0,80,,11509,16,,,0,83,,11510,16,,,0,46,,11511,16,,,0,85,,11512,16,,,0,85,,11513,16,,,0,85,,11514,16,,,0,45,,11515,16,,,0,85,,11516,16,,,0,85,,11517,16,,,0,85,,11518,16,,,0,45,,11519,16,,,0,85,,11520,16,,,0,84,,11521,16,,,0,85,,11522,16,,,0,45,,11523,16,,,0,85,,11524,16,,,0,85,,11525,16,,,0
14029,'1015',710,,13653,16,,,0,230,,13654,16,,,0,271,,13645,16,,,0,230,,13646,16,,,0,270,,13647,16,,,0,221,,13651,16,,,0,85,,13648,16,,,0,85,,13650,16,,,0,45,,13649,16,,,0,85,,13652,16,,,0,85,,13655,16,,,0
14029,'1016',630,,13656,16,,,0,80,,13657,16,,,0,40,,13658,16,,,0,80,,13659,16,,,0,80,,13660,16,,,0,40,,13661,16,,,0,260,,13662,16,,,0,231,,13663,16,,,0,270,,13664,16,,,0,221,,13665,16,,,0,85,,13666,16,,,0,85,,13667,16,,,0,45,,13668,16,,,0,85,,13670,16,,,0,85,,13669,16,,,0
14029,'1017',819,,13671,16,,,0,40,,13672,16,,,0,80,,13673,16,,,0,80,,13674,16,,,0,83,,13675,16,,,0,46,,13676,16,,,0,85,,13677,16,,,0,85,,13678,16,,,0,85,,13679,16,,,0,45,,13680,16,,,0,85,,13681,16,,,0,85,,13682,16,,,0,85,,13683,16,,,0,45,,13684,16,,,0,85,,13685,16,,,0,84,,13686,16,,,0,85,,13687,16,,,0,45,,13688,16,,,0,85,,13689,16,,,0,85,,13690,16,,,0
14029,'1018',819,,13691,16,,,0,40,,13692,16,,,0,80,,13693,16,,,0,80,,13694,16,,,0,83,,13695,16,,,0,46,,13696,16,,,0,85,,13697,16,,,0,85,,13698,16,,,0,85,,13699,16,,,0,45,,13700,16,,,0,85,,13701,16,,,0,85,,13702,16,,,0,85,,13703,16,,,0,45,,13704,16,,,0,85,,13705,16,,,0,84,,13706,16,,,0,85,,13707,16,,,0,45,,13708,16,,,0,85,,13709,16,,,0,85,,13710,16,,,0
14029,'994',618,,11496,16,,,0,22,,11497,16,,,0,100,,11499,16,,,0,100,,11501,16,,,0,70,,11502,16,,,0,100,,11473,16,,,0,100,,11475,16,,,0,30,,11476,16,,,0,101,,11478,16,,,0,100,,11480,16,,,0,70,,11481,16,,,0,100,,11483,16,,,0,100,,11485,16,,,0,30,,11486,16,,,0,100,,11488,16,,,0,99,,11495,16,,,0,70,,11504,16,,,0
14029,'995',1010,,11532,16,,,0,30,,11533,16,,,0,70,,11534,16,,,0,30,,11535,16,,,0,100,,11537,16,,,0,70,,11538,16,,,0,30,,11539,16,,,0,71,,11540,16,,,0,100,,11542,16,,,0,30,,11543,16,,,0,70,,11544,16,,,0,30,,11545,16,,,0,100,,11547,16,,,0,69,,11548,16,,,0,30,,11549,16,,,0,70,,11555,16,,,0
