14029,'1010',718,,11498,21,,,0,230,,11503,21,,,0,272,,11477,21,,,0,230,,11482,21,,,0,270,,11487,21,,,0,220,,11493,21,,,0,85,,11490,21,,,0,85,,11492,21,,,0,45,,11491,21,,,0,85,,11494,21,,,0,85,,11505,21,,,0
14029,'1011',818,,11500,21,,,0,230,,11474,21,,,0,272,,11479,21,,,0,230,,11484,21,,,0,268,,11489,21,,,0
14029,'1012',818,,12873,21,,,0,230,,12869,21,,,0,272,,12870,21,,,0,230,,12871,21,,,0,268,,12872,21,,,0
14029,'1014',827,,11506,21,,,0,80,,11507,21,,,0,40,,11508,21,,,0,80,,11509,21,,,0,83,,11510,21,,,0,47,,11511,21,,,0,85,,11512,21,,,0,85,,11513,21,,,0,85,,11514,21,,,0,45,,11515,21,,,0,85,,11516,21,,,0,85,,11517,21,,,0,85,,11518,21,,,0,45,,11519,21,,,0,85,,11520,21,,,0,83,,11521,21,,,0,85,,11522,21,,,0,45,,11523,21,,,0,85,,11524,21,,,0,85,,11525,21,,,0
14029,'1015',718,,13653,21,,,0,230,,13654,21,,,0,272,,13645,21,,,0,230,,13646,21,,,0,270,,13647,21,,,0,220,,13651,21,,,0,85,,13648,21,,,0,85,,13650,21,,,0,45,,13649,21,,,0,85,,13652,21,,,0,85,,13655,21,,,0
14029,'1016',638,,13656,21,,,0,80,,13657,21,,,0,40,,13658,21,,,0,80,,13659,21,,,0,80,,13660,21,,,0,40,,13661,21,,,0,260,,13662,21,,,0,232,,13663,21,,,0,270,,13664,21,,,0,220,,13665,21,,,0,85,,13666,21,,,0,85,,13667,21,,,0,45,,13668,21,,,0,85,,13670,21,,,0,85,,13669,21,,,0
14029,'1017',827,,13671,21,,,0,80,,13672,21,,,0,40,,13673,21,,,0,80,,13674,21,,,0,83,,13675,21,,,0,47,,13676,21,,,0,85,,13677,21,,,0,85,,13678,21,,,0,85,,13679,21,,,0,45,,13680,21,,,0,85,,13681,21,,,0,85,,13682,21,,,0,85,,13683,21,,,0,45,,13684,21,,,0,85,,13685,21,,,0,83,,13686,21,,,0,85,,13687,21,,,0,45,,13688,21,,,0,85,,13689,21,,,0,85,,13690,21,,,0
14029,'1018',827,,13691,21,,,0,80,,13692,21,,,0,40,,13693,21,,,0,80,,13694,21,,,0,83,,13695,21,,,0,47,,13696,21,,,0,85,,13697,21,,,0,85,,13698,21,,,0,85,,13699,21,,,0,45,,13700,21,,,0,85,,13701,21,,,0,85,,13702,21,,,0,85,,13703,21,,,0,45,,13704,21,,,0,85,,13705,21,,,0,83,,13706,21,,,0,85,,13707,21,,,0,45,,13708,21,,,0,85,,13709,21,,,0,85,,13710,21,,,0
14029,'994',626,,11496,21,,,0,22,,11497,21,,,0,100,,11499,21,,,0,100,,11501,21,,,0,70,,11502,21,,,0,100,,11473,21,,,0,100,,11475,21,,,0,30,,11476,21,,,0,102,,11478,21,,,0,100,,11480,21,,,0,70,,11481,21,,,0,100,,11483,21,,,0,100,,11485,21,,,0,30,,11486,21,,,0,100,,11488,21,,,0,98,,11495,21,,,0,70,,11504,21,,,0
14029,'995',1018,,11532,21,,,0,30,,11533,21,,,0,70,,11534,21,,,0,30,,11535,21,,,0,100,,11537,21,,,0,70,,11538,21,,,0,30,,11539,21,,,0,72,,11540,21,,,0,100,,11542,21,,,0,30,,11543,21,,,0,70,,11544,21,,,0,30,,11545,21,,,0,100,,11547,21,,,0,68,,11548,21,,,0,30,,11549,21,,,0,70,,11555,21,,,0
