7029,'976',858,,3819,11,,,0,78,,3820,11,,,0,80,,3821,11,,,0,40,,3822,11,,,0,85,,3823,11,,,0,85,,3824,11,,,0,85,,3825,11,,,0,45,,3826,11,,,0,85,,3827,11,,,0,85,,3828,11,,,0,85,,3829,11,,,0,45,,3830,11,,,0,85,,3831,11,,,0,85,,3832,11,,,0,85,,3833,11,,,0,45,,3834,11,,,0,85,,3835,11,,,0,85,,3836,11,,,0,82,,3837,11,,,0
7029,'979',623,,851,11,,,0,30,,852,11,,,0,70,,853,11,,,0,30,,854,11,,,0,70,,855,11,,,0,30,,856,11,,,0,70,,857,11,,,0,30,,858,11,,,0,70,,850,11,,,0,30,,842,11,,,0,70,,849,11,,,0,30,,837,11,,,0,70,,848,11,,,0,30,,841,11,,,0,70,,847,11,,,0,30,,836,11,,,0,70,,846,11,,,0,30,,840,11,,,0,70,,845,11,,,0,30,,835,11,,,0,70,,844,11,,,0,30,,839,11,,,0,70,,843,11,,,0,30,,838,11,,,0,70,,828,11,,,0,30,,829,11,,,0,70,,830,11,,,0,85,,831,11,,,0,45,,832,11,,,0,85,,833,11,,,0,85,,834,11,,,0,85,,859,11,,,0
7029,'983',858,,809,11,,,0,78,,810,11,,,0,80,,811,11,,,0,40,,812,11,,,0,85,,813,11,,,0,85,,814,11,,,0,85,,815,11,,,0,45,,816,11,,,0,85,,817,11,,,0,85,,818,11,,,0,85,,819,11,,,0,45,,820,11,,,0,85,,821,11,,,0,85,,822,11,,,0,85,,823,11,,,0,45,,824,11,,,0,85,,825,11,,,0,85,,826,11,,,0,82,,827,11,,,0
7029,'985',623,,3861,11,,,0,30,,3862,11,,,0,70,,3863,11,,,0,30,,3864,11,,,0,70,,3865,11,,,0,30,,3866,11,,,0,70,,3867,11,,,0,30,,3868,11,,,0,70,,3860,11,,,0,30,,3852,11,,,0,70,,3859,11,,,0,30,,3847,11,,,0,70,,3858,11,,,0,30,,3851,11,,,0,70,,3857,11,,,0,30,,3846,11,,,0,70,,3856,11,,,0,30,,3850,11,,,0,70,,3855,11,,,0,30,,3845,11,,,0,70,,3854,11,,,0,30,,3849,11,,,0,70,,3853,11,,,0,30,,3848,11,,,0,70,,3838,11,,,0,30,,3839,11,,,0,70,,3840,11,,,0,85,,3841,11,,,0,45,,3842,11,,,0,85,,3843,11,,,0,85,,3844,11,,,0,85,,3869,11,,,0
7029,'986',628,,3870,11,,,0,80,,3871,11,,,0,40,,3872,11,,,0,80,,3873,11,,,0,80,,3874,11,,,0,40,,3875,11,,,0,75,,3876,11,,,0,30,,3877,11,,,0,70,,3878,11,,,0,30,,3879,11,,,0,70,,3880,11,,,0,30,,3881,11,,,0,70,,3882,11,,,0,30,,3883,11,,,0,70,,3884,11,,,0,30,,3885,11,,,0,70,,3886,11,,,0,30,,3887,11,,,0,70,,3888,11,,,0,30,,3889,11,,,0,70,,3890,11,,,0,30,,3891,11,,,0,70,,3892,11,,,0,30,,3893,11,,,0,70,,3894,11,,,0,85,,3895,11,,,0,45,,3896,11,,,0,85,,3897,11,,,0,85,,3898,11,,,0,85,,3899,11,,,0
7029,'987',858,,3900,11,,,0,78,,3901,11,,,0,80,,3902,11,,,0,40,,3903,11,,,0,85,,3904,11,,,0,85,,3905,11,,,0,85,,3906,11,,,0,45,,3907,11,,,0,85,,3908,11,,,0,85,,3909,11,,,0,85,,3910,11,,,0,45,,3911,11,,,0,85,,3912,11,,,0,85,,3913,11,,,0,85,,3914,11,,,0,45,,3915,11,,,0,85,,3916,11,,,0,85,,3917,11,,,0,82,,3918,11,,,0
9029,'976',904,,4233,22,,,0,40,,4236,22,,,0,80,,4221,22,,,0,85,,4222,22,,,0,44,,4223,22,,,0,85,,4224,22,,,0,85,,4225,22,,,0,85,,4226,22,,,0,45,,4227,22,,,0,85,,4229,22,,,0,85,,4228,22,,,0,85,,4230,22,,,0,45,,4231,22,,,0,85,,4232,22,,,0,81,,4237,22,,,0,85,,4238,22,,,0,45,,4239,22,,,0,85,,4234,22,,,0,85,,4235,22,,,0
9029,'979',655,,1253,22,,,0,67,,1254,22,,,0,28,,1255,22,,,0,70,,1256,22,,,0,30,,1257,22,,,0,70,,1258,22,,,0,30,,1259,22,,,0,70,,1237,22,,,0,30,,1240,22,,,0,70,,1238,22,,,0,30,,1239,22,,,0,70,,1241,22,,,0,30,,1242,22,,,0,70,,1243,22,,,0,30,,1244,22,,,0,70,,1245,22,,,0,30,,1246,22,,,0,70,,1247,22,,,0,30,,1248,22,,,0,70,,1249,22,,,0,30,,1250,22,,,0,70,,1251,22,,,0,30,,1252,22,,,0,70,,1232,22,,,0,30,,1233,22,,,0,68,,1234,22,,,0,30,,1262,22,,,0,77,,1235,22,,,0,85,,1230,22,,,0,37,,1231,22,,,0,85,,1236,22,,,0,85,,1260,22,,,0,85,,1261,22,,,0
9029,'983',904,,1223,22,,,0,40,,1226,22,,,0,80,,1211,22,,,0,85,,1212,22,,,0,44,,1213,22,,,0,85,,1214,22,,,0,85,,1215,22,,,0,85,,1216,22,,,0,45,,1217,22,,,0,85,,1219,22,,,0,85,,1218,22,,,0,85,,1220,22,,,0,45,,1221,22,,,0,85,,1222,22,,,0,81,,1227,22,,,0,85,,1228,22,,,0,45,,1229,22,,,0,85,,1224,22,,,0,85,,1225,22,,,0
9029,'985',655,,4263,22,,,0,68,,4264,22,,,0,28,,4265,22,,,0,70,,4266,22,,,0,30,,4267,22,,,0,70,,4268,22,,,0,30,,4269,22,,,0,70,,4247,22,,,0,30,,4250,22,,,0,70,,4248,22,,,0,30,,4249,22,,,0,70,,4251,22,,,0,30,,4252,22,,,0,70,,4253,22,,,0,30,,4254,22,,,0,70,,4255,22,,,0,30,,4256,22,,,0,70,,4257,22,,,0,30,,4258,22,,,0,70,,4259,22,,,0,30,,4260,22,,,0,70,,4261,22,,,0,30,,4262,22,,,0,70,,4242,22,,,0,30,,4243,22,,,0,67,,4244,22,,,0,30,,4272,22,,,0,77,,4245,22,,,0,85,,4240,22,,,0,37,,4241,22,,,0,85,,4246,22,,,0,85,,4270,22,,,0,85,,4271,22,,,0
9029,'986',634,,4295,22,,,0,80,,4296,22,,,0,40,,4297,22,,,0,80,,4298,22,,,0,82,,4299,22,,,0,85,,4274,22,,,0,17,,4275,22,,,0,30,,4276,22,,,0,70,,4277,22,,,0,30,,4278,22,,,0,70,,4280,22,,,0,30,,4279,22,,,0,70,,4281,22,,,0,30,,4282,22,,,0,71,,4283,22,,,0,30,,4284,22,,,0,70,,4285,22,,,0,30,,4286,22,,,0,70,,4287,22,,,0,30,,4288,22,,,0,70,,4289,22,,,0,30,,4290,22,,,0,70,,4291,22,,,0,30,,4292,22,,,0,69,,4303,22,,,0,30,,4293,22,,,0,77,,4294,22,,,0,85,,4300,22,,,0,37,,4301,22,,,0,85,,4273,22,,,0,85,,4302,22,,,0,85,,4304,22,,,0
9029,'987',904,,4317,22,,,0,40,,4320,22,,,0,80,,4305,22,,,0,85,,4306,22,,,0,44,,4307,22,,,0,85,,4308,22,,,0,85,,4309,22,,,0,85,,4310,22,,,0,45,,4311,22,,,0,85,,4313,22,,,0,85,,4312,22,,,0,85,,4314,22,,,0,45,,4315,22,,,0,85,,4316,22,,,0,81,,4321,22,,,0,85,,4322,22,,,0,45,,4323,22,,,0,85,,4318,22,,,0,85,,4319,22,,,0
