8019,'976',959,,3936,40,0,6,0,80,,3920,40,0,6,0,83,,3921,40,0,6,0,85,,3938,40,0,6,0,45,,3922,40,0,6,0,85,,3939,40,0,6,0,85,,3923,40,0,6,0,85,,3940,40,0,6,0,45,,3924,40,0,6,0,85,,3941,40,0,6,0,83,,3925,40,0,6,0
8019,'979',643,,993,40,0,6,0,74,,994,40,0,6,0,25,,995,40,0,6,0,70,,996,40,0,6,0,30,,997,40,0,6,0,70,,998,40,0,6,0,30,,999,40,0,6,0,70,,1000,40,0,6,0,30,,949,40,0,6,0,70,,950,40,0,6,0,30,,951,40,0,6,0,70,,952,40,0,6,0,34,,953,40,0,6,0,70,,954,40,0,6,0,30,,955,40,0,6,0,70,,956,40,0,6,0,30,,957,40,0,6,0,70,,958,40,0,6,0,30,,959,40,0,6,0,70,,960,40,0,6,0,30,,961,40,0,6,0,70,,962,40,0,6,0,30,,963,40,0,6,0,70,,964,40,0,6,0,27,,987,40,0,6,0,70,,982,40,0,6,0
8019,'983',959,,926,40,0,6,0,80,,910,40,0,6,0,83,,911,40,0,6,0,85,,928,40,0,6,0,45,,912,40,0,6,0,85,,929,40,0,6,0,85,,913,40,0,6,0,85,,930,40,0,6,0,45,,914,40,0,6,0,85,,931,40,0,6,0,83,,915,40,0,6,0
8019,'985',643,,4003,40,0,6,0,74,,4004,40,0,6,0,25,,4005,40,0,6,0,70,,4006,40,0,6,0,30,,4007,40,0,6,0,70,,4008,40,0,6,0,30,,4009,40,0,6,0,70,,4010,40,0,6,0,30,,3959,40,0,6,0,70,,3960,40,0,6,0,30,,3961,40,0,6,0,70,,3962,40,0,6,0,34,,3963,40,0,6,0,70,,3964,40,0,6,0,30,,3965,40,0,6,0,70,,3966,40,0,6,0,30,,3967,40,0,6,0,70,,3968,40,0,6,0,30,,3969,40,0,6,0,70,,3970,40,0,6,0,30,,3971,40,0,6,0,70,,3972,40,0,6,0,30,,3973,40,0,6,0,70,,3974,40,0,6,0,27,,3997,40,0,6,0,70,,3992,40,0,6,0
8019,'986',929,,4035,40,0,6,0,80,,4036,40,0,6,0,35,,4037,40,0,6,0,70,,4038,40,0,6,0,30,,4039,40,0,6,0,70,,4040,40,0,6,0,30,,4041,40,0,6,0,72,,4042,40,0,6,0,30,,4043,40,0,6,0,70,,4044,40,0,6,0,30,,4045,40,0,6,0,70,,4046,40,0,6,0,30,,4047,40,0,6,0,70,,4048,40,0,6,0,30,,4049,40,0,6,0,70,,4050,40,0,6,0,30,,4051,40,0,6,0,70,,4052,40,0,6,0,21,,4076,40,0,6,0,70,,4079,40,0,6,0
8019,'987',959,,4097,40,0,6,0,80,,4081,40,0,6,0,83,,4082,40,0,6,0,85,,4099,40,0,6,0,45,,4083,40,0,6,0,85,,4100,40,0,6,0,85,,4084,40,0,6,0,85,,4101,40,0,6,0,45,,4085,40,0,6,0,85,,4102,40,0,6,0,83,,4086,40,0,6,0
16019,'979',632,,2194,3,,,0,70,,2195,3,,,0,30,,2196,3,,,0,70,,2197,3,,,0,30,,2198,3,,,0,70,,2199,3,,,0,30,,2200,3,,,0,70,,2201,3,,,0,30,,2179,3,,,0,70,,2180,3,,,0,30,,2181,3,,,0,70,,2182,3,,,0,30,,2183,3,,,0,70,,2184,3,,,0,30,,2185,3,,,0,70,,2186,3,,,0,30,,2187,3,,,0,70,,2188,3,,,0,30,,2189,3,,,0,70,,2190,3,,,0,30,,2191,3,,,0,70,,2192,3,,,0,30,,2193,3,,,0,70,,2202,3,,,0,30,,2203,3,,,0,70,,2204,3,,,0,138,,2206,3,,,0,170,,2207,3,,,0
16019,'980',1954,,2205,3,,,0,171,,2208,3,,,0
16019,'982',647,,2209,3,,,0,107,,2211,3,,,0,160,,2213,3,,,0,118,,2215,3,,,0,100,,2217,3,,,0,100,,2219,3,,,0,100,,2221,3,,,0,100,,2223,3,,,0,100,,2225,3,,,0,100,,2227,3,,,0,100,,2229,3,,,0,100,,2231,3,,,0
16019,'985',632,,5192,3,,,0,70,,5193,3,,,0,30,,5194,3,,,0,70,,5195,3,,,0,30,,5196,3,,,0,70,,5197,3,,,0,30,,5198,3,,,0,70,,5199,3,,,0,30,,5177,3,,,0,70,,5178,3,,,0,30,,5179,3,,,0,70,,5180,3,,,0,30,,5181,3,,,0,70,,5182,3,,,0,30,,5183,3,,,0,70,,5184,3,,,0,30,,5185,3,,,0,70,,5186,3,,,0,30,,5187,3,,,0,70,,5188,3,,,0,30,,5189,3,,,0,70,,5190,3,,,0,30,,5191,3,,,0,70,,5200,3,,,0,30,,5201,3,,,0,70,,5202,3,,,0,138,,5203,3,,,0,170,,5204,3,,,0
16019,'986',714,,5205,3,,,0,120,,5206,3,,,0,120,,5207,3,,,0,148,,5208,3,,,0,100,,5209,3,,,0,100,,5210,3,,,0,100,,5211,3,,,0,100,,5212,3,,,0,100,,5213,3,,,0,100,,5214,3,,,0,100,,5215,3,,,0,100,,5216,3,,,0
