1019,'1003',626,,9675,31,4,,0,30,,9676,31,4,,0,70,,9677,31,4,,0,30,,9678,31,4,,0,70,,9679,31,4,,0,30,,9680,31,4,,0,70,,9681,31,4,,0,30,,9682,31,4,,0,70,,9683,31,4,,0,30,,9684,31,4,,0,70,,9685,31,4,,0,30,,9686,31,4,,0,70,,9687,31,4,,0,30,,9688,31,4,,0,70,,9689,31,4,,0,30,,9690,31,4,,0,70,,9691,31,4,,0,30,,9692,31,4,,0,70,,9693,31,4,,0,30,,9694,31,4,,0,70,,9695,31,4,,0,30,,9696,31,4,,0,70,,9697,31,4,,0,30,,9698,31,4,,0,70,,9699,31,4,,0,30,,9701,31,4,,0,64,,9708,31,4,,0,85,,9703,31,4,,0,45,,9702,31,4,,0,84,,9704,30,4,,0,85,,9705,30,4,,0,85,,9706,30,4,,0,45,,9700,30,4,,0,76,,9707,30,4,,0
1019,'1004',809,,9709,31,4,,0,40,,9710,31,4,,0,60,,9730,31,4,,0,20,,9711,31,4,,0,20,,9712,31,4,,0,60,,9732,31,4,,0,20,,9713,31,4,,0,20,,9734,31,4,,0,66,,9714,31,4,,0,22,,9736,31,4,,0,63,,9715,31,4,,0,22,,9731,31,4,,0,23,,9716,31,4,,0,62,,9733,31,4,,0,23,,9717,31,4,,0,22,,9735,31,4,,0,63,,9718,31,4,,0,22,,9737,31,4,,0,63,,9719,31,4,,0,22,,9738,31,4,,0,23,,9720,31,4,,0,62,,9739,31,4,,0,23,,9721,31,4,,0,22,,9740,31,4,,0,63,,9722,31,4,,0,22,,9741,31,4,,0,63,,9742,31,4,,0,22,,9723,31,4,,0,21,,9743,30,4,,0,62,,9724,30,4,,0,45,,9726,30,4,,0,85,,9725,30,4,,0,85,,9727,30,4,,0,85,,9729,30,4,,0,45,,9728,30,4,,0,83,,9744,30,4,,0
1019,'995',618,,9745,31,4,,0,40,,9746,31,4,,0,80,,9747,31,4,,0,80,,9748,31,4,,0,40,,9749,31,4,,0,80,,9750,31,4,,0,20,,9777,31,4,,0,60,,9775,31,4,,0,37,,9755,31,4,,0,70,,9754,31,4,,0,30,,9757,31,4,,0,70,,9756,31,4,,0,30,,9759,31,4,,0,70,,9758,31,4,,0,30,,9761,31,4,,0,70,,9760,31,4,,0,30,,9763,31,4,,0,70,,9762,31,4,,0,30,,9765,31,4,,0,70,,9764,31,4,,0,30,,9767,31,4,,0,70,,9766,31,4,,0,30,,9753,31,4,,0,70,,9768,31,4,,0,30,,9776,31,4,,0,64,,9770,30,4,,0,85,,9769,30,4,,0,45,,9771,30,4,,0,85,,9773,30,4,,0,85,,9772,30,4,,0,82,,9751,30,4,,0,45,,9774,30,4,,0,80,,9752,30,4,,0
1019,'996',809,,9778,31,4,,0,40,,9779,31,4,,0,60,,9799,31,4,,0,20,,9780,31,4,,0,20,,9781,31,4,,0,60,,9801,31,4,,0,20,,9782,31,4,,0,20,,9803,31,4,,0,66,,9783,31,4,,0,22,,9805,31,4,,0,63,,9784,31,4,,0,22,,9800,31,4,,0,23,,9785,31,4,,0,62,,9802,31,4,,0,23,,9786,31,4,,0,22,,9804,31,4,,0,63,,9787,31,4,,0,22,,9806,31,4,,0,63,,9788,31,4,,0,22,,9807,31,4,,0,23,,9789,31,4,,0,62,,9808,31,4,,0,23,,9790,31,4,,0,22,,9809,31,4,,0,63,,9791,31,4,,0,22,,9810,31,4,,0,63,,9811,31,4,,0,22,,9792,31,4,,0,21,,9812,30,4,,0,62,,9793,30,4,,0,45,,9795,30,4,,0,85,,9794,30,4,,0,85,,9796,30,4,,0,85,,9798,30,4,,0,45,,9797,30,4,,0,83,,9813,30,4,,0
1029,'1003',600,,9814,1,,,0,30,,9815,1,,,0,70,,9816,1,,,0,30,,9817,1,,,0,70,,9818,1,,,0,30,,9819,1,,,0,70,,9820,1,,,0,30,,9821,1,,,0,70,,9822,1,,,0,30,,9823,1,,,0,70,,9824,1,,,0,30,,9825,1,,,0,70,,9826,1,,,0,30,,9827,1,,,0,70,,9828,1,,,0,30,,9829,1,,,0,70,,9830,1,,,0,30,,9831,1,,,0,70,,9832,1,,,0,30,,9833,1,,,0,70,,9834,1,,,0,30,,9835,1,,,0,70,,9836,1,,,0,30,,9837,1,,,0,70,,9838,1,,,0,30,,9839,1,,,0,70,,9847,1,,,0,22,,9840,1,,,0,85,,9841,1,,,0,45,,9843,1,,,0,85,,9844,1,,,0,85,,9845,1,,,0,85,,9842,1,,,0,44,,9846,1,,,0
1029,'1004',810,,9848,1,,,0,40,,9849,1,,,0,60,,9869,1,,,0,20,,9867,1,,,0,20,,9871,1,,,0,60,,9850,1,,,0,20,,9873,1,,,0,23,,9851,1,,,0,62,,9868,1,,,0,23,,9852,1,,,0,62,,9872,1,,,0,23,,9853,1,,,0,22,,9870,1,,,0,63,,9854,1,,,0,22,,9874,1,,,0,23,,9855,1,,,0,62,,9875,1,,,0,23,,9856,1,,,0,62,,9876,1,,,0,23,,9857,1,,,0,22,,9877,1,,,0,63,,9858,1,,,0,22,,9878,1,,,0,23,,9859,1,,,0,62,,9879,1,,,0,23,,9860,1,,,0,62,,9861,1,,,0,23,,9881,1,,,0,85,,9866,1,,,0,45,,9862,1,,,0,85,,9863,1,,,0,85,,9865,1,,,0,85,,9864,1,,,0,45,,9880,1,,,0
1029,'995',620,,9882,1,,,0,80,,9883,1,,,0,40,,9884,1,,,0,80,,9885,1,,,0,80,,9886,1,,,0,40,,9887,1,,,0,60,,9889,1,,,0,30,,9888,1,,,0,70,,9891,1,,,0,30,,9890,1,,,0,70,,9893,1,,,0,30,,9892,1,,,0,70,,9895,1,,,0,30,,9894,1,,,0,70,,9897,1,,,0,30,,9896,1,,,0,70,,9899,1,,,0,30,,9898,1,,,0,70,,9901,1,,,0,30,,9900,1,,,0,70,,9903,1,,,0,30,,9902,1,,,0,70,,9912,1,,,0,30,,9904,1,,,0,70,,9913,1,,,0,22,,9905,1,,,0,85,,9907,1,,,0,45,,9906,1,,,0,85,,9908,1,,,0,85,,9910,1,,,0,85,,9909,1,,,0,44,,9911,1,,,0
1029,'996',810,,9914,1,,,0,40,,9915,1,,,0,60,,9935,1,,,0,20,,9933,1,,,0,20,,9937,1,,,0,60,,9916,1,,,0,20,,9939,1,,,0,23,,9917,1,,,0,62,,9934,1,,,0,23,,9918,1,,,0,62,,9938,1,,,0,23,,9919,1,,,0,22,,9936,1,,,0,63,,9920,1,,,0,22,,9940,1,,,0,23,,9921,1,,,0,62,,9941,1,,,0,23,,9922,1,,,0,62,,9942,1,,,0,23,,9923,1,,,0,22,,9943,1,,,0,63,,9924,1,,,0,22,,9944,1,,,0,23,,9925,1,,,0,62,,9945,1,,,0,23,,9926,1,,,0,62,,9927,1,,,0,23,,9947,1,,,0,85,,9932,1,,,0,45,,9928,1,,,0,85,,9929,1,,,0,85,,9931,1,,,0,85,,9930,1,,,0,45,,9946,1,,,0
4019,'994',630,,6813,1,,,0,502,,6818,1,,,0
8019,'1003',620,,10604,1,0,6,0,30,,10605,1,0,6,0,65,,10612,49,4,,0,23,,10613,49,4,,0,7,,10607,1,0,6,0,67,,10614,49,4,,0,3,,10608,1,0,6,0,22,,10615,49,4,,0,8,,10609,1,0,6,0,62,,10616,49,4,,0,8,,10610,1,0,6,0,22,,10617,49,4,,0,8,,10611,1,0,6,0,62,,10618,49,4,,0,8,,10560,1,0,6,0,22,,10576,49,4,,0,8,,10561,1,0,6,0,62,,10577,49,4,,0,8,,10562,1,0,6,0,22,,10578,49,4,,0,8,,10563,1,0,6,0,62,,10579,49,4,,0,8,,10564,1,0,6,0,22,,10580,49,4,,0,8,,10565,1,0,6,0,65,,10581,49,4,,0,5,,10566,1,0,6,0,29,,10582,49,4,,0,1,,10567,1,0,6,0,69,,10583,49,4,,0,1,,10568,1,0,6,0,29,,10584,49,4,,0,1,,10569,1,0,6,0,69,,10585,49,4,,0,1,,10570,1,0,6,0,29,,10586,49,4,,0,1,,10571,1,0,6,0,69,,10587,49,4,,0,1,,10572,1,0,6,0,29,,10588,49,4,,0,1,,10573,1,0,6,0,69,,10589,49,4,,0,1,,10574,1,0,6,0,29,,10590,49,4,,0,1,,10575,1,0,6,0,69,,10591,49,4,,0,1,,10598,1,0,6,0,26,,10619,49,4,,0,4,,10593,1,0,6,0,66,,10600,49,4,,0,11,,10620,1,0,5,0,16,,10601,49,4,,0,65,,10621,36,4,,0,4,,10597,1,0,5,0,41,,10599,36,4,,0,4,,10594,1,0,5,0,81,,10602,36,4,,0,4,,10596,1,0,5,0,81,,10592,36,4,,0,4,,10595,1,0,5,0,81,,10603,36,4,,0
8019,'1004',810,,10638,1,0,5,0,40,,10636,36,4,,0,80,,10640,36,4,,0,80,,10653,36,4,,0,40,,10646,49,4,,0,3,,10624,1,0,6,0,77,,10630,49,4,,0,8,,10641,1,0,6,0,80,,10647,49,4,,0,5,,10625,1,0,6,0,80,,10631,49,4,,0,5,,10642,1,0,6,0,40,,10648,49,4,,0,5,,10626,1,0,6,0,80,,10632,49,4,,0,5,,10643,1,0,6,0,80,,10649,49,4,,0,5,,10627,1,0,6,0,80,,10622,49,4,,0,5,,10644,1,0,6,0,40,,10633,49,4,,0,5,,10628,1,0,6,0,80,,10634,49,4,,0,5,,10651,1,0,5,0,80,,10635,49,4,,0,5,,10654,1,0,5,0,81,,10659,36,4,,0,4,,10656,1,0,5,0,41,,10650,36,4,,0,4,,10657,1,0,5,0,81,,10652,36,4,,0,4,,10645,1,0,5,0,81,,10658,36,4,,0,4,,10629,1,0,5,0,81,,10637,36,4,,0,4,,10660,1,0,5,0,41,,10661,36,4,,0
8019,'995',620,,10672,1,0,5,0,80,,10662,36,4,,0,40,,10663,36,4,,0,80,,10664,36,4,,0,80,,10665,36,4,,0,40,,10666,36,4,,0,75,,10699,49,4,,0,25,,10700,49,4,,0,5,,10679,1,0,6,0,12,,10701,49,4,,0,58,,10680,1,0,6,0,18,,10702,49,4,,0,12,,10681,1,0,6,0,65,,10703,49,4,,0,5,,10682,1,0,6,0,25,,10704,49,4,,0,5,,10683,1,0,6,0,65,,10705,49,4,,0,5,,10684,1,0,6,0,25,,10706,49,4,,0,5,,10685,1,0,6,0,67,,10707,49,4,,0,3,,10686,1,0,6,0,27,,10708,49,4,,0,3,,10687,1,0,6,0,67,,10709,49,4,,0,3,,10688,1,0,6,0,27,,10710,49,4,,0,3,,10689,1,0,6,0,67,,10711,49,4,,0,3,,10690,1,0,6,0,27,,10712,49,4,,0,3,,10691,1,0,6,0,67,,10713,49,4,,0,3,,10692,1,0,6,0,27,,10714,49,4,,0,3,,10693,1,0,6,0,67,,10715,49,4,,0,3,,10717,1,0,6,0,27,,10716,49,4,,0,3,,10720,1,0,6,0,67,,10719,49,4,,0,10,,10694,1,0,5,0,17,,10718,49,4,,0,64,,10667,36,4,,0,4,,10695,1,0,5,0,41,,10668,36,4,,0,4,,10696,1,0,5,0,81,,10669,36,4,,0,4,,10697,1,0,5,0,81,,10670,36,4,,0,4,,10698,1,0,5,0,81,,10671,36,4,,0
8019,'996',810,,10737,1,0,5,0,40,,10735,36,4,,0,80,,10739,36,4,,0,80,,10752,36,4,,0,40,,10745,49,4,,0,3,,10723,1,0,6,0,77,,10729,49,4,,0,8,,10740,1,0,6,0,80,,10746,49,4,,0,5,,10724,1,0,6,0,80,,10730,49,4,,0,5,,10741,1,0,6,0,40,,10747,49,4,,0,5,,10725,1,0,6,0,80,,10731,49,4,,0,5,,10742,1,0,6,0,80,,10748,49,4,,0,5,,10726,1,0,6,0,80,,10721,49,4,,0,5,,10743,1,0,6,0,40,,10732,49,4,,0,5,,10727,1,0,6,0,80,,10733,49,4,,0,5,,10750,1,0,5,0,80,,10734,49,4,,0,5,,10753,1,0,5,0,81,,10758,36,4,,0,4,,10755,1,0,5,0,41,,10749,36,4,,0,4,,10756,1,0,5,0,81,,10751,36,4,,0,4,,10744,1,0,5,0,81,,10757,36,4,,0,4,,10728,1,0,5,0,81,,10736,36,4,,0,4,,10759,1,0,5,0,41,,10760,36,4,,0
10019,'1003',620,,10987,1,,,0,25,,10988,1,,,0,70,,10989,1,,,0,30,,10990,1,,,0,100,,10992,1,,,0,70,,10993,1,,,0,30,,10994,1,,,0,70,,10965,1,,,0,100,,10967,1,,,0,30,,10968,1,,,0,70,,10969,1,,,0,30,,10970,1,,,0,100,,10972,1,,,0,70,,10973,1,,,0,30,,10974,1,,,0,70,,10975,1,,,0,100,,10977,1,,,0,30,,10978,1,,,0,70,,10979,1,,,0,30,,10980,1,,,0,100,,10995,1,,,0,77,,10986,1,,,0,85,,10985,1,,,0,45,,10981,1,,,0,85,,10983,1,,,0,85,,10984,1,,,0,85,,10996,1,,,0
10019,'1004',810,,10997,1,,,0,40,,10998,1,,,0,80,,10999,1,,,0,80,,11000,1,,,0,43,,11001,1,,,0,85,,11002,1,,,0,85,,11003,1,,,0,85,,11004,1,,,0,45,,11005,1,,,0,85,,11006,1,,,0,85,,11007,1,,,0,85,,11008,1,,,0,45,,11009,1,,,0,85,,11010,1,,,0,85,,11011,1,,,0,85,,11012,1,,,0,45,,11013,1,,,0,85,,11014,1,,,0,85,,11015,1,,,0,85,,11016,1,,,0
10019,'1006',815,,10991,1,,,0,230,,10966,1,,,0,270,,10971,1,,,0,230,,10976,1,,,0,270,,10982,1,,,0
10019,'1007',815,,12858,1,,,0,230,,12854,1,,,0,270,,12855,1,,,0,230,,12856,1,,,0,270,,12857,1,,,0
10019,'995',620,,11017,1,,,0,80,,11018,1,,,0,40,,11019,1,,,0,80,,11020,1,,,0,80,,11021,1,,,0,42,,11022,1,,,0,73,,11023,1,,,0,30,,11024,1,,,0,70,,11025,1,,,0,30,,11026,1,,,0,70,,11027,1,,,0,30,,11028,1,,,0,70,,11029,1,,,0,30,,11030,1,,,0,70,,11031,1,,,0,30,,11032,1,,,0,70,,11033,1,,,0,30,,11034,1,,,0,70,,11035,1,,,0,30,,11036,1,,,0,70,,11037,1,,,0,30,,11038,1,,,0,70,,11039,1,,,0,30,,11040,1,,,0,77,,11041,1,,,0,85,,11042,1,,,0,45,,11043,1,,,0,85,,11044,1,,,0,85,,11045,1,,,0,85,,11046,1,,,0
10019,'996',810,,11047,1,,,0,40,,11048,1,,,0,80,,11049,1,,,0,80,,11050,1,,,0,43,,11051,1,,,0,85,,11052,1,,,0,85,,11053,1,,,0,85,,11054,1,,,0,45,,11055,1,,,0,85,,11056,1,,,0,85,,11057,1,,,0,85,,11058,1,,,0,45,,11059,1,,,0,85,,11060,1,,,0,85,,11061,1,,,0,85,,11062,1,,,0,45,,11063,1,,,0,85,,11064,1,,,0,85,,11065,1,,,0,85,,11066,1,,,0
10029,'1003',657,,11090,25,4,,0,71,,11091,27,4,,0,30,,11092,27,4,,0,70,,11093,27,4,,0,100,,11095,27,4,,0,30,,11096,27,4,,0,70,,11067,27,4,,0,30,,11068,27,4,,0,100,,11070,27,4,,0,70,,11071,27,4,,0,30,,11072,27,4,,0,70,,11073,27,4,,0,100,,11075,27,4,,0,30,,11076,27,4,,0,70,,11077,27,4,,0,30,,11078,27,4,,0,100,,11080,27,4,,0,70,,11081,27,4,,0,30,,11082,27,4,,0,69,,11083,27,4,,0,98,,11097,27,4,,0,77,,11087,27,4,,0,45,,11088,27,4,,0,85,,11086,27,4,,0,85,,11084,27,4,,0,85,,11085,27,4,,0,41,,11098,27,4,,0
10029,'1004',846,,11099,25,4,,0,80,,11100,25,4,,0,80,,11101,25,4,,0,40,,11102,25,4,,0,83,,11103,25,4,,0,92,,11104,27,4,,0,84,,11105,27,4,,0,45,,11106,27,4,,0,85,,11107,27,4,,0,85,,11108,27,4,,0,85,,11109,27,4,,0,45,,11110,27,4,,0,83,,11111,25,4,,0,85,,11112,25,4,,0,85,,11113,25,4,,0,45,,11114,25,4,,0,85,,11115,25,4,,0,85,,11116,25,4,,0,85,,11117,25,4,,0,45,,11118,25,4,,0
10029,'1006',858,,11094,27,4,,0,270,,11069,27,4,,0,230,,11074,27,4,,0,270,,11079,27,4,,0,227,,11089,27,4,,0
10029,'1007',858,,12863,27,4,,0,270,,12859,27,4,,0,230,,12860,27,4,,0,270,,12861,27,4,,0,227,,12862,27,4,,0
10029,'995',658,,11119,25,4,,0,80,,11120,25,4,,0,80,,11121,25,4,,0,40,,11122,25,4,,0,80,,11123,25,4,,0,84,,11124,27,4,,0,33,,11125,27,4,,0,70,,11126,27,4,,0,30,,11127,27,4,,0,70,,11128,27,4,,0,30,,11129,27,4,,0,70,,11130,27,4,,0,30,,11131,27,4,,0,72,,11132,27,4,,0,31,,11133,27,4,,0,70,,11134,27,4,,0,30,,11135,27,4,,0,70,,11136,27,4,,0,30,,11137,27,4,,0,70,,11138,27,4,,0,30,,11139,27,4,,0,68,,11140,27,4,,0,30,,11141,27,4,,0,70,,11142,27,4,,0,77,,11143,27,4,,0,45,,11144,27,4,,0,85,,11145,27,4,,0,85,,11146,27,4,,0,85,,11147,27,4,,0,45,,11148,27,4,,0
10029,'996',846,,11149,25,4,,0,80,,11150,25,4,,0,80,,11151,25,4,,0,40,,11152,25,4,,0,83,,11153,25,4,,0,92,,11154,27,4,,0,84,,11155,27,4,,0,45,,11156,27,4,,0,85,,11157,27,4,,0,85,,11158,27,4,,0,85,,11159,27,4,,0,45,,11160,27,4,,0,83,,11161,25,4,,0,85,,11162,25,4,,0,85,,11163,25,4,,0,45,,11164,25,4,,0,85,,11165,25,4,,0,85,,11166,25,4,,0,85,,11167,25,4,,0,45,,11168,25,4,,0
12019,'994',620,,7945,1,,,0,24,,7945,37,4,,0,1,,7946,1,,,0,64,,7946,37,4,,0,6,,7947,1,,,0,28,,7947,37,4,,0,2,,7948,1,,,0,68,,7948,37,4,,0,2,,7949,1,,,0,28,,7949,37,4,,0,2,,7950,1,,,0,68,,7950,37,4,,0,2,,7951,1,,,0,28,,7951,37,4,,0,2,,7952,1,,,0,68,,7952,37,4,,0,2,,7929,1,,,0,28,,7929,37,4,,0,2,,7930,1,,,0,68,,7930,37,4,,0,2,,7931,1,,,0,28,,7931,37,4,,0,2,,7932,1,,,0,68,,7932,37,4,,0,2,,7933,1,,,0,28,,7933,37,4,,0,2,,7934,1,,,0,68,,7934,37,4,,0,2,,7935,1,,,0,28,,7935,37,4,,0,2,,7936,1,,,0,68,,7936,37,4,,0,2,,7937,1,,,0,28,,7937,37,4,,0,2,,7938,1,,,0,68,,7938,37,4,,0,2,,7939,1,,,0,28,,7939,37,4,,0,2,,7940,1,,,0,68,,7940,37,4,,0,2,,7941,1,,,0,28,,7941,37,4,,0,2,,7942,1,,,0,68,,7942,37,4,,0,2,,7943,1,,,0,28,,7943,37,4,,0,2,,7944,1,,,0,68,,7944,37,4,,0,2,,7928,1,,,0,28,,7928,37,4,,0,2,,7953,1,,,0,68,,7953,37,4,,0
12019,'995',632,,7954,1,,,0,22,,7954,37,4,,0,48,,7955,1,,,0,28,,7955,37,4,,0,12,,7956,1,,,0,68,,7956,37,4,,0,12,,7957,1,,,0,28,,7957,37,4,,0,52,,7958,1,,,0,28,,7958,37,4,,0,12,,7959,1,,,0,68,,7959,37,4,,0,5,,7960,1,,,0,28,,7960,37,4,,0,2,,7961,1,,,0,68,,7961,37,4,,0,2,,7962,1,,,0,28,,7962,37,4,,0,2,,7963,1,,,0,68,,7963,37,4,,0,2,,7964,1,,,0,28,,7964,37,4,,0,2,,7965,1,,,0,68,,7965,37,4,,0,2,,7966,1,,,0,28,,7966,37,4,,0,2,,7967,1,,,0,68,,7967,37,4,,0,2,,7968,1,,,0,28,,7968,37,4,,0,2,,7969,1,,,0,68,,7969,37,4,,0,2,,7970,1,,,0,28,,7970,37,4,,0,2,,7971,1,,,0,68,,7971,37,4,,0,2,,7972,1,,,0,28,,7972,37,4,,0,2,,7973,1,,,0,68,,7973,37,4,,0,2,,7974,1,,,0,28,,7974,37,4,,0,2,,7975,1,,,0,68,,7975,37,4,,0,2,,7976,1,,,0,28,,7976,37,4,,0,2,,7977,1,,,0,68,,7977,37,4,,0
14019,'1003',645,,11392,13,4,,0,66,,11393,13,4,,0,30,,11394,13,4,,0,70,,11395,13,4,,0,101,,11397,13,4,,0,30,,11398,13,4,,0,70,,11399,13,4,,0,30,,11369,13,4,,0,100,,11371,13,4,,0,70,,11372,13,4,,0,32,,11373,13,4,,0,70,,11374,13,4,,0,100,,11376,13,4,,0,30,,11377,13,4,,0,70,,11378,13,4,,0,30,,11379,13,4,,0,100,,11381,13,4,,0,70,,11382,13,4,,0,30,,11383,13,4,,0,70,,11384,13,4,,0,97,,11391,13,4,,0,30,,11400,13,4,,0,62,,11388,13,4,,0,45,,11389,13,4,,0,85,,11387,13,4,,0,85,,11390,13,4,,0,85,,11386,13,4,,0,45,,11401,13,4,,0
14019,'1004',847,,11402,13,4,,0,80,,11403,13,4,,0,80,,11404,13,4,,0,40,,11405,13,4,,0,85,,11406,13,4,,0,88,,11407,13,4,,0,85,,11408,13,4,,0,45,,11409,13,4,,0,85,,11410,13,4,,0,85,,11411,13,4,,0,85,,11412,13,4,,0,45,,11413,13,4,,0,85,,11414,13,4,,0,85,,11415,13,4,,0,85,,11416,13,4,,0,42,,11417,13,4,,0,85,,11418,13,4,,0,85,,11419,13,4,,0,85,,11420,13,4,,0,45,,11421,13,4,,0
14019,'1006',842,,11396,13,4,,0,270,,11370,13,4,,0,232,,11375,13,4,,0,270,,11380,13,4,,0,227,,11385,13,4,,0
14019,'1007',842,,12868,13,4,,0,270,,12864,13,4,,0,232,,12865,13,4,,0,270,,12866,13,4,,0,227,,12867,13,4,,0
14019,'995',700,,11422,13,4,,0,40,,11423,13,4,,0,80,,11424,13,4,,0,80,,11425,13,4,,0,40,,11426,13,4,,0,80,,11427,13,4,,0,20,,11428,13,4,,0,72,,11429,13,4,,0,30,,11430,13,4,,0,70,,11431,13,4,,0,30,,11432,13,4,,0,70,,11433,13,4,,0,30,,11434,13,4,,0,70,,11435,13,4,,0,32,,11436,13,4,,0,70,,11437,13,4,,0,30,,11438,13,4,,0,70,,11439,13,4,,0,30,,11440,13,4,,0,70,,11441,13,4,,0,30,,11442,13,4,,0,70,,11443,13,4,,0,27,,11444,13,4,,0,70,,11445,13,4,,0,30,,11452,13,4,,0,62,,11446,13,4,,0,45,,11447,13,4,,0,85,,11448,13,4,,0,85,,11449,13,4,,0,85,,11451,13,4,,0,45,,11450,13,4,,0
14019,'996',847,,11453,13,4,,0,80,,11454,13,4,,0,80,,11455,13,4,,0,40,,11456,13,4,,0,85,,11457,13,4,,0,88,,11458,13,4,,0,85,,11459,13,4,,0,45,,11460,13,4,,0,85,,11461,13,4,,0,85,,11462,13,4,,0,85,,11463,13,4,,0,45,,11464,13,4,,0,85,,11465,13,4,,0,85,,11466,13,4,,0,85,,11467,13,4,,0,42,,11468,13,4,,0,85,,11469,13,4,,0,85,,11470,13,4,,0,85,,11471,13,4,,0,45,,11472,13,4,,0
14029,'1003',610,,11496,1,,,0,20,,11497,1,,,0,70,,11498,1,,,0,30,,11499,1,,,0,100,,11501,1,,,0,70,,11502,1,,,0,30,,11503,1,,,0,70,,11473,1,,,0,100,,11475,1,,,0,30,,11476,1,,,0,70,,11477,1,,,0,30,,11478,1,,,0,100,,11480,1,,,0,70,,11481,1,,,0,30,,11482,1,,,0,70,,11483,1,,,0,100,,11485,1,,,0,30,,11486,1,,,0,70,,11487,1,,,0,30,,11488,1,,,0,100,,11495,1,,,0,70,,11504,1,,,0,22,,11493,1,,,0,85,,11490,1,,,0,45,,11492,1,,,0,85,,11491,1,,,0,85,,11494,1,,,0,85,,11505,1,,,0
14029,'1004',810,,11506,1,,,0,40,,11507,1,,,0,80,,11508,1,,,0,80,,11509,1,,,0,43,,11510,1,,,0,85,,11511,1,,,0,85,,11512,1,,,0,85,,11513,1,,,0,45,,11514,1,,,0,85,,11515,1,,,0,85,,11516,1,,,0,85,,11517,1,,,0,45,,11518,1,,,0,85,,11519,1,,,0,85,,11520,1,,,0,85,,11521,1,,,0,45,,11522,1,,,0,85,,11523,1,,,0,85,,11524,1,,,0,85,,11525,1,,,0
14029,'1006',800,,11500,1,,,0,230,,11474,1,,,0,270,,11479,1,,,0,230,,11484,1,,,0,270,,11489,1,,,0
14029,'1007',800,,12873,1,,,0,230,,12869,1,,,0,270,,12870,1,,,0,230,,12871,1,,,0,270,,12872,1,,,0
14029,'995',620,,11526,1,,,0,80,,11527,1,,,0,40,,11528,1,,,0,80,,11529,1,,,0,80,,11530,1,,,0,40,,11531,1,,,0,60,,11532,1,,,0,30,,11533,1,,,0,70,,11534,1,,,0,30,,11535,1,,,0,70,,11536,1,,,0,30,,11537,1,,,0,70,,11538,1,,,0,30,,11539,1,,,0,70,,11540,1,,,0,30,,11541,1,,,0,70,,11542,1,,,0,30,,11543,1,,,0,70,,11544,1,,,0,30,,11545,1,,,0,70,,11546,1,,,0,30,,11547,1,,,0,70,,11548,1,,,0,30,,11549,1,,,0,70,,11555,1,,,0,22,,11550,1,,,0,85,,11551,1,,,0,45,,11552,1,,,0,85,,11553,1,,,0,85,,11556,1,,,0,85,,11554,1,,,0
14029,'996',810,,11557,1,,,0,40,,11558,1,,,0,80,,11559,1,,,0,80,,11560,1,,,0,43,,11561,1,,,0,85,,11562,1,,,0,85,,11563,1,,,0,85,,11564,1,,,0,45,,11565,1,,,0,85,,11566,1,,,0,85,,11567,1,,,0,85,,11568,1,,,0,45,,11569,1,,,0,85,,11570,1,,,0,85,,11571,1,,,0,85,,11572,1,,,0,45,,11573,1,,,0,85,,11574,1,,,0,85,,11575,1,,,0,85,,11576,1,,,0
16019,'994',642,,8516,13,4,,0,68,,8517,13,4,,0,30,,8518,13,4,,0,70,,8519,13,4,,0,30,,8520,13,4,,0,70,,8521,13,4,,0,30,,8522,13,4,,0,68,,8523,13,4,,0,32,,8501,13,4,,0,70,,8502,13,4,,0,30,,8503,13,4,,0,70,,8504,13,4,,0,30,,8505,13,4,,0,70,,8506,13,4,,0,30,,8507,13,4,,0,70,,8508,13,4,,0,30,,8509,13,4,,0,70,,8510,13,4,,0,30,,8511,13,4,,0,70,,8512,13,4,,0,30,,8513,13,4,,0,70,,8514,13,4,,0,30,,8515,13,4,,0,70,,8524,13,4,,0,30,,8525,13,4,,0,70,,8526,13,4,,0
16019,'995',654,,8527,13,4,,0,67,,8528,13,4,,0,80,,8529,13,4,,0,40,,8530,13,4,,0,80,,8531,13,4,,0,80,,8532,13,4,,0,39,,8533,13,4,,0,70,,8534,13,4,,0,30,,8535,13,4,,0,70,,8536,13,4,,0,30,,8537,13,4,,0,70,,8538,13,4,,0,30,,8539,13,4,,0,70,,8540,13,4,,0,30,,8541,13,4,,0,70,,8542,13,4,,0,30,,8543,13,4,,0,70,,8544,13,4,,0,30,,8545,13,4,,0,70,,8546,13,4,,0,30,,8547,13,4,,0,70,,8548,13,4,,0,30,,8549,13,4,,0,70,,8550,13,4,,0
16029,'994',620,,8566,1,,,0,25,,8567,1,,,0,70,,8568,1,,,0,30,,8569,1,,,0,70,,8570,1,,,0,30,,8571,1,,,0,70,,8572,1,,,0,28,,8573,1,,,0,72,,8551,1,,,0,30,,8552,1,,,0,70,,8553,1,,,0,30,,8554,1,,,0,70,,8555,1,,,0,30,,8556,1,,,0,70,,8557,1,,,0,30,,8558,1,,,0,70,,8559,1,,,0,30,,8560,1,,,0,70,,8561,1,,,0,30,,8562,1,,,0,70,,8563,1,,,0,30,,8564,1,,,0,70,,8565,1,,,0,30,,8574,1,,,0,70,,8575,1,,,0,30,,8576,1,,,0
16029,'995',635,,8577,1,,,0,67,,8578,1,,,0,40,,8579,1,,,0,80,,8580,1,,,0,80,,8581,1,,,0,40,,8582,1,,,0,73,,8583,1,,,0,30,,8584,1,,,0,70,,8585,1,,,0,30,,8586,1,,,0,70,,8587,1,,,0,30,,8588,1,,,0,70,,8589,1,,,0,30,,8590,1,,,0,70,,8591,1,,,0,30,,8592,1,,,0,70,,8593,1,,,0,30,,8594,1,,,0,70,,8595,1,,,0,30,,8596,1,,,0,70,,8597,1,,,0,30,,8598,1,,,0,70,,8599,1,,,0,30,,8600,1,,,0
18019,'1003',707,,11988,33,4,,0,45,,11989,33,4,,0,85,,11990,33,4,,0,85,,11991,33,4,,0,85,,11992,33,4,,0,45,,11993,33,4,,0,85,,11994,33,4,,0,85,,11995,33,4,,0,85,,11996,33,4,,0,45,,11997,33,4,,0,87,,11998,33,4,,0,85,,11999,33,4,,0,85,,12000,33,4,,0,45,,12001,33,4,,0,85,,12002,33,4,,0,85,,12003,33,4,,0,83,,12004,33,4,,0,48,,12005,33,4,,0,85,,12006,33,4,,0,85,,12008,33,4,,0,85,,12007,33,4,,0,45,,12010,33,4,,0,85,,12009,33,4,,0,81,,12011,33,4,,0
18019,'1004',846,,12012,33,4,,0,80,,12013,33,4,,0,80,,12014,33,4,,0,40,,12015,33,4,,0,83,,12016,33,4,,0,87,,12017,33,4,,0,85,,12018,33,4,,0,45,,12019,33,4,,0,85,,12020,33,4,,0,85,,12021,33,4,,0,85,,12022,33,4,,0,45,,12023,33,4,,0,85,,12024,33,4,,0,85,,12025,33,4,,0,85,,12026,33,4,,0,45,,12027,33,4,,0,85,,12028,33,4,,0,85,,12029,33,4,,0,85,,12030,33,4,,0,45,,12031,33,4,,0,82,,12032,33,4,,0
18019,'995',653,,12033,33,4,,0,80,,12034,33,4,,0,83,,12035,33,4,,0,40,,12036,33,4,,0,80,,12037,33,4,,0,80,,12038,33,4,,0,40,,12039,33,4,,0,80,,12040,33,4,,0,85,,12041,33,4,,0,85,,12042,33,4,,0,45,,12043,33,4,,0,87,,12044,33,4,,0,85,,12045,33,4,,0,85,,12046,33,4,,0,45,,12048,33,4,,0,85,,12049,33,4,,0,85,,12047,33,4,,0,85,,12050,33,4,,0,50,,12052,33,4,,0,85,,12051,33,4,,0,82,,12053,33,4,,0,85,,12055,33,4,,0,45,,12054,33,4,,0,85,,12056,33,4,,0,81,,12057,33,4,,0
18019,'996',846,,12058,33,4,,0,80,,12059,33,4,,0,80,,12060,33,4,,0,40,,12061,33,4,,0,83,,12062,33,4,,0,87,,12063,33,4,,0,85,,12064,33,4,,0,45,,12065,33,4,,0,85,,12066,33,4,,0,85,,12067,33,4,,0,85,,12068,33,4,,0,45,,12069,33,4,,0,85,,12070,33,4,,0,85,,12071,33,4,,0,85,,12072,33,4,,0,45,,12073,33,4,,0,85,,12074,33,4,,0,85,,12075,33,4,,0,85,,12076,33,4,,0,45,,12077,33,4,,0,82,,12078,33,4,,0
18029,'1003',630,,12079,1,,,0,85,,12080,1,,,0,85,,12081,1,,,0,45,,12082,1,,,0,85,,12083,1,,,0,85,,12084,1,,,0,85,,12085,1,,,0,45,,12086,1,,,0,85,,12087,1,,,0,85,,12088,1,,,0,85,,12089,1,,,0,45,,12090,1,,,0,85,,12091,1,,,0,85,,12092,1,,,0,85,,12093,1,,,0,45,,12094,1,,,0,85,,12095,1,,,0,92,,12096,1,,,0,85,,12097,1,,,0,45,,12099,1,,,0,85,,12098,1,,,0,85,,12101,1,,,0,85,,12100,1,,,0,44,,12102,1,,,0
18029,'1004',810,,12103,1,,,0,40,,12104,1,,,0,80,,12105,1,,,0,80,,12106,1,,,0,43,,12107,1,,,0,87,,12108,1,,,0,85,,12109,1,,,0,85,,12110,1,,,0,45,,12111,1,,,0,85,,12112,1,,,0,85,,12113,1,,,0,85,,12114,1,,,0,45,,12115,1,,,0,85,,12116,1,,,0,85,,12117,1,,,0,85,,12118,1,,,0,45,,12119,1,,,0,85,,12120,1,,,0,85,,12121,1,,,0,85,,12122,1,,,0,43,,12123,1,,,0
18029,'995',620,,12124,1,,,0,80,,12125,1,,,0,40,,12126,1,,,0,80,,12127,1,,,0,80,,12128,1,,,0,40,,12129,1,,,0,80,,12130,1,,,0,80,,12131,1,,,0,45,,12132,1,,,0,85,,12133,1,,,0,85,,12134,1,,,0,85,,12135,1,,,0,45,,12136,1,,,0,85,,12137,1,,,0,85,,12139,1,,,0,85,,12140,1,,,0,45,,12138,1,,,0,85,,12141,1,,,0,92,,12143,1,,,0,85,,12142,1,,,0,45,,12144,1,,,0,85,,12146,1,,,0,85,,12145,1,,,0,85,,12147,1,,,0,44,,12148,1,,,0
18029,'996',810,,12149,1,,,0,40,,12150,1,,,0,80,,12151,1,,,0,80,,12152,1,,,0,43,,12153,1,,,0,87,,12154,1,,,0,85,,12155,1,,,0,85,,12156,1,,,0,45,,12157,1,,,0,85,,12158,1,,,0,85,,12159,1,,,0,85,,12160,1,,,0,45,,12161,1,,,0,85,,12162,1,,,0,85,,12163,1,,,0,85,,12164,1,,,0,45,,12165,1,,,0,85,,12166,1,,,0,85,,12167,1,,,0,85,,12168,1,,,0,43,,12169,1,,,0
130003019,'1003',629,,12507,25,4,,0,15,,12508,25,4,,0,70,,12509,25,4,,0,15,,12510,25,4,,0,15,,12511,25,4,,0,85,,12514,25,4,,0,15,,12515,25,4,,0,15,,12516,25,4,,0,55,,12517,25,4,,0,15,,12518,25,4,,0,15,,12519,25,4,,0,15,,12520,25,4,,0,55,,12506,25,4,,0,45,,12466,25,4,,0,55,,12467,25,4,,0,15,,12468,25,4,,0,15,,12469,25,4,,0,15,,12470,25,4,,0,55,,12471,25,4,,0,15,,12472,25,4,,0,15,,12473,25,4,,0,85,,12476,25,4,,0,15,,12477,25,4,,0,15,,12478,25,4,,0,55,,12479,25,4,,0,15,,12480,25,4,,0,15,,12481,25,4,,0,15,,12482,25,4,,0,55,,12483,25,4,,0,45,,12486,25,4,,0,55,,12487,25,4,,0,15,,12488,25,4,,0,15,,12489,25,4,,0,15,,12490,25,4,,0,55,,12491,25,4,,0,15,,12492,25,4,,0,10,,12493,25,4,,0,90,,12501,25,4,,0,15,,12503,25,4,,0,15,,12499,25,4,,0,55,,12504,25,4,,0,7,,12497,25,4,,0,85,,12496,25,4,,0,45,,12502,25,4,,0,85,,12500,25,4,,0,85,,12498,25,4,,0,85,,12525,25,4,,0,40,,12524,25,4,,0,80,,12526,25,4,,0
130003019,'1004',809,,12527,25,4,,0,20,,12559,25,4,,0,20,,12528,25,4,,0,60,,12553,25,4,,0,20,,12529,25,4,,0,20,,12556,25,4,,0,60,,12530,25,4,,0,20,,12554,25,4,,0,20,,12531,25,4,,0,63,,12557,25,4,,0,22,,12532,25,4,,0,23,,12555,25,4,,0,65,,12533,25,4,,0,23,,12558,25,4,,0,62,,12534,25,4,,0,23,,12535,25,4,,0,22,,12536,25,4,,0,63,,12537,25,4,,0,22,,12538,25,4,,0,63,,12539,25,4,,0,22,,12540,25,4,,0,23,,12541,25,4,,0,62,,12542,25,4,,0,23,,12543,25,4,,0,22,,12544,25,4,,0,63,,12545,25,4,,0,21,,12546,25,4,,0,23,,12547,25,4,,0,62,,12548,25,4,,0,23,,12561,25,4,,0,62,,12560,25,4,,0,45,,12549,25,4,,0,85,,12550,25,4,,0,85,,12551,25,4,,0,85,,12562,25,4,,0,45,,12552,25,4,,0
130003019,'1006',759,,12512,25,4,,0,55,,12513,25,4,,0,215,,12464,25,4,,0,15,,12465,25,4,,0,215,,12474,25,4,,0,55,,12475,25,4,,0,215,,12484,25,4,,0,15,,12485,25,4,,0,215,,12494,25,4,,0,55,,12495,25,4,,0,130,,12505,25,4,,0,85,,12521,25,4,,0,85,,12522,25,4,,0,45,,12523,25,4,,0
130003019,'1007',759,,12903,25,4,,0,55,,12904,25,4,,0,215,,12894,25,4,,0,15,,12895,25,4,,0,215,,12896,25,4,,0,55,,12897,25,4,,0,215,,12898,25,4,,0,15,,12899,25,4,,0,215,,12900,25,4,,0,55,,12901,25,4,,0,130,,12902,25,4,,0,85,,12905,25,4,,0,85,,12906,25,4,,0,45,,12907,25,4,,0
130003019,'995',619,,12563,25,4,,0,20,,12564,25,4,,0,20,,12565,25,4,,0,60,,12566,25,4,,0,20,,12567,25,4,,0,20,,12568,25,4,,0,60,,12569,25,4,,0,20,,12570,25,4,,0,20,,12571,25,4,,0,60,,12572,25,4,,0,20,,12573,25,4,,0,20,,12574,25,4,,0,70,,12575,25,4,,0,15,,12576,25,4,,0,15,,12577,25,4,,0,55,,12578,25,4,,0,15,,12579,25,4,,0,15,,12580,25,4,,0,15,,12581,25,4,,0,55,,12582,25,4,,0,15,,12583,25,4,,0,15,,12584,25,4,,0,15,,12585,25,4,,0,55,,12586,25,4,,0,15,,12587,25,4,,0,15,,12588,25,4,,0,15,,12589,25,4,,0,55,,12590,25,4,,0,15,,12591,25,4,,0,15,,12592,25,4,,0,15,,12593,25,4,,0,55,,12594,25,4,,0,15,,12595,25,4,,0,15,,12596,25,4,,0,15,,12597,25,4,,0,55,,12598,25,4,,0,15,,12599,25,4,,0,15,,12600,25,4,,0,15,,12601,25,4,,0,55,,12602,25,4,,0,15,,12603,25,4,,0,15,,12604,25,4,,0,15,,12605,25,4,,0,55,,12606,25,4,,0,15,,12607,25,4,,0,15,,12622,25,4,,0,15,,12614,25,4,,0,47,,12608,25,4,,0,15,,12615,25,4,,0,22,,12609,25,4,,0,63,,12616,25,4,,0,23,,12610,25,4,,0,22,,12619,25,4,,0,63,,12611,25,4,,0,22,,12618,25,4,,0,23,,12612,25,4,,0,62,,12617,25,4,,0,85,,12613,25,4,,0,41,,12621,25,4,,0,80,,12620,25,4,,0
130003019,'996',809,,12623,25,4,,0,20,,12655,25,4,,0,20,,12624,25,4,,0,60,,12649,25,4,,0,20,,12625,25,4,,0,20,,12652,25,4,,0,60,,12626,25,4,,0,20,,12650,25,4,,0,20,,12627,25,4,,0,63,,12653,25,4,,0,22,,12628,25,4,,0,23,,12651,25,4,,0,65,,12629,25,4,,0,23,,12654,25,4,,0,62,,12630,25,4,,0,23,,12631,25,4,,0,22,,12632,25,4,,0,63,,12633,25,4,,0,22,,12634,25,4,,0,63,,12635,25,4,,0,22,,12636,25,4,,0,23,,12637,25,4,,0,62,,12638,25,4,,0,23,,12639,25,4,,0,22,,12640,25,4,,0,63,,12641,25,4,,0,21,,12642,25,4,,0,23,,12643,25,4,,0,62,,12644,25,4,,0,23,,12657,25,4,,0,62,,12656,25,4,,0,45,,12645,25,4,,0,85,,12646,25,4,,0,85,,12647,25,4,,0,85,,12658,25,4,,0,45,,12648,25,4,,0
130003029,'1003',610,,12700,1,,,0,35,,12702,1,0,10 11,0,55,,12703,1,,,0,15,,12704,1,0,10 11,0,15,,12705,1,,,0,15,,12706,1,0,10 11,0,55,,12707,1,,,0,15,,12708,1,0,10 11,0,15,,12709,1,,,0,85,,12712,1,0,10 11,0,15,,12713,1,,,0,15,,12714,1,0,10 11,0,55,,12659,1,,,0,15,,12660,1,0,10 11,0,15,,12661,1,,,0,15,,12662,1,0,10 11,0,55,,12663,1,,,0,45,,12666,1,0,10 11,0,55,,12667,1,,,0,15,,12668,1,0,10 11,0,15,,12669,1,,,0,15,,12670,1,0,10 11,0,55,,12671,1,,,0,15,,12672,1,0,10 11,0,15,,12673,1,,,0,85,,12676,1,0,10 11,0,15,,12677,1,,,0,15,,12678,1,0,10 11,0,55,,12679,1,,,0,15,,12680,1,0,10 11,0,15,,12681,1,,,0,15,,12682,1,0,10 11,0,55,,12683,1,,,0,45,,12686,1,0,10 11,0,55,,12687,1,,,0,15,,12688,1,0,10 11,0,15,,12689,1,,,0,15,,12697,1,0,10 11,0,55,,12696,1,,,0,15,,12698,1,0,10 11,0,15,,12690,1,,,0,92,,12715,1,,,0,85,,12716,1,,,0,45,,12717,1,,,0,85,,12719,1,,,0,85,,12695,1,,,0,85,,12718,1,0,9,0,44,,12720,1,0,9,0,79,,12722,1,0,9,0
130003029,'1004',810,,12723,1,,,0,20,,12748,1,0,9,0,20,,12724,1,,,0,60,,12754,1,0,9,0,20,,12725,1,,,0,20,,12751,1,0,9,0,60,,12726,1,,,0,22,,12752,1,0,9,0,21,,12727,1,,,0,62,,12750,1,0,9,0,23,,12728,1,,,0,62,,12753,1,0,9,0,23,,12729,1,,,0,22,,12749,1,0,9,0,63,,12730,1,,,0,22,,12731,1,0,9,0,23,,12732,1,,,0,62,,12733,1,0,9,0,23,,12734,1,,,0,62,,12735,1,0,9,0,23,,12736,1,,,0,22,,12737,1,0,9,0,63,,12738,1,,,0,22,,12739,1,0,9,0,23,,12740,1,,,0,62,,12741,1,0,9,0,23,,12742,1,,,0,62,,12756,1,0,9,0,23,,12755,1,,,0,85,,12743,1,,,0,45,,12744,1,,,0,85,,12745,1,,,0,85,,12746,1,,,0,85,,12747,1,,,0,45,,12757,1,0,9,0
130003029,'1006',625,,12701,1,0,10 11,0,220,,12710,1,0,10 11,0,55,,12711,1,,,0,215,,12664,1,0,10 11,0,15,,12665,1,,,0,215,,12674,1,0,10 11,0,55,,12675,1,,,0,215,,12684,1,0,10 11,0,15,,12685,1,,,0,215,,12699,1,0,9,0,55,,12694,1,0,9,0,45,,12693,1,0,9,0,85,,12692,1,0,9,0,85,,12691,1,0,9,0,85,,12721,1,0,9,0
130003029,'1007',625,,12919,1,0,10 11,0,220,,12920,1,0,10 11,0,55,,12921,1,,,0,215,,12908,1,0,10 11,0,15,,12909,1,,,0,215,,12910,1,0,10 11,0,55,,12911,1,,,0,215,,12912,1,0,10 11,0,15,,12913,1,,,0,215,,12918,1,0,9,0,55,,12917,1,0,9,0,45,,12916,1,0,9,0,85,,12915,1,0,9,0,85,,12914,1,0,9,0,85,,12922,1,0,9,0
130003029,'995',600,,12758,1,0,9,0,20,,12759,1,,,0,20,,12760,1,0,9,0,60,,12761,1,,,0,20,,12762,1,0,9,0,20,,12763,1,,,0,60,,12764,1,0,9,0,20,,12765,1,,,0,20,,12766,1,0,9,0,60,,12767,1,,,0,20,,12768,1,0,9,0,20,,12769,1,,,0,60,,12770,1,,,0,15,,12771,1,0,10 11,0,15,,12772,1,,,0,15,,12773,1,0,10 11,0,55,,12774,1,,,0,15,,12775,1,0,10 11,0,15,,12776,1,,,0,15,,12777,1,0,10 11,0,55,,12778,1,,,0,15,,12779,1,0,10 11,0,15,,12780,1,,,0,15,,12781,1,0,10 11,0,55,,12782,1,,,0,15,,12783,1,0,10 11,0,15,,12784,1,,,0,15,,12785,1,0,10 11,0,55,,12786,1,,,0,15,,12787,1,0,10 11,0,15,,12788,1,,,0,15,,12789,1,0,10 11,0,55,,12790,1,,,0,15,,12791,1,0,10 11,0,15,,12792,1,,,0,15,,12793,1,0,10 11,0,55,,12794,1,,,0,15,,12795,1,0,10 11,0,15,,12796,1,,,0,15,,12797,1,0,10 11,0,55,,12798,1,,,0,15,,12799,1,0,10 11,0,15,,12816,1,,,0,15,,12817,1,0,10 11,0,55,,12811,1,,,0,15,,12812,1,0,10 11,0,15,,12814,1,,,0,15,,12815,1,0,9,0,55,,12813,1,0,9,0,22,,12818,1,,,0,23,,12805,1,0,9,0,62,,12800,1,,,0,23,,12806,1,0,9,0,22,,12801,1,,,0,63,,12807,1,0,9,0,22,,12802,1,,,0,63,,12808,1,0,9,0,22,,12803,1,,,0,85,,12804,1,0,9,0,44,,12809,1,0,9,0,79,,12810,1,0,9,0
130003029,'996',810,,12819,1,,,0,20,,12844,1,0,9,0,20,,12820,1,,,0,60,,12850,1,0,9,0,20,,12821,1,,,0,20,,12847,1,0,9,0,60,,12822,1,,,0,22,,12848,1,0,9,0,21,,12823,1,,,0,62,,12846,1,0,9,0,23,,12824,1,,,0,62,,12849,1,0,9,0,23,,12825,1,,,0,22,,12845,1,0,9,0,63,,12826,1,,,0,22,,12827,1,0,9,0,23,,12828,1,,,0,62,,12829,1,0,9,0,23,,12830,1,,,0,62,,12831,1,0,9,0,23,,12832,1,,,0,22,,12833,1,0,9,0,63,,12834,1,,,0,22,,12835,1,0,9,0,23,,12836,1,,,0,62,,12837,1,0,9,0,23,,12838,1,,,0,62,,12852,1,0,9,0,23,,12851,1,,,0,85,,12839,1,,,0,45,,12840,1,,,0,85,,12841,1,,,0,85,,12842,1,,,0,85,,12843,1,,,0,45,,12853,1,0,9,0
