15029,'1010',710,,11679,7,,,0,100,,11681,7,,,0,130,,11684,7,,,0,100,,11686,7,,,0,170,,11689,7,,,0,100,,11691,7,,,0,130,,11694,7,,,0,100,,11696,7,,,0,170,,11699,7,,,0,100,,11701,7,,,0,140,,11704,7,,,0,85,,11705,7,,,0,80,,11706,7,,,0,85,,11708,7,,,0,45,,11709,7,,,0,85,,11707,7,,,0
15029,'1014',833,,11710,7,,,0,80,,11711,7,,,0,40,,11712,7,,,0,83,,11713,7,,,0,83,,11714,7,,,0,85,,11715,7,,,0,45,,11716,7,,,0,85,,11717,7,,,0,85,,11718,7,,,0,85,,11719,7,,,0,45,,11720,7,,,0,85,,11721,7,,,0,85,,11722,7,,,0,85,,11723,7,,,0,41,,11724,7,,,0,85,,11725,7,,,0,85,,11726,7,,,0,85,,11727,7,,,0,45,,11728,7,,,0,85,,11729,7,,,0
15029,'1015',710,,13793,7,,,0,100,,13794,7,,,0,130,,13795,7,,,0,100,,13796,7,,,0,170,,13797,7,,,0,100,,13798,7,,,0,130,,13799,7,,,0,100,,13800,7,,,0,170,,13801,7,,,0,100,,13802,7,,,0,140,,13803,7,,,0,85,,13804,7,,,0,80,,13805,7,,,0,85,,13807,7,,,0,45,,13808,7,,,0,85,,13806,7,,,0
15029,'1016',643,,13809,7,,,0,80,,13811,7,,,0,80,,13812,7,,,0,40,,13810,7,,,0,84,,13813,7,,,0,80,,13814,7,,,0,35,,13816,7,,,0,70,,13817,7,,,0,100,,13818,7,,,0,30,,13819,7,,,0,70,,13820,7,,,0,30,,13821,7,,,0,100,,13822,7,,,0,70,,13823,7,,,0,30,,13824,7,,,0,70,,13825,7,,,0,100,,13826,7,,,0,30,,13827,7,,,0,70,,13828,7,,,0,30,,13829,7,,,0,107,,13830,7,,,0,85,,13831,7,,,0,81,,13832,7,,,0,85,,13833,7,,,0,45,,13834,7,,,0,85,,13815,7,,,0
15029,'1017',833,,13835,7,,,0,80,,13836,7,,,0,40,,13837,7,,,0,83,,13838,7,,,0,83,,13839,7,,,0,85,,13840,7,,,0,45,,13841,7,,,0,85,,13842,7,,,0,85,,13843,7,,,0,85,,13844,7,,,0,45,,13845,7,,,0,85,,13846,7,,,0,85,,13847,7,,,0,85,,13848,7,,,0,41,,13849,7,,,0,85,,13850,7,,,0,85,,13851,7,,,0,85,,13852,7,,,0,45,,13853,7,,,0,85,,13854,7,,,0
15029,'1018',833,,13855,7,,,0,80,,13856,7,,,0,40,,13857,7,,,0,83,,13858,7,,,0,83,,13859,7,,,0,85,,13860,7,,,0,45,,13861,7,,,0,85,,13862,7,,,0,85,,13863,7,,,0,85,,13864,7,,,0,45,,13865,7,,,0,85,,13866,7,,,0,85,,13867,7,,,0,85,,13868,7,,,0,41,,13869,7,,,0,85,,13870,7,,,0,85,,13871,7,,,0,85,,13872,7,,,0,45,,13873,7,,,0,85,,13874,7,,,0
15029,'994',643,,11678,7,,,0,97,,11680,7,,,0,100,,11682,7,,,0,70,,11683,7,,,0,100,,11685,7,,,0,100,,11687,7,,,0,30,,11688,7,,,0,100,,11690,7,,,0,100,,11692,7,,,0,70,,11693,7,,,0,100,,11695,7,,,0,100,,11697,7,,,0,30,,11698,7,,,0,100,,11700,7,,,0,100,,11702,7,,,0,70,,11703,7,,,0
15029,'995',1142,,11739,7,,,0,270,,11744,7,,,0,230,,11749,7,,,0,270,,11754,7,,,0
130003029,'1004',818,,12723,15,,,0,20,,12748,15,0,9,0,20,,12724,15,,,0,60,,12754,15,0,9,0,20,,12725,15,,,0,20,,12751,15,0,9,0,60,,12726,15,,,0,22,,12752,15,0,9,0,61,,12727,15,,,0,22,,12750,15,0,9,0,23,,12728,15,,,0,62,,12753,15,0,9,0,23,,12729,15,,,0,22,,12749,15,0,9,0,63,,12730,15,,,0,22,,12731,15,0,9,0,63,,12732,15,,,0,22,,12733,15,0,9,0,23,,12734,15,,,0,62,,12735,15,0,9,0,23,,12736,15,,,0,22,,12737,15,0,9,0,63,,12738,15,,,0,22,,12739,15,0,9,0,63,,12740,15,,,0,22,,12741,15,0,9,0,26,,12742,15,,,0,62,,12756,15,0,9,0,23,,12755,15,,,0,85,,12743,15,,,0,85,,12744,15,,,0,45,,12745,15,,,0,85,,12746,15,,,0,85,,12747,15,,,0,84,,12757,15,0,9,0
130003029,'1010',715,,12703,16,,,0,85,,12706,16,0,10 11,0,145,,12713,16,,,0,85,,12660,16,0,10 11,0,185,,12667,16,,,0,85,,12670,16,0,10 11,0,145,,12677,16,,,0,85,,12680,16,0,10 11,0,185,,12687,16,,,0,87,,12697,16,0,10 11,0
130003029,'1011',635,,12701,15,0,10 11,0,265,,12710,16,0,10 11,0,15,,12711,16,,,0,215,,12664,16,0,10 11,0,15,,12665,16,,,0,255,,12674,16,0,10 11,0,15,,12675,16,,,0,215,,12684,16,0,10 11,0,15,,12685,16,,,0,211,,12699,15,0,9,0,55,,12694,15,0,9,0,45,,12693,15,0,9,0,85,,12692,15,0,9,0,85,,12691,15,0,9,0,85,,12721,15,0,9,0
130003029,'1012',635,,12919,15,0,10 11,0,265,,12920,16,0,10 11,0,15,,12921,16,,,0,215,,12908,16,0,10 11,0,15,,12909,16,,,0,255,,12910,16,0,10 11,0,15,,12911,16,,,0,215,,12912,16,0,10 11,0,15,,12913,16,,,0,211,,12918,15,0,9,0,55,,12917,15,0,9,0,45,,12916,15,0,9,0,85,,12915,15,0,9,0,85,,12914,15,0,9,0,85,,12922,15,0,9,0
130003029,'1015',715,,14079,16,,,0,85,,14080,16,0,10 11,0,145,,14081,16,,,0,85,,14072,16,0,10 11,0,185,,14073,16,,,0,85,,14074,16,0,10 11,0,145,,14075,16,,,0,85,,14076,16,0,10 11,0,185,,14077,16,,,0,87,,14078,16,0,10 11,0
130003029,'1016',1032,,14082,16,0,10 11,0,85,,14083,16,,,0,185,,14084,16,0,10 11,0,45,,14085,16,,,0,185,,14086,16,0,10 11,0,85,,14087,16,,,0,185,,14091,16,0,10 11,0,45,,14090,16,,,0,256,,14088,15,,,0,212,,14089,15,0,9,0
130003029,'994',620,,12700,15,,,0,80,,12702,16,0,10 11,0,30,,12704,16,0,10 11,0,15,,12705,16,,,0,70,,12707,16,,,0,15,,12708,16,0,10 11,0,15,,12709,16,,,0,85,,12712,16,0,10 11,0,70,,12714,16,0,10 11,0,15,,12659,16,,,0,30,,12661,16,,,0,55,,12662,16,0,10 11,0,15,,12663,16,,,0,85,,12666,16,0,10 11,0,30,,12668,16,0,10 11,0,15,,12669,16,,,0,70,,12671,16,,,0,15,,12672,16,0,10 11,0,15,,12673,16,,,0,85,,12676,16,0,10 11,0,70,,12678,16,0,10 11,0,15,,12679,16,,,0,30,,12681,16,,,0,55,,12682,16,0,10 11,0,15,,12683,16,,,0,85,,12686,16,0,10 11,0,30,,12688,16,0,10 11,0,15,,12689,16,,,0,72,,12696,16,,,0,15,,12698,16,0,10 11,0,15,,12690,16,,,0,86,,12715,15,,,0,85,,12716,15,,,0,85,,12717,15,,,0,45,,12719,15,,,0,85,,12695,15,,,0,82,,12718,15,0,9,0,43,,12720,15,0,9,0,79,,12722,15,0,9,0
130003029,'995',610,,12758,15,0,9,0,20,,12759,15,,,0,20,,12760,15,0,9,0,60,,12761,15,,,0,20,,12762,15,0,9,0,20,,12763,15,,,0,60,,12764,15,0,9,0,20,,12765,15,,,0,20,,12766,15,0,9,0,60,,12767,15,,,0,20,,12768,15,0,9,0,20,,12769,15,,,0,67,,12770,16,,,0,30,,12772,16,,,0,55,,12773,16,0,10 11,0,30,,12775,16,0,10 11,0,15,,12776,16,,,0,55,,12777,16,0,10 11,0,15,,12778,16,,,0,15,,12779,16,0,10 11,0,15,,12780,16,,,0,70,,12782,16,,,0,15,,12783,16,0,10 11,0,70,,12785,16,0,10 11,0,15,,12786,16,,,0,15,,12787,16,0,10 11,0,15,,12788,16,,,0,55,,12789,16,0,10 11,0,15,,12790,16,,,0,30,,12792,16,,,0,55,,12793,16,0,10 11,0,30,,12795,16,0,10 11,0,15,,12796,16,,,0,55,,12797,16,0,10 11,0,15,,12798,16,,,0,15,,12799,16,0,10 11,0,15,,12816,16,,,0,70,,12811,16,,,0,15,,12812,16,0,10 11,0,24,,12815,15,0,9,0,55,,12813,15,0,9,0,22,,12818,15,,,0,23,,12805,15,0,9,0,62,,12800,15,,,0,23,,12806,15,0,9,0,85,,12807,15,0,9,0,22,,12802,15,,,0,63,,12808,15,0,9,0,22,,12803,15,,,0,125,,12809,15,0,9,0,79,,12810,15,0,9,0
130003029,'996',818,,12819,15,,,0,20,,12844,15,0,9,0,20,,12820,15,,,0,60,,12850,15,0,9,0,20,,12821,15,,,0,20,,12847,15,0,9,0,60,,12822,15,,,0,22,,12848,15,0,9,0,61,,12823,15,,,0,22,,12846,15,0,9,0,23,,12824,15,,,0,62,,12849,15,0,9,0,23,,12825,15,,,0,22,,12845,15,0,9,0,63,,12826,15,,,0,22,,12827,15,0,9,0,63,,12828,15,,,0,22,,12829,15,0,9,0,23,,12830,15,,,0,62,,12831,15,0,9,0,23,,12832,15,,,0,22,,12833,15,0,9,0,63,,12834,15,,,0,22,,12835,15,0,9,0,63,,12836,15,,,0,22,,12837,15,0,9,0,26,,12838,15,,,0,62,,12852,15,0,9,0,23,,12851,15,,,0,85,,12839,15,,,0,85,,12840,15,,,0,45,,12841,15,,,0,85,,12842,15,,,0,85,,12843,15,,,0,84,,12853,15,0,9,0
