14019,'1010',736,,11394,8,0,10 11,0,270,,11399,8,0,10 11,0,232,,11373,8,0,10 11,0,270,,11378,8,0,10 11,0,230,,11383,8,0,10 11,0,220,,11388,8,,,0,85,,11389,8,,,0,85,,11387,8,,,0,85,,11390,8,,,0,45,,11386,8,,,0,85,,11401,8,,,0
14019,'1011',836,,11396,8,0,10 11,0,270,,11370,8,0,10 11,0,232,,11375,8,0,10 11,0,270,,11380,8,0,10 11,0,228,,11385,8,0,10 11,0
14019,'1012',836,,12868,8,0,10 11,0,270,,12864,8,0,10 11,0,232,,12865,8,0,10 11,0,270,,12866,8,0,10 11,0,228,,12867,8,0,9,0
14019,'1014',842,,11402,8,,,0,80,,11403,8,,,0,80,,11404,8,,,0,40,,11405,8,,,0,84,,11406,8,,,0,88,,11407,8,,,0,45,,11408,8,,,0,85,,11409,8,,,0,85,,11410,8,,,0,85,,11411,8,,,0,45,,11412,8,,,0,85,,11413,8,,,0,85,,11414,8,,,0,85,,11415,8,,,0,45,,11416,8,,,0,82,,11417,8,,,0,85,,11418,8,,,0,85,,11419,8,,,0,45,,11420,8,,,0,85,,11421,8,,,0
14019,'1015',736,,13587,8,0,10 11,0,270,,13588,8,0,10 11,0,232,,13579,8,0,10 11,0,270,,13580,8,0,10 11,0,230,,13581,8,0,10 11,0,220,,13584,8,,,0,85,,13585,8,,,0,85,,13583,8,,,0,85,,13586,8,,,0,45,,13582,8,,,0,85,,13589,8,,,0
14019,'1016',654,,13590,8,,,0,80,,13591,8,,,0,80,,13592,8,,,0,40,,13593,8,,,0,80,,13594,8,,,0,80,,13595,8,,,0,222,,13596,8,0,10 11,0,272,,13597,8,0,10 11,0,230,,13598,8,0,10 11,0,219,,13599,8,,,0,85,,13600,8,,,0,85,,13601,8,,,0,85,,13602,8,,,0,45,,13604,8,,,0,85,,13603,8,,,0
14019,'1017',842,,13605,8,,,0,80,,13606,8,,,0,80,,13607,8,,,0,40,,13608,8,,,0,84,,13609,8,,,0,88,,13610,8,,,0,45,,13611,8,,,0,85,,13612,8,,,0,85,,13613,8,,,0,85,,13614,8,,,0,45,,13615,8,,,0,85,,13616,8,,,0,85,,13617,8,,,0,85,,13618,8,,,0,45,,13619,8,,,0,82,,13620,8,,,0,85,,13621,8,,,0,85,,13622,8,,,0,45,,13623,8,,,0,85,,13624,8,,,0
14019,'1018',842,,13625,8,,,0,80,,13626,8,,,0,80,,13627,8,,,0,40,,13628,8,,,0,84,,13629,8,,,0,88,,13630,8,,,0,45,,13631,8,,,0,85,,13632,8,,,0,85,,13633,8,,,0,85,,13634,8,,,0,45,,13635,8,,,0,85,,13636,8,,,0,85,,13637,8,,,0,85,,13638,8,,,0,45,,13639,8,,,0,82,,13640,8,,,0,85,,13641,8,,,0,85,,13642,8,,,0,45,,13643,8,,,0,85,,13644,8,,,0
14019,'994',641,,11392,8,0,10 11,0,65,,11393,8,0,10 11,0,100,,11395,8,0,10 11,0,100,,11397,8,0,10 11,0,30,,11398,8,0,10 11,0,100,,11369,8,0,10 11,0,100,,11371,8,0,10 11,0,70,,11372,8,0,10 11,0,102,,11374,8,0,10 11,0,100,,11376,8,0,10 11,0,30,,11377,8,0,10 11,0,100,,11379,8,0,10 11,0,100,,11381,8,0,10 11,0,70,,11382,8,0,10 11,0,100,,11384,8,0,10 11,0,98,,11391,8,,,0,30,,11400,8,,,0
14019,'995',1034,,11428,8,0,10 11,0,72,,11429,8,0,10 11,0,30,,11430,8,0,10 11,0,70,,11431,8,0,10 11,0,100,,11433,8,0,10 11,0,30,,11434,8,0,10 11,0,70,,11435,8,0,10 11,0,32,,11436,8,0,10 11,0,100,,11438,8,0,10 11,0,70,,11439,8,0,10 11,0,30,,11440,8,0,10 11,0,70,,11441,8,0,10 11,0,100,,11443,8,0,10 11,0,27,,11444,8,0,9,0,70,,11445,8,,,0,30,,11452,8,,,0
