15029,'1003',643,,11678,6,,,0,67,,11679,6,,,0,30,,11680,6,,,0,70,,11681,6,,,0,30,,11682,6,,,0,70,,11683,6,,,0,30,,11684,6,,,0,70,,11685,6,,,0,30,,11686,6,,,0,70,,11687,6,,,0,30,,11688,6,,,0,70,,11689,6,,,0,30,,11690,6,,,0,70,,11691,6,,,0,30,,11692,6,,,0,70,,11693,6,,,0,30,,11694,6,,,0,70,,11695,6,,,0,30,,11696,6,,,0,70,,11697,6,,,0,30,,11698,6,,,0,70,,11699,6,,,0,30,,11700,6,,,0,70,,11701,6,,,0,30,,11702,6,,,0,69,,11703,6,,,0,40,,11704,6,,,0,85,,11705,6,,,0,80,,11706,6,,,0,45,,11708,6,,,0,85,,11709,6,,,0,85,,11707,6,,,0
15029,'1004',832,,11710,6,,,0,80,,11711,6,,,0,40,,11712,6,,,0,83,,11713,6,,,0,83,,11714,6,,,0,85,,11715,6,,,0,45,,11716,6,,,0,85,,11717,6,,,0,85,,11718,6,,,0,85,,11719,6,,,0,45,,11720,6,,,0,85,,11721,6,,,0,85,,11722,6,,,0,85,,11723,6,,,0,41,,11724,6,,,0,85,,11725,6,,,0,85,,11726,6,,,0,45,,11727,6,,,0,85,,11728,6,,,0,85,,11729,6,,,0
15029,'995',642,,11730,6,,,0,80,,11732,6,,,0,80,,11733,6,,,0,40,,11731,6,,,0,84,,11734,6,,,0,80,,11735,6,,,0,35,,11737,6,,,0,70,,11738,6,,,0,30,,11739,6,,,0,70,,11740,6,,,0,30,,11741,6,,,0,70,,11742,6,,,0,30,,11743,6,,,0,70,,11744,6,,,0,30,,11745,6,,,0,70,,11746,6,,,0,30,,11747,6,,,0,70,,11748,6,,,0,30,,11749,6,,,0,70,,11750,6,,,0,30,,11751,6,,,0,70,,11752,6,,,0,30,,11753,6,,,0,70,,11754,6,,,0,37,,11755,6,,,0,85,,11756,6,,,0,81,,11757,6,,,0,45,,11758,6,,,0,85,,11759,6,,,0,85,,11736,6,,,0
15029,'996',832,,11760,6,,,0,80,,11761,6,,,0,40,,11762,6,,,0,83,,11763,6,,,0,83,,11764,6,,,0,85,,11765,6,,,0,45,,11766,6,,,0,85,,11767,6,,,0,85,,11768,6,,,0,85,,11769,6,,,0,45,,11770,6,,,0,85,,11771,6,,,0,85,,11772,6,,,0,85,,11773,6,,,0,41,,11774,6,,,0,85,,11775,6,,,0,85,,11776,6,,,0,45,,11777,6,,,0,85,,11778,6,,,0,85,,11779,6,,,0
130003029,'1003',619,,12700,14,,,0,40,,12702,15,0,10 11,0,55,,12703,15,,,0,15,,12704,15,0,10 11,0,15,,12705,15,,,0,15,,12706,15,0,10 11,0,55,,12707,15,,,0,15,,12708,15,0,10 11,0,15,,12709,15,,,0,85,,12712,15,0,10 11,0,15,,12713,15,,,0,15,,12714,15,0,10 11,0,55,,12659,15,,,0,15,,12660,15,0,10 11,0,15,,12661,15,,,0,15,,12662,15,0,10 11,0,55,,12663,15,,,0,45,,12666,15,0,10 11,0,55,,12667,15,,,0,15,,12668,15,0,10 11,0,15,,12669,15,,,0,15,,12670,15,0,10 11,0,55,,12671,15,,,0,15,,12672,15,0,10 11,0,15,,12673,15,,,0,85,,12676,15,0,10 11,0,15,,12677,15,,,0,15,,12678,15,0,10 11,0,55,,12679,15,,,0,15,,12680,15,0,10 11,0,15,,12681,15,,,0,15,,12682,15,0,10 11,0,55,,12683,15,,,0,45,,12686,15,0,10 11,0,55,,12687,15,,,0,15,,12688,15,0,10 11,0,15,,12689,15,,,0,58,,12697,15,0,10 11,0,15,,12696,15,,,0,15,,12698,15,0,10 11,0,15,,12690,15,,,0,85,,12715,14,,,0,85,,12716,14,,,0,85,,12717,14,,,0,45,,12719,14,,,0,85,,12695,14,,,0,83,,12718,14,0,9,0,43,,12720,14,0,9,0,79,,12722,14,0,9,0
130003029,'1004',818,,12723,14,,,0,20,,12748,14,0,9,0,20,,12724,14,,,0,60,,12754,14,0,9,0,20,,12725,14,,,0,20,,12751,14,0,9,0,60,,12726,14,,,0,22,,12752,14,0,9,0,61,,12727,14,,,0,22,,12750,14,0,9,0,23,,12728,14,,,0,62,,12753,14,0,9,0,23,,12729,14,,,0,22,,12749,14,0,9,0,63,,12730,14,,,0,22,,12731,14,0,9,0,63,,12732,14,,,0,22,,12733,14,0,9,0,23,,12734,14,,,0,62,,12735,14,0,9,0,23,,12736,14,,,0,22,,12737,14,0,9,0,63,,12738,14,,,0,22,,12739,14,0,9,0,63,,12740,14,,,0,22,,12741,14,0,9,0,25,,12742,14,,,0,62,,12756,14,0,9,0,23,,12755,14,,,0,85,,12743,14,,,0,85,,12744,14,,,0,45,,12745,14,,,0,85,,12746,14,,,0,85,,12747,14,,,0,84,,12757,14,0,9,0
130003029,'1006',634,,12701,14,0,10 11,0,225,,12710,15,0,10 11,0,55,,12711,15,,,0,215,,12664,15,0,10 11,0,15,,12665,15,,,0,215,,12674,15,0,10 11,0,55,,12675,15,,,0,215,,12684,15,0,10 11,0,15,,12685,15,,,0,211,,12699,14,0,9,0,55,,12694,14,0,9,0,45,,12693,14,0,9,0,85,,12692,14,0,9,0,85,,12691,14,0,9,0,85,,12721,14,0,9,0
130003029,'1007',634,,12919,14,0,10 11,0,225,,12920,15,0,10 11,0,55,,12921,15,,,0,215,,12908,15,0,10 11,0,15,,12909,15,,,0,215,,12910,15,0,10 11,0,55,,12911,15,,,0,215,,12912,15,0,10 11,0,15,,12913,15,,,0,211,,12918,14,0,9,0,55,,12917,14,0,9,0,45,,12916,14,0,9,0,85,,12915,14,0,9,0,85,,12914,14,0,9,0,85,,12922,14,0,9,0
130003029,'995',609,,12758,14,0,9,0,20,,12759,14,,,0,20,,12760,14,0,9,0,60,,12761,14,,,0,20,,12762,14,0,9,0,20,,12763,14,,,0,60,,12764,14,0,9,0,20,,12765,14,,,0,20,,12766,14,0,9,0,60,,12767,14,,,0,20,,12768,14,0,9,0,20,,12769,14,,,0,68,,12770,15,,,0,15,,12771,15,0,10 11,0,15,,12772,15,,,0,55,,12773,15,0,10 11,0,15,,12774,15,,,0,15,,12775,15,0,10 11,0,15,,12776,15,,,0,55,,12777,15,0,10 11,0,15,,12778,15,,,0,15,,12779,15,0,10 11,0,15,,12780,15,,,0,55,,12781,15,0,10 11,0,15,,12782,15,,,0,15,,12783,15,0,10 11,0,15,,12784,15,,,0,55,,12785,15,0,10 11,0,15,,12786,15,,,0,15,,12787,15,0,10 11,0,15,,12788,15,,,0,55,,12789,15,0,10 11,0,15,,12790,15,,,0,15,,12791,15,0,10 11,0,15,,12792,15,,,0,55,,12793,15,0,10 11,0,15,,12794,15,,,0,15,,12795,15,0,10 11,0,15,,12796,15,,,0,55,,12797,15,0,10 11,0,15,,12798,15,,,0,15,,12799,15,0,10 11,0,15,,12816,15,,,0,55,,12817,15,0,10 11,0,15,,12811,15,,,0,15,,12812,15,0,10 11,0,15,,12814,15,,,0,8,,12815,14,0,9,0,55,,12813,14,0,9,0,22,,12818,14,,,0,23,,12805,14,0,9,0,62,,12800,14,,,0,23,,12806,14,0,9,0,62,,12801,14,,,0,23,,12807,14,0,9,0,22,,12802,14,,,0,63,,12808,14,0,9,0,22,,12803,14,,,0,83,,12804,14,0,9,0,43,,12809,14,0,9,0,79,,12810,14,0,9,0
130003029,'996',818,,12819,14,,,0,20,,12844,14,0,9,0,20,,12820,14,,,0,60,,12850,14,0,9,0,20,,12821,14,,,0,20,,12847,14,0,9,0,60,,12822,14,,,0,22,,12848,14,0,9,0,61,,12823,14,,,0,22,,12846,14,0,9,0,23,,12824,14,,,0,62,,12849,14,0,9,0,23,,12825,14,,,0,22,,12845,14,0,9,0,63,,12826,14,,,0,22,,12827,14,0,9,0,63,,12828,14,,,0,22,,12829,14,0,9,0,23,,12830,14,,,0,62,,12831,14,0,9,0,23,,12832,14,,,0,22,,12833,14,0,9,0,63,,12834,14,,,0,22,,12835,14,0,9,0,63,,12836,14,,,0,22,,12837,14,0,9,0,25,,12838,14,,,0,62,,12852,14,0,9,0,23,,12851,14,,,0,85,,12839,14,,,0,85,,12840,14,,,0,45,,12841,14,,,0,85,,12842,14,,,0,85,,12843,14,,,0,84,,12853,14,0,9,0
