5029,'1002',647,,6966,3,,,0,70,,6967,3,,,0,30,,6968,3,,,0,69,,6969,3,,,0,31,,6970,3,,,0,70,,6971,3,,,0,30,,6972,3,,,0,70,,6950,3,,,0,30,,6951,3,,,0,70,,6952,3,,,0,30,,6953,3,,,0,70,,6954,3,,,0,30,,6955,3,,,0,70,,6956,3,,,0,30,,6957,3,,,0,70,,6958,3,,,0,30,,6959,3,,,0,70,,6960,3,,,0,30,,6961,3,,,0,70,,6962,3,,,0,30,,6963,3,,,0,70,,6964,3,,,0,30,,6965,3,,,0,70,,6943,3,,,0,30,,6944,3,,,0,84,,6945,3,,,0,84,,6946,3,,,0,86,,6947,3,,,0,45,,6948,3,,,0,85,,6949,3,,,0,85,,6973,3,,,0
5029,'1003',647,,10282,3,,,0,70,,10283,3,,,0,30,,10284,3,,,0,69,,10285,3,,,0,31,,10286,3,,,0,70,,10287,3,,,0,30,,10288,3,,,0,70,,10266,3,,,0,30,,10267,3,,,0,70,,10268,3,,,0,30,,10269,3,,,0,70,,10270,3,,,0,30,,10271,3,,,0,70,,10272,3,,,0,30,,10273,3,,,0,70,,10274,3,,,0,30,,10275,3,,,0,70,,10276,3,,,0,30,,10277,3,,,0,70,,10278,3,,,0,30,,10279,3,,,0,70,,10280,3,,,0,30,,10281,3,,,0,70,,10259,3,,,0,30,,10260,3,,,0,84,,10261,3,,,0,84,,10262,3,,,0,86,,10263,3,,,0,45,,10264,3,,,0,85,,10265,3,,,0,85,,10289,3,,,0
5029,'1004',857,,10290,3,,,0,80,,10291,3,,,0,80,,10292,3,,,0,85,,10293,3,,,0,45,,10294,3,,,0,85,,10295,3,,,0,85,,10296,3,,,0,85,,10297,3,,,0,45,,10298,3,,,0,85,,10299,3,,,0,85,,10300,3,,,0,85,,10301,3,,,0,45,,10302,3,,,0,85,,10303,3,,,0,85,,10304,3,,,0,85,,10305,3,,,0,45,,10306,3,,,0,85,,10307,3,,,0,85,,10308,3,,,0,85,,10309,3,,,0
5029,'995',627,,10310,3,,,0,80,,10311,3,,,0,40,,10312,3,,,0,80,,10313,3,,,0,80,,10314,3,,,0,40,,10315,3,,,0,70,,10316,3,,,0,30,,10317,3,,,0,70,,10318,3,,,0,30,,10319,3,,,0,70,,10320,3,,,0,30,,10321,3,,,0,70,,10322,3,,,0,30,,10323,3,,,0,70,,10324,3,,,0,30,,10325,3,,,0,70,,10326,3,,,0,30,,10327,3,,,0,70,,10328,3,,,0,30,,10329,3,,,0,70,,10330,3,,,0,30,,10331,3,,,0,70,,10332,3,,,0,30,,10333,3,,,0,84,,10334,3,,,0,84,,10335,3,,,0,86,,10336,3,,,0,45,,10337,3,,,0,85,,10339,3,,,0,85,,10338,3,,,0
5029,'996',857,,10340,3,,,0,80,,10341,3,,,0,80,,10342,3,,,0,85,,10343,3,,,0,45,,10344,3,,,0,85,,10345,3,,,0,85,,10346,3,,,0,85,,10347,3,,,0,45,,10348,3,,,0,85,,10349,3,,,0,85,,10350,3,,,0,85,,10351,3,,,0,45,,10352,3,,,0,85,,10353,3,,,0,85,,10354,3,,,0,85,,10355,3,,,0,45,,10356,3,,,0,85,,10357,3,,,0,85,,10358,3,,,0,85,,10359,3,,,0
10029,'1002',642,,7781,3,,,0,67,,7782,3,,,0,30,,7783,3,,,0,70,,7784,3,,,0,30,,7785,3,,,0,70,,7786,3,,,0,30,,7787,3,,,0,70,,7758,3,,,0,30,,7759,3,,,0,70,,7760,3,,,0,30,,7761,3,,,0,70,,7762,3,,,0,30,,7763,3,,,0,70,,7764,3,,,0,30,,7765,3,,,0,70,,7766,3,,,0,30,,7767,3,,,0,70,,7768,3,,,0,30,,7769,3,,,0,70,,7770,3,,,0,30,,7771,3,,,0,70,,7772,3,,,0,30,,7773,3,,,0,70,,7774,3,,,0,28,,7780,3,,,0,70,,7788,3,,,0,37,,7778,3,,,0,85,,7779,3,,,0,85,,7777,3,,,0,45,,7775,3,,,0,85,,7776,3,0,9,0,83,,7789,3,0,7 8,0
10029,'1003',642,,11090,3,,,0,67,,11091,3,,,0,30,,11092,3,,,0,70,,11093,3,,,0,30,,11094,3,,,0,70,,11095,3,,,0,30,,11096,3,,,0,70,,11067,3,,,0,30,,11068,3,,,0,70,,11069,3,,,0,30,,11070,3,,,0,70,,11071,3,,,0,30,,11072,3,,,0,70,,11073,3,,,0,30,,11074,3,,,0,70,,11075,3,,,0,30,,11076,3,,,0,70,,11077,3,,,0,30,,11078,3,,,0,70,,11079,3,,,0,30,,11080,3,,,0,70,,11081,3,,,0,30,,11082,3,,,0,70,,11083,3,,,0,28,,11089,3,,,0,70,,11097,3,0,7 8,0,37,,11087,3,,,0,85,,11088,3,,,0,85,,11086,3,,,0,45,,11084,3,,,0,85,,11085,3,0,9,0,83,,11098,3,0,7 8,0
10029,'1004',830,,11099,3,,,0,80,,11100,3,,,0,40,,11101,3,,,0,80,,11102,3,,,0,83,,11103,3,,,0,89,,11104,3,,,0,44,,11105,3,,,0,85,,11106,3,,,0,85,,11107,3,,,0,85,,11108,3,,,0,45,,11109,3,,,0,85,,11110,3,,,0,85,,11111,3,,,0,85,,11112,3,,,0,45,,11113,3,,,0,85,,11114,3,,,0,85,,11115,3,,,0,85,,11116,3,,,0,45,,11117,3,,,0,85,,11118,3,0,7 8,0
10029,'995',642,,11119,3,,,0,80,,11120,3,,,0,80,,11121,3,,,0,40,,11122,3,,,0,80,,11123,3,,,0,82,,11124,3,,,0,33,,11125,3,,,0,70,,11126,3,,,0,30,,11127,3,,,0,70,,11128,3,,,0,30,,11129,3,,,0,70,,11130,3,,,0,30,,11131,3,,,0,70,,11132,3,,,0,31,,11133,3,,,0,70,,11134,3,,,0,30,,11135,3,,,0,70,,11136,3,,,0,30,,11137,3,,,0,70,,11138,3,,,0,30,,11139,3,,,0,70,,11140,3,,,0,30,,11141,3,,,0,70,,11142,3,,,0,37,,11143,3,,,0,85,,11144,3,0,7 8,0,85,,11145,3,,,0,85,,11146,3,,,0,45,,11147,3,0,9,0,85,,11148,3,0,7 8,0
10029,'996',830,,11149,3,,,0,80,,11150,3,,,0,40,,11151,3,,,0,80,,11152,3,,,0,83,,11153,3,,,0,89,,11154,3,,,0,44,,11155,3,,,0,85,,11156,3,,,0,85,,11157,3,,,0,85,,11158,3,,,0,45,,11159,3,,,0,85,,11160,3,,,0,85,,11161,3,,,0,85,,11162,3,,,0,45,,11163,3,,,0,85,,11164,3,,,0,85,,11165,3,,,0,85,,11166,3,,,0,45,,11167,3,,,0,85,,11168,3,0,7 8,0
