'842',7019,62100,4,'',0,8000,4,'',0,4000,4,'',0,8000,4,'',0,8000,4,'',0,4000,4,'',0,7500,4,'',0,3000,4,'',0,7000,4,'',0,3000,4,'',0,7000,4,'',0,3000,4,'',0,7000,4,'',0,3000,4,'',0,7000,4,'',0,3000,4,'',0,7000,4,'',0,3000,4,'',0,7000,4,'',0,3000,4,'',0,7000,4,'',0,3000,4,'',0,7800,4,'',0,8700,4,'',0,4300,4,'',0,8500,4,'',0,8500,4,'',0,8500,4,'',0,4000,4,'',0
'842',7029,62100,,'',0,8000,,'',0,4000,,'',0,8000,,'',0,8000,,'',0,4000,,'',0,7500,,'',0,3000,,'',0,7000,,'',0,3000,,'',0,7000,,'',0,3000,,'',0,7000,,'',0,3000,,'',0,7000,,'',0,3000,,'',0,7000,,'',0,3000,,'',0,7000,,'',0,3000,,'',0,7000,,'',0,3000,,'',0,7800,,'',0,8700,,'',0,4300,,'',0,8500,,'',0,8500,,'',0,8500,,'',0,4000,,'',0
'843',7019,90100,4,'',0,4000,4,'',0,8000,4,'',0,8000,4,'',0,4000,4,'',0,8500,4,'',0,8500,4,'',0,4500,4,'',0,8500,4,'',0,8500,4,'',0,8500,4,'',0,4500,4,'',0,8500,4,'',0,8300,4,'',0,8700,4,'',0,4300,4,'',0,8500,4,'',0,8500,4,'',0,8000,4,'',0
'843',7029,90100,,'',0,4000,,'',0,8000,,'',0,8000,,'',0,4000,,'',0,8500,,'',0,8500,,'',0,4500,,'',0,8500,,'',0,8500,,'',0,8500,,'',0,4500,,'',0,8500,,'',0,8300,,'',0,8700,,'',0,4300,,'',0,8500,,'',0,8500,,'',0,8000,,'',0
'846',7019,61600,4,'',0,3000,4,'',0,7000,4,'',0,3000,4,'',0,7000,4,'',0,3000,4,'',0,7000,4,'',0,3000,4,'',0,7000,4,'',0,3000,4,'',0,7000,4,'',0,3000,4,'',0,7000,4,'',0,3000,4,'',0,7000,4,'',0,3000,4,'',0,7000,4,'',0,3000,4,'',0,7000,4,'',0,3000,4,'',0,7000,4,'',0,3000,4,'',0,7000,4,'',0,3000,4,'',0,7800,4,'',0,8600,4,'',0,4400,4,'',0,8500,4,'',0,8500,4,'',0,8500,4,'',0,4000,4,'',0
'846',7029,61600,,'',0,3000,,'',0,7000,,'',0,3000,,'',0,7000,,'',0,3000,,'',0,7000,,'',0,3000,,'',0,7000,,'',0,3000,,'',0,7000,,'',0,3000,,'',0,7000,,'',0,3000,,'',0,7000,,'',0,3000,,'',0,7000,,'',0,3000,,'',0,7000,,'',0,3000,,'',0,7000,,'',0,3000,,'',0,7000,,'',0,3000,,'',0,7800,,'',0,8600,,'',0,4400,,'',0,8500,,'',0,8500,,'',0,8500,,'',0,4000,,'',0
'850',7019,90100,4,'',0,4000,4,'',0,8000,4,'',0,8000,4,'',0,4000,4,'',0,8500,4,'',0,8500,4,'',0,4500,4,'',0,8500,4,'',0,8500,4,'',0,8500,4,'',0,4500,4,'',0,8500,4,'',0,8300,4,'',0,8700,4,'',0,4300,4,'',0,8500,4,'',0,8500,4,'',0,8000,4,'',0
'850',7029,90100,,'',0,4000,,'',0,8000,,'',0,8000,,'',0,4000,,'',0,8500,,'',0,8500,,'',0,4500,,'',0,8500,,'',0,8500,,'',0,8500,,'',0,4500,,'',0,8500,,'',0,8300,,'',0,8700,,'',0,4300,,'',0,8500,,'',0,8500,,'',0,8000,,'',0
'854',7019,61600,4,'',0,3000,4,'',0,7000,4,'',0,3000,4,'',0,7000,4,'',0,3000,4,'',0,7000,4,'',0,3000,4,'',0,7000,4,'',0,3000,4,'',0,7000,4,'',0,3000,4,'',0,7000,4,'',0,3000,4,'',0,7000,4,'',0,3000,4,'',0,7000,4,'',0,3000,4,'',0,7000,4,'',0,3000,4,'',0,7000,4,'',0,3000,4,'',0,7000,4,'',0,3000,4,'',0,7800,4,'',0,8600,4,'',0,4400,4,'',0,8500,4,'',0,8500,4,'',0,8500,4,'',0,4000,4,'',0
'854',7029,61600,,'',0,3000,,'',0,7000,,'',0,3000,,'',0,7000,,'',0,3000,,'',0,7000,,'',0,3000,,'',0,7000,,'',0,3000,,'',0,7000,,'',0,3000,,'',0,7000,,'',0,3000,,'',0,7000,,'',0,3000,,'',0,7000,,'',0,3000,,'',0,7000,,'',0,3000,,'',0,7000,,'',0,3000,,'',0,7000,,'',0,3000,,'',0,7800,,'',0,8600,,'',0,4400,,'',0,8500,,'',0,8500,,'',0,8500,,'',0,4000,,'',0
