2019,'976',844,3,451,15,0,12,0,13,,478,10,,,0,67,3,452,15,0,12,0,13,,488,10,,,0,67,3,453,15,0,12,0,13,,479,10,,,0,27,3,454,15,0,12,0,15,2,470,10,,,0,70,3,455,15,0,12,0,10,2,480,10,,,0,75,3,456,15,0,12,0,15,2,471,10,,,0,30,3,457,15,0,12,0,55,2,481,10,,,0,30,3,458,15,0,12,0,15,2,472,10,,,0,70,3,459,15,0,12,0,15,2,482,10,,,0,70,3,460,15,0,12,0,15,2,473,10,,,0,30,3,461,15,0,12,0,55,2,483,10,,,0,30,3,462,15,0,12,0,15,2,477,10,,,0,70,3,463,15,0,12,0,15,2,474,10,,,0,70,3,464,15,0,12,0,15,2,487,10,,,0,30,3,465,15,0,12,0,55,2,484,10,,,0,30,3,466,15,0,12,0,15,2,485,10,,,0,70,3,467,15,0,12,0,15,2,486,10,,,0,70,3,468,15,0,12,0,15,2,475,10,,,0,30,3,469,15,0,12,0,55,2,476,10,,,0,30,3,490,15,0,12,0,15,2,489,10,,,0
2019,'979',1950,2,385,10,,,0,74,3,383,15,0,5,0,96,2,387,10,,,0,34,3,380,15,0,5,0,96,2,381,10,,,0
2019,'980',633,,367,15,0,12,0,25,,359,10,,,0,72,2,360,10,,,0,1,3,369,15,0,12,0,69,42,361,10,,,0,1,43,370,15,0,12,0,29,2,362,10,,,0,1,3,371,15,0,12,0,28,2,363,10,,,0,42,43,372,15,0,12,0,29,2,364,10,,,0,1,3,373,15,0,12,0,69,42,365,10,,,0,1,43,366,15,0,12,0,29,2,328,10,,,0,1,3,344,15,0,12,0,69,42,329,10,,,0,1,43,345,15,0,12,0,29,2,330,10,,,0,1,3,346,15,0,12,0,69,42,331,10,,,0,1,43,347,15,0,12,0,29,2,332,10,,,0,1,3,348,15,0,12,0,69,42,333,10,,,0,1,43,349,15,0,12,0,29,2,334,10,,,0,1,3,350,15,0,12,0,69,42,335,10,,,0,1,43,351,15,0,12,0,29,2,336,10,,,0,1,3,352,15,0,12,0,69,42,337,10,,,0,1,43,353,15,0,12,0,29,2,338,10,,,0,1,3,354,15,0,12,0,69,42,339,10,,,0,1,43,355,15,0,12,0,29,2,340,10,,,0,1,3,356,15,0,12,0,69,42,341,10,,,0,1,43,357,15,0,12,0,29,2,342,10,,,0,1,3,358,15,0,12,0,69,42,343,10,,,0,1,43,317,15,0,12,0,29,2,325,10,,,0,1,3,318,15,0,12,0,69,42,326,10,,,0,16,3,319,15,0,12,0,14,2,324,10,,,0,8,3,382,15,0,5,0,62,43,320,15,0,12,0,14,2,327,10,,,0,21,2,386,10,,,0,11,3,321,15,0,12,0,54,42,314,10,,,0,9,3,384,15,0,5,0,22,3,322,15,0,12,0,13,2,315,10,,,0,61,2,379,10,,,0,11,3,323,15,0,12,0,14,2,316,10,,,0,71,43,375,15,0,12,0,12,2,374,10,,,0,37,7,377,15,0,5,0,9,2,376,10,,,0,56,2,378,10,,,0
2019,'984',844,3,274,15,0,12,0,13,,301,10,,,0,67,3,275,15,0,12,0,13,,311,10,,,0,67,3,276,15,0,12,0,13,,302,10,,,0,27,3,277,15,0,12,0,15,2,293,10,,,0,70,3,278,15,0,12,0,10,2,303,10,,,0,75,3,279,15,0,12,0,15,2,294,10,,,0,30,3,280,15,0,12,0,55,2,304,10,,,0,30,3,281,15,0,12,0,15,2,295,10,,,0,70,3,282,15,0,12,0,15,2,305,10,,,0,70,3,283,15,0,12,0,15,2,296,10,,,0,30,3,284,15,0,12,0,55,2,306,10,,,0,30,3,285,15,0,12,0,15,2,300,10,,,0,70,3,286,15,0,12,0,15,2,297,10,,,0,70,3,287,15,0,12,0,15,2,310,10,,,0,30,3,288,15,0,12,0,55,2,307,10,,,0,30,3,289,15,0,12,0,15,2,308,10,,,0,70,3,290,15,0,12,0,15,2,309,10,,,0,70,3,291,15,0,12,0,15,2,298,10,,,0,30,3,292,15,0,12,0,55,2,299,10,,,0,30,3,313,15,0,12,0,15,2,312,10,,,0
2019,'985',1950,2,3584,10,,,0,74,3,3583,15,0,5,0,96,2,3585,10,,,0,34,3,3581,15,0,5,0,96,2,3582,10,,,0
2019,'986',613,2,3615,15,0,12,0,10,2,3586,10,,,0,30,2,3616,15,0,12,0,50,2,3587,10,,,0,30,2,3617,15,0,12,0,10,2,3588,10,,,0,70,2,3618,15,0,12,0,10,2,3589,10,,,0,30,2,3619,15,0,12,0,50,2,3590,10,,,0,30,2,3620,15,0,12,0,11,2,3591,10,,,0,56,44,3646,15,0,12,0,29,2,3592,10,,,0,1,4,3621,15,0,12,0,29,2,3593,10,,,0,41,44,3622,15,0,12,0,29,2,3594,10,,,0,1,4,3623,15,0,12,0,29,2,3595,10,,,0,41,44,3624,15,0,12,0,29,2,3596,10,,,0,1,4,3625,15,0,12,0,29,2,3597,10,,,0,41,44,3626,15,0,12,0,29,2,3598,10,,,0,1,4,3627,15,0,12,0,29,2,3599,10,,,0,41,44,3628,15,0,12,0,29,2,3600,10,,,0,1,4,3629,15,0,12,0,29,2,3601,10,,,0,41,44,3630,15,0,12,0,29,2,3602,10,,,0,1,4,3631,15,0,12,0,29,2,3603,10,,,0,41,44,3632,15,0,12,0,29,2,3604,10,,,0,1,4,3633,15,0,12,0,29,2,3605,10,,,0,41,44,3634,15,0,12,0,29,2,3606,10,,,0,1,4,3635,15,0,12,0,29,2,3607,10,,,0,41,44,3636,15,0,12,0,29,2,3608,10,,,0,1,4,3647,15,0,12,0,29,2,3609,10,,,0,56,4,3637,15,0,12,0,14,2,3610,10,,,0,71,44,3638,15,0,12,0,13,2,3611,10,,,0,32,4,3639,15,0,12,0,12,2,3612,10,,,0,73,4,3640,15,0,12,0,12,2,3613,10,,,0,73,4,3641,15,0,12,0,12,2,3614,10,,,0,73,44,3642,15,0,12,0,12,2,3645,10,,,0,33,4,3643,15,0,5,0,12,2,3644,10,,,0,55,2,3648,10,,,0
9019,'976',850,,4136,24,4,,0,80,,4120,24,4,,0,80,,4121,24,4,,0,42,,4122,24,4,,0,85,,4123,24,4,,0,85,,4124,24,4,,0,85,,4125,24,4,,0,45,,4126,24,4,,0,85,,4127,24,4,,0,85,,4128,24,4,,0,85,,4129,24,4,,0,45,,4130,24,4,,0,85,,4131,24,4,,0,85,,4135,24,4,,0,85,,4137,24,4,,0,45,,4138,24,4,,0,85,,4132,24,4,,0,85,,4133,24,4,,0,85,,4134,24,4,,0
9019,'979',640,,1152,24,4,,0,65,,1153,24,4,,0,35,,1154,24,4,,0,70,,1155,24,4,,0,30,,1156,24,4,,0,70,,1157,24,4,,0,30,,1158,24,4,,0,70,,1151,24,4,,0,30,,1135,24,4,,0,70,,1136,24,4,,0,30,,1137,24,4,,0,70,,1138,24,4,,0,30,,1139,24,4,,0,70,,1140,24,4,,0,30,,1141,24,4,,0,70,,1142,24,4,,0,30,,1143,24,4,,0,70,,1144,24,4,,0,30,,1145,24,4,,0,70,,1146,24,4,,0,30,,1147,24,4,,0,70,,1148,24,4,,0,30,,1149,24,4,,0,70,,1150,24,4,,0,30,,1132,24,4,,0,80,,1133,24,4,,0,85,,1129,24,4,,0,45,,1130,24,4,,0,85,,1131,24,4,,0,85,,1134,24,4,,0,85,,1159,24,4,,0,45,,1160,24,4,,0
9019,'983',850,,1126,24,4,,0,80,,1110,24,4,,0,80,,1111,24,4,,0,42,,1112,24,4,,0,85,,1113,24,4,,0,85,,1114,24,4,,0,85,,1115,24,4,,0,45,,1116,24,4,,0,85,,1117,24,4,,0,85,,1118,24,4,,0,85,,1119,24,4,,0,45,,1120,24,4,,0,85,,1121,24,4,,0,85,,1125,24,4,,0,85,,1127,24,4,,0,45,,1128,24,4,,0,85,,1122,24,4,,0,85,,1123,24,4,,0,85,,1124,24,4,,0
9019,'985',640,,4162,24,4,,0,65,,4163,24,4,,0,35,,4164,24,4,,0,70,,4165,24,4,,0,30,,4166,24,4,,0,70,,4167,24,4,,0,30,,4168,24,4,,0,70,,4161,24,4,,0,30,,4145,24,4,,0,70,,4146,24,4,,0,30,,4147,24,4,,0,70,,4148,24,4,,0,30,,4149,24,4,,0,70,,4150,24,4,,0,30,,4151,24,4,,0,70,,4152,24,4,,0,30,,4153,24,4,,0,70,,4154,24,4,,0,30,,4155,24,4,,0,70,,4156,24,4,,0,30,,4157,24,4,,0,70,,4158,24,4,,0,30,,4159,24,4,,0,70,,4160,24,4,,0,30,,4142,24,4,,0,80,,4143,24,4,,0,85,,4139,24,4,,0,45,,4140,24,4,,0,85,,4141,24,4,,0,85,,4144,24,4,,0,85,,4169,24,4,,0,45,,4170,24,4,,0
9019,'986',620,,4171,24,4,,0,80,,4172,24,4,,0,40,,4173,24,4,,0,80,,4174,24,4,,0,80,,4175,24,4,,0,40,,4176,24,4,,0,69,,4177,24,4,,0,30,,4178,24,4,,0,70,,4179,24,4,,0,30,,4180,24,4,,0,70,,4181,24,4,,0,30,,4182,24,4,,0,70,,4183,24,4,,0,30,,4184,24,4,,0,70,,4185,24,4,,0,30,,4186,24,4,,0,70,,4187,24,4,,0,30,,4188,24,4,,0,70,,4189,24,4,,0,30,,4190,24,4,,0,70,,4191,24,4,,0,30,,4192,24,4,,0,70,,4193,24,4,,0,30,,4194,24,4,,0,81,,4196,24,4,,0,85,,4195,24,4,,0,45,,4197,24,4,,0,85,,4200,24,4,,0,85,,4199,24,4,,0,85,,4201,24,4,,0,45,,4198,24,4,,0
9019,'987',850,,4218,24,4,,0,80,,4202,24,4,,0,80,,4203,24,4,,0,42,,4204,24,4,,0,85,,4205,24,4,,0,85,,4206,24,4,,0,85,,4207,24,4,,0,45,,4208,24,4,,0,85,,4209,24,4,,0,85,,4210,24,4,,0,85,,4211,24,4,,0,45,,4212,24,4,,0,85,,4213,24,4,,0,85,,4217,24,4,,0,85,,4219,24,4,,0,45,,4220,24,4,,0,85,,4214,24,4,,0,85,,4215,24,4,,0,85,,4216,24,4,,0
9029,'976',848,,4233,1,,,0,80,,4236,1,,,0,80,,4221,1,,,0,44,,4222,1,,,0,84,,4223,1,,,0,85,,4224,1,,,0,85,,4225,1,,,0,45,,4226,1,,,0,85,,4227,1,,,0,85,,4229,1,,,0,85,,4228,1,,,0,45,,4230,1,,,0,85,,4231,1,,,0,85,,4232,1,,,0,81,,4237,1,,,0,45,,4238,1,,,0,85,,4239,1,,,0,85,,4234,1,,,0,85,,4235,1,,,0
9029,'979',639,,1253,1,,,0,63,,1254,1,,,0,28,,1255,1,,,0,70,,1256,1,,,0,30,,1257,1,,,0,70,,1258,1,,,0,30,,1259,1,,,0,70,,1237,1,,,0,30,,1240,1,,,0,70,,1238,1,,,0,30,,1239,1,,,0,70,,1241,1,,,0,30,,1242,1,,,0,70,,1243,1,,,0,30,,1244,1,,,0,70,,1245,1,,,0,30,,1246,1,,,0,70,,1247,1,,,0,30,,1248,1,,,0,70,,1249,1,,,0,30,,1250,1,,,0,70,,1251,1,,,0,30,,1252,1,,,0,70,,1232,1,,,0,30,,1233,1,,,0,70,,1234,1,,,0,30,,1262,1,,,0,77,,1235,1,,,0,45,,1230,1,,,0,77,,1231,1,,,0,85,,1236,1,,,0,45,,1260,1,,,0,85,,1261,1,,,0
9029,'983',848,,1223,1,,,0,80,,1226,1,,,0,80,,1211,1,,,0,44,,1212,1,,,0,84,,1213,1,,,0,85,,1214,1,,,0,85,,1215,1,,,0,45,,1216,1,,,0,85,,1217,1,,,0,85,,1219,1,,,0,85,,1218,1,,,0,45,,1220,1,,,0,85,,1221,1,,,0,85,,1222,1,,,0,81,,1227,1,,,0,45,,1228,1,,,0,85,,1229,1,,,0,85,,1224,1,,,0,85,,1225,1,,,0
9029,'985',639,,4263,1,,,0,63,,4264,1,,,0,28,,4265,1,,,0,70,,4266,1,,,0,30,,4267,1,,,0,70,,4268,1,,,0,30,,4269,1,,,0,70,,4247,1,,,0,30,,4250,1,,,0,70,,4248,1,,,0,30,,4249,1,,,0,70,,4251,1,,,0,30,,4252,1,,,0,70,,4253,1,,,0,30,,4254,1,,,0,70,,4255,1,,,0,30,,4256,1,,,0,70,,4257,1,,,0,30,,4258,1,,,0,70,,4259,1,,,0,30,,4260,1,,,0,70,,4261,1,,,0,30,,4262,1,,,0,70,,4242,1,,,0,30,,4243,1,,,0,70,,4244,1,,,0,30,,4272,1,,,0,77,,4245,1,,,0,45,,4240,1,,,0,77,,4241,1,,,0,85,,4246,1,,,0,45,,4270,1,,,0,85,,4271,1,,,0
9029,'986',618,,4295,1,,,0,40,,4296,1,,,0,80,,4297,1,,,0,80,,4298,1,,,0,82,,4299,1,,,0,45,,4274,1,,,0,55,,4275,1,,,0,30,,4276,1,,,0,70,,4277,1,,,0,30,,4278,1,,,0,70,,4280,1,,,0,30,,4279,1,,,0,70,,4281,1,,,0,30,,4282,1,,,0,70,,4283,1,,,0,30,,4284,1,,,0,70,,4285,1,,,0,30,,4286,1,,,0,70,,4287,1,,,0,30,,4288,1,,,0,70,,4289,1,,,0,30,,4290,1,,,0,70,,4291,1,,,0,30,,4292,1,,,0,70,,4303,1,,,0,30,,4293,1,,,0,77,,4294,1,,,0,45,,4300,1,,,0,77,,4301,1,,,0,85,,4273,1,,,0,45,,4302,1,,,0,85,,4304,1,,,0
9029,'987',848,,4317,1,,,0,80,,4320,1,,,0,80,,4305,1,,,0,44,,4306,1,,,0,84,,4307,1,,,0,85,,4308,1,,,0,85,,4309,1,,,0,45,,4310,1,,,0,85,,4311,1,,,0,85,,4313,1,,,0,85,,4312,1,,,0,45,,4314,1,,,0,85,,4315,1,,,0,85,,4316,1,,,0,81,,4321,1,,,0,45,,4322,1,,,0,85,,4323,1,,,0,85,,4318,1,,,0,85,,4319,1,,,0
15019,'976',811,,4974,1,,,0,40,,4975,1,,,0,80,,4976,1,,,0,79,,4977,1,,,0,43,,4978,1,,,0,85,,4979,1,,,0,85,,4980,1,,,0,85,,4981,1,,,0,45,,4982,1,,,0,85,,4983,1,,,0,85,,4984,1,,,0,85,,4985,1,,,0,45,,4986,1,,,0,85,,4987,1,,,0,85,,4988,1,,,0,85,,4989,1,,,0,45,,4990,1,,,0,85,,4991,1,,,0,85,,4992,1,,,0,85,,4993,1,,,0
15019,'979',643,,1996,1,,,0,70,,1997,1,,,0,30,,1998,1,,,0,70,,1999,1,,,0,30,,2000,1,,,0,70,,2001,1,,,0,30,,2002,1,,,0,70,,2003,1,,,0,30,,2004,1,,,0,70,,2005,1,,,0,30,,2006,1,,,0,70,,2007,1,,,0,30,,2008,1,,,0,70,,2009,1,,,0,30,,2010,1,,,0,70,,2011,1,,,0,30,,2012,1,,,0,70,,2013,1,,,0,30,,2014,1,,,0,70,,2015,1,,,0,30,,2016,1,,,0,70,,2017,1,,,0,30,,2018,1,,,0,70,,2019,1,,,0,30,,2020,1,,,0,80,,2021,1,,,0,85,,2022,1,,,0,45,,2023,1,,,0,85,,2025,1,,,0,85,,2026,1,,,0,85,,2024,1,,,0
15019,'983',811,,1976,1,,,0,40,,1977,1,,,0,80,,1978,1,,,0,79,,1979,1,,,0,43,,1980,1,,,0,85,,1981,1,,,0,85,,1982,1,,,0,85,,1983,1,,,0,45,,1984,1,,,0,85,,1985,1,,,0,85,,1986,1,,,0,85,,1987,1,,,0,45,,1988,1,,,0,85,,1989,1,,,0,85,,1990,1,,,0,85,,1991,1,,,0,45,,1992,1,,,0,85,,1993,1,,,0,85,,1994,1,,,0,85,,1995,1,,,0
15019,'985',643,,4994,1,,,0,70,,4995,1,,,0,30,,4996,1,,,0,70,,4997,1,,,0,30,,4998,1,,,0,70,,4999,1,,,0,30,,5000,1,,,0,70,,5001,1,,,0,30,,5002,1,,,0,70,,5003,1,,,0,30,,5004,1,,,0,70,,5005,1,,,0,30,,5006,1,,,0,70,,5007,1,,,0,30,,5008,1,,,0,70,,5009,1,,,0,30,,5010,1,,,0,70,,5011,1,,,0,30,,5012,1,,,0,70,,5013,1,,,0,30,,5014,1,,,0,70,,5015,1,,,0,30,,5016,1,,,0,70,,5017,1,,,0,30,,5018,1,,,0,80,,5019,1,,,0,85,,5020,1,,,0,45,,5021,1,,,0,85,,5023,1,,,0,85,,5024,1,,,0,85,,5022,1,,,0
15019,'986',620,,5025,1,,,0,80,,5027,1,,,0,40,,5028,1,,,0,80,,5026,1,,,0,80,,5029,1,,,0,40,,5030,1,,,0,75,,5032,1,,,0,30,,5033,1,,,0,70,,5034,1,,,0,30,,5035,1,,,0,70,,5036,1,,,0,30,,5037,1,,,0,70,,5038,1,,,0,30,,5039,1,,,0,70,,5040,1,,,0,30,,5041,1,,,0,70,,5042,1,,,0,30,,5043,1,,,0,70,,5044,1,,,0,30,,5045,1,,,0,70,,5046,1,,,0,30,,5047,1,,,0,70,,5048,1,,,0,30,,5049,1,,,0,77,,5050,1,,,0,85,,5051,1,,,0,45,,5052,1,,,0,85,,5053,1,,,0,85,,5054,1,,,0,85,,5031,1,,,0
15019,'987',811,,5055,1,,,0,40,,5056,1,,,0,80,,5057,1,,,0,79,,5058,1,,,0,43,,5059,1,,,0,85,,5060,1,,,0,85,,5061,1,,,0,85,,5062,1,,,0,45,,5063,1,,,0,85,,5064,1,,,0,85,,5065,1,,,0,85,,5066,1,,,0,45,,5067,1,,,0,85,,5068,1,,,0,85,,5069,1,,,0,85,,5070,1,,,0,45,,5071,1,,,0,85,,5072,1,,,0,85,,5073,1,,,0,85,,5074,1,,,0
15029,'976',848,,5075,22,4,,0,80,,5076,22,4,,0,80,,5077,22,4,,0,43,,5078,22,4,,0,83,,5079,22,4,,0,85,,5080,22,4,,0,85,,5081,22,4,,0,45,,5082,22,4,,0,85,,5083,22,4,,0,85,,5084,22,4,,0,85,,5085,22,4,,0,45,,5086,22,4,,0,85,,5087,22,4,,0,85,,5088,22,4,,0,81,,5089,22,4,,0,45,,5090,22,4,,0,85,,5091,22,4,,0,85,,5092,22,4,,0,85,,5093,22,4,,0,45,,5094,22,4,,0
15029,'979',702,,2097,22,4,,0,27,,2098,22,4,,0,30,,2099,22,4,,0,70,,2100,22,4,,0,30,,2101,22,4,,0,70,,2102,22,4,,0,30,,2103,22,4,,0,70,,2104,22,4,,0,30,,2105,22,4,,0,70,,2106,22,4,,0,30,,2107,22,4,,0,70,,2108,22,4,,0,30,,2109,22,4,,0,70,,2110,22,4,,0,30,,2111,22,4,,0,70,,2112,22,4,,0,30,,2113,22,4,,0,70,,2114,22,4,,0,30,,2115,22,4,,0,70,,2116,22,4,,0,30,,2117,22,4,,0,70,,2118,22,4,,0,30,,2119,22,4,,0,70,,2120,22,4,,0,30,,2121,22,4,,0,70,,2122,22,4,,0,78,,2123,22,4,,0,45,,2124,22,4,,0,77,,2125,22,4,,0,85,,2127,22,4,,0,45,,2128,22,4,,0,85,,2126,22,4,,0
15029,'983',848,,2077,22,4,,0,80,,2078,22,4,,0,80,,2079,22,4,,0,43,,2080,22,4,,0,83,,2081,22,4,,0,85,,2082,22,4,,0,85,,2083,22,4,,0,45,,2084,22,4,,0,85,,2085,22,4,,0,85,,2086,22,4,,0,85,,2087,22,4,,0,45,,2088,22,4,,0,85,,2089,22,4,,0,85,,2090,22,4,,0,81,,2091,22,4,,0,45,,2092,22,4,,0,85,,2093,22,4,,0,85,,2094,22,4,,0,85,,2095,22,4,,0,45,,2096,22,4,,0
15029,'985',702,,5095,22,4,,0,27,,5096,22,4,,0,30,,5097,22,4,,0,70,,5098,22,4,,0,30,,5099,22,4,,0,70,,5100,22,4,,0,30,,5101,22,4,,0,70,,5102,22,4,,0,30,,5103,22,4,,0,70,,5104,22,4,,0,30,,5105,22,4,,0,70,,5106,22,4,,0,30,,5107,22,4,,0,70,,5108,22,4,,0,30,,5109,22,4,,0,70,,5110,22,4,,0,30,,5111,22,4,,0,70,,5112,22,4,,0,30,,5113,22,4,,0,70,,5114,22,4,,0,30,,5115,22,4,,0,70,,5116,22,4,,0,30,,5117,22,4,,0,70,,5118,22,4,,0,30,,5119,22,4,,0,70,,5120,22,4,,0,78,,5121,22,4,,0,45,,5122,22,4,,0,77,,5123,22,4,,0,85,,5125,22,4,,0,45,,5126,22,4,,0,85,,5124,22,4,,0
15029,'986',657,,5127,22,4,,0,80,,5129,22,4,,0,80,,5130,22,4,,0,40,,5128,22,4,,0,86,,5131,22,4,,0,80,,5132,22,4,,0,35,,5134,22,4,,0,70,,5135,22,4,,0,30,,5136,22,4,,0,70,,5137,22,4,,0,30,,5138,22,4,,0,70,,5139,22,4,,0,30,,5140,22,4,,0,70,,5141,22,4,,0,30,,5142,22,4,,0,70,,5143,22,4,,0,30,,5144,22,4,,0,70,,5145,22,4,,0,30,,5146,22,4,,0,70,,5147,22,4,,0,30,,5148,22,4,,0,70,,5149,22,4,,0,30,,5150,22,4,,0,70,,5151,22,4,,0,77,,5152,22,4,,0,45,,5153,22,4,,0,79,,5154,22,4,,0,85,,5155,22,4,,0,45,,5156,22,4,,0,85,,5133,22,4,,0
15029,'987',848,,5157,22,4,,0,80,,5158,22,4,,0,80,,5159,22,4,,0,43,,5160,22,4,,0,83,,5161,22,4,,0,85,,5162,22,4,,0,85,,5163,22,4,,0,45,,5164,22,4,,0,85,,5165,22,4,,0,85,,5166,22,4,,0,85,,5167,22,4,,0,45,,5168,22,4,,0,85,,5169,22,4,,0,85,,5170,22,4,,0,81,,5171,22,4,,0,45,,5172,22,4,,0,85,,5173,22,4,,0,85,,5174,22,4,,0,85,,5175,22,4,,0,45,,5176,22,4,,0
