14029,'1010',703,,11498,8,,,0,230,,11503,8,,,0,271,,11477,8,,,0,230,,11482,8,,,0,270,,11487,8,,,0,221,,11493,8,,,0,85,,11490,8,,,0,45,,11492,8,,,0,85,,11491,8,,,0,85,,11494,8,,,0,85,,11505,8,,,0
14029,'1011',803,,11500,8,,,0,230,,11474,8,,,0,271,,11479,8,,,0,230,,11484,8,,,0,269,,11489,8,,,0
14029,'1012',803,,12873,8,,,0,230,,12869,8,,,0,271,,12870,8,,,0,230,,12871,8,,,0,269,,12872,8,,,0
14029,'1014',813,,11506,8,,,0,40,,11507,8,,,0,80,,11508,8,,,0,80,,11509,8,,,0,43,,11510,8,,,0,85,,11511,8,,,0,85,,11512,8,,,0,85,,11513,8,,,0,45,,11514,8,,,0,85,,11515,8,,,0,85,,11516,8,,,0,85,,11517,8,,,0,45,,11518,8,,,0,85,,11519,8,,,0,85,,11520,8,,,0,85,,11521,8,,,0,45,,11522,8,,,0,85,,11523,8,,,0,85,,11524,8,,,0,85,,11525,8,,,0
14029,'1015',703,,13653,8,,,0,230,,13654,8,,,0,271,,13645,8,,,0,230,,13646,8,,,0,270,,13647,8,,,0,221,,13651,8,,,0,85,,13648,8,,,0,45,,13650,8,,,0,85,,13649,8,,,0,85,,13652,8,,,0,85,,13655,8,,,0
14029,'1016',623,,13656,8,,,0,80,,13657,8,,,0,40,,13658,8,,,0,80,,13659,8,,,0,80,,13660,8,,,0,40,,13661,8,,,0,260,,13662,8,,,0,231,,13663,8,,,0,270,,13664,8,,,0,221,,13665,8,,,0,85,,13666,8,,,0,45,,13667,8,,,0,85,,13668,8,,,0,85,,13670,8,,,0,85,,13669,8,,,0
14029,'1017',813,,13671,8,,,0,40,,13672,8,,,0,80,,13673,8,,,0,80,,13674,8,,,0,43,,13675,8,,,0,85,,13676,8,,,0,85,,13677,8,,,0,85,,13678,8,,,0,45,,13679,8,,,0,85,,13680,8,,,0,85,,13681,8,,,0,85,,13682,8,,,0,45,,13683,8,,,0,85,,13684,8,,,0,85,,13685,8,,,0,85,,13686,8,,,0,45,,13687,8,,,0,85,,13688,8,,,0,85,,13689,8,,,0,85,,13690,8,,,0
14029,'1018',813,,13691,8,,,0,40,,13692,8,,,0,80,,13693,8,,,0,80,,13694,8,,,0,43,,13695,8,,,0,85,,13696,8,,,0,85,,13697,8,,,0,85,,13698,8,,,0,45,,13699,8,,,0,85,,13700,8,,,0,85,,13701,8,,,0,85,,13702,8,,,0,45,,13703,8,,,0,85,,13704,8,,,0,85,,13705,8,,,0,85,,13706,8,,,0,45,,13707,8,,,0,85,,13708,8,,,0,85,,13709,8,,,0,85,,13710,8,,,0
14029,'994',613,,11496,8,,,0,20,,11497,8,,,0,100,,11499,8,,,0,100,,11501,8,,,0,70,,11502,8,,,0,100,,11473,8,,,0,100,,11475,8,,,0,30,,11476,8,,,0,101,,11478,8,,,0,100,,11480,8,,,0,70,,11481,8,,,0,100,,11483,8,,,0,100,,11485,8,,,0,30,,11486,8,,,0,100,,11488,8,,,0,99,,11495,8,,,0,70,,11504,8,,,0
14029,'995',1003,,11532,8,,,0,30,,11533,8,,,0,70,,11534,8,,,0,30,,11535,8,,,0,100,,11537,8,,,0,70,,11538,8,,,0,30,,11539,8,,,0,71,,11540,8,,,0,100,,11542,8,,,0,30,,11543,8,,,0,70,,11544,8,,,0,30,,11545,8,,,0,100,,11547,8,,,0,69,,11548,8,,,0,30,,11549,8,,,0,70,,11555,8,,,0
