30003019,'1021',637,,12193,20,,,0,66,,12194,20,,,0,130,,12197,20,,,0,70,,12198,20,,,0,30,,12199,20,,,0,170,,12171,20,,,0,30,,12172,20,,,0,70,,12173,20,,,0,130,,12176,20,,,0,70,,12177,20,,,0,30,,12178,20,,,0,170,,12181,20,,,0,30,,12182,20,,,0,70,,12183,20,,,0,129,,12187,20,,,0,70,,12186,20,0,9,0,30,,12192,20,,,0,85,,12190,20,,,0,85,,12189,20,,,0,45,,12191,20,,,0,85,,12188,20,,,0,85,,12201,20,0,7 8,0
30003019,'1022',733,,12195,20,,,0,70,,14019,20,,,0,200,,12200,20,,,0,28,,14015,20,,,0,202,,12174,20,,,0,70,,14016,20,,,0,200,,12179,20,,,0,30,,14017,20,,,0,200,,12184,20,,,0,70,,14018,20,,,0
30003019,'1024',859,,12202,20,,,0,80,,12203,20,,,0,80,,12204,20,,,0,40,,12205,20,,,0,87,,12206,20,,,0,88,,12207,20,,,0,85,,12208,20,,,0,85,,12209,20,,,0,45,,12210,20,,,0,85,,12211,20,,,0,85,,12212,20,,,0,85,,12213,20,,,0,45,,12214,20,,,0,85,,12215,20,,,0,85,,12216,20,,,0,85,,12217,20,,,0,45,,12218,20,,,0,85,,12219,20,,,0,85,,12221,20,0,9,0,82,,12220,20,0,9,0
30003019,'1025',637,,15337,20,,,0,66,,15338,20,,,0,30,,15339,20,,,0,70,,15340,20,,,0,30,,15341,20,,,0,70,,15342,20,,,0,30,,15343,20,,,0,70,,15344,20,,,0,28,,15314,20,,,0,72,,15315,20,,,0,30,,15316,20,,,0,70,,15317,20,,,0,30,,15318,20,,,0,70,,15319,20,,,0,30,,15320,20,,,0,70,,15321,20,,,0,30,,15322,20,,,0,70,,15323,20,,,0,30,,15324,20,,,0,70,,15325,20,,,0,30,,15326,20,,,0,70,,15327,20,,,0,30,,15328,20,,,0,70,,15329,20,,,0,29,,15331,20,,,0,70,,15330,20,0,9,0,30,,15336,20,,,0,85,,15334,20,,,0,85,,15333,20,,,0,45,,15335,20,,,0,85,,15332,20,,,0,85,,15345,20,0,7 8,0
30003019,'1026',634,,15346,20,,,0,75,,15347,20,,,0,40,,15348,20,,,0,80,,15349,20,,,0,80,,15350,20,,,0,40,,15351,20,,,0,82,,15352,20,,,0,72,,15353,20,,,0,30,,15354,20,,,0,70,,15355,20,,,0,30,,15356,20,,,0,70,,15357,20,,,0,30,,15358,20,,,0,70,,15359,20,,,0,30,,15360,20,,,0,70,,15361,20,,,0,30,,15362,20,,,0,70,,15363,20,,,0,30,,15364,20,,,0,70,,15365,20,,,0,30,,15366,20,,,0,70,,15367,20,,,0,27,,15368,20,,,0,28,,15369,20,0,9,0,70,,15375,20,,,0,85,,15370,20,,,0,45,,15371,20,,,0,88,,15372,20,,,0,85,,15373,20,,,0,82,,15374,20,0,9,0
30003019,'1027',859,,15376,20,,,0,80,,15377,20,,,0,80,,15378,20,,,0,40,,15379,20,,,0,87,,15380,20,,,0,88,,15381,20,,,0,85,,15382,20,,,0,85,,15383,20,,,0,45,,15384,20,,,0,85,,15385,20,,,0,85,,15386,20,,,0,85,,15387,20,,,0,45,,15388,20,,,0,85,,15389,20,,,0,85,,15390,20,,,0,85,,15391,20,,,0,45,,15392,20,,,0,85,,15393,20,,,0,85,,15395,20,0,9,0,82,,15394,20,0,9,0
30003019,'996',859,,15396,20,,,0,80,,15397,20,,,0,80,,15398,20,,,0,40,,15399,20,,,0,87,,15400,20,,,0,88,,15401,20,,,0,85,,15402,20,,,0,85,,15403,20,,,0,45,,15404,20,,,0,85,,15405,20,,,0,85,,15406,20,,,0,85,,15407,20,,,0,45,,15408,20,,,0,85,,15409,20,,,0,85,,15410,20,,,0,85,,15411,20,,,0,45,,15412,20,,,0,85,,15413,20,,,0,85,,15415,20,0,9,0,82,,15414,20,0,9,0
100003019,'1021',647,,12391,12,,,0,101,,12393,14,,,0,70,,12394,14,,,0,100,,12396,14,,,0,100,,12374,14,,,0,30,,12375,14,,,0,100,,12377,14,,,0,100,,12379,14,,,0,70,,12380,14,,,0,100,,12382,14,,,0,100,,12384,14,,,0,30,,12385,14,,,0,100,,12387,14,,,0,100,,12389,14,,,0,70,,12390,14,,,0,100,,12399,14,0,9,0
100003019,'1022',718,,12392,14,,,0,130,,14038,14,,,0,100,,12397,14,,,0,170,,14035,14,,,0,100,,12378,14,,,0,130,,14036,14,,,0,100,,12383,14,,,0,170,,14037,14,,,0,100,,12388,14,,,0,130,,14039,14,,,0
100003019,'1025',647,,15535,12,,,0,71,,15536,14,,,0,30,,15537,14,,,0,70,,15538,14,,,0,30,,15539,14,,,0,70,,15540,14,,,0,30,,15541,14,,,0,70,,15518,14,,,0,30,,15519,14,,,0,70,,15520,14,,,0,30,,15521,14,,,0,70,,15522,14,,,0,30,,15523,14,,,0,70,,15524,14,,,0,30,,15525,14,,,0,70,,15526,14,,,0,30,,15527,14,,,0,70,,15528,14,,,0,30,,15529,14,,,0,70,,15530,14,,,0,30,,15531,14,,,0,70,,15532,14,,,0,30,,15533,14,,,0,70,,15534,14,,,0,30,,15542,14,,,0,70,,15543,14,0,9,0
100003019,'1026',1018,,15544,14,,,0,30,,15545,14,,,0,70,,15546,14,,,0,30,,15547,14,,,0,70,,15548,14,,,0,30,,15549,14,,,0,70,,15550,14,,,0,30,,15551,14,,,0,70,,15552,14,,,0,30,,15553,14,,,0,70,,15554,14,,,0,30,,15555,14,,,0,70,,15556,14,,,0,30,,15557,14,,,0,70,,15558,14,,,0,30,,15559,14,,,0,70,,15560,14,,,0,30,,15561,14,,,0,70,,15562,14,0,9,0
