5029,'1002',650,,6966,10,,,0,70,,6967,10,,,0,30,,6968,10,,,0,69,,6969,10,,,0,31,,6970,10,,,0,70,,6971,10,,,0,30,,6972,10,,,0,70,,6950,10,,,0,30,,6951,10,,,0,70,,6952,10,,,0,30,,6953,10,,,0,70,,6954,10,,,0,30,,6955,10,,,0,70,,6956,10,,,0,30,,6957,10,,,0,70,,6958,10,,,0,30,,6959,10,,,0,70,,6960,10,,,0,30,,6961,10,,,0,70,,6962,10,,,0,30,,6963,10,,,0,70,,6964,10,,,0,30,,6965,10,,,0,70,,6943,10,,,0,30,,6944,10,,,0,84,,6945,10,,,0,84,,6946,10,,,0,86,,6947,10,,,0,45,,6948,10,,,0,85,,6949,10,,,0,85,,6973,10,,,0
5029,'1003',650,,10282,10,,,0,70,,10283,10,,,0,30,,10284,10,,,0,69,,10285,10,,,0,31,,10286,10,,,0,70,,10287,10,,,0,30,,10288,10,,,0,70,,10266,10,,,0,30,,10267,10,,,0,70,,10268,10,,,0,30,,10269,10,,,0,70,,10270,10,,,0,30,,10271,10,,,0,70,,10272,10,,,0,30,,10273,10,,,0,70,,10274,10,,,0,30,,10275,10,,,0,70,,10276,10,,,0,30,,10277,10,,,0,70,,10278,10,,,0,30,,10279,10,,,0,70,,10280,10,,,0,30,,10281,10,,,0,70,,10259,10,,,0,30,,10260,10,,,0,84,,10261,10,,,0,84,,10262,10,,,0,86,,10263,10,,,0,45,,10264,10,,,0,85,,10265,10,,,0,85,,10289,10,,,0
5029,'1004',900,,10290,10,,,0,40,,10291,10,,,0,80,,10292,10,,,0,85,,10293,10,,,0,45,,10294,10,,,0,85,,10295,10,,,0,85,,10296,10,,,0,85,,10297,10,,,0,45,,10298,10,,,0,85,,10299,10,,,0,85,,10300,10,,,0,85,,10301,10,,,0,45,,10302,10,,,0,85,,10303,10,,,0,85,,10304,10,,,0,85,,10305,10,,,0,45,,10306,10,,,0,85,,10307,10,,,0,85,,10308,10,,,0,85,,10309,10,,,0
5029,'995',630,,10310,10,,,0,80,,10311,10,,,0,40,,10312,10,,,0,80,,10313,10,,,0,80,,10314,10,,,0,40,,10315,10,,,0,70,,10316,10,,,0,30,,10317,10,,,0,70,,10318,10,,,0,30,,10319,10,,,0,70,,10320,10,,,0,30,,10321,10,,,0,70,,10322,10,,,0,30,,10323,10,,,0,70,,10324,10,,,0,30,,10325,10,,,0,70,,10326,10,,,0,30,,10327,10,,,0,70,,10328,10,,,0,30,,10329,10,,,0,70,,10330,10,,,0,30,,10331,10,,,0,70,,10332,10,,,0,30,,10333,10,,,0,84,,10334,10,,,0,84,,10335,10,,,0,86,,10336,10,,,0,45,,10337,10,,,0,85,,10339,10,,,0,85,,10338,10,,,0
5029,'996',900,,10340,10,,,0,40,,10341,10,,,0,80,,10342,10,,,0,85,,10343,10,,,0,45,,10344,10,,,0,85,,10345,10,,,0,85,,10346,10,,,0,85,,10347,10,,,0,45,,10348,10,,,0,85,,10349,10,,,0,85,,10350,10,,,0,85,,10351,10,,,0,45,,10352,10,,,0,85,,10353,10,,,0,85,,10354,10,,,0,85,,10355,10,,,0,45,,10356,10,,,0,85,,10357,10,,,0,85,,10358,10,,,0,85,,10359,10,,,0
10029,'1002',649,,7781,15,,,0,68,,7782,15,,,0,30,,7783,15,,,0,70,,7784,15,,,0,30,,7785,15,,,0,70,,7786,15,,,0,30,,7787,15,,,0,70,,7758,15,,,0,30,,7759,15,,,0,70,,7760,15,,,0,30,,7761,15,,,0,70,,7762,15,,,0,30,,7763,15,,,0,70,,7764,15,,,0,30,,7765,15,,,0,70,,7766,15,,,0,30,,7767,15,,,0,70,,7768,15,,,0,30,,7769,15,,,0,70,,7770,15,,,0,30,,7771,15,,,0,70,,7772,15,,,0,30,,7773,15,,,0,69,,7774,15,,,0,28,,7780,15,,,0,70,,7788,15,,,0,37,,7778,15,,,0,85,,7779,15,,,0,85,,7777,15,,,0,85,,7775,15,,,0,45,,7776,15,0,9,0,83,,7789,15,0,7 8,0
10029,'1003',649,,11090,15,,,0,68,,11091,15,,,0,30,,11092,15,,,0,70,,11093,15,,,0,30,,11094,15,,,0,70,,11095,15,,,0,30,,11096,15,,,0,70,,11067,15,,,0,30,,11068,15,,,0,70,,11069,15,,,0,30,,11070,15,,,0,70,,11071,15,,,0,30,,11072,15,,,0,70,,11073,15,,,0,30,,11074,15,,,0,70,,11075,15,,,0,30,,11076,15,,,0,70,,11077,15,,,0,30,,11078,15,,,0,70,,11079,15,,,0,30,,11080,15,,,0,70,,11081,15,,,0,30,,11082,15,,,0,69,,11083,15,,,0,28,,11089,15,,,0,70,,11097,15,0,7 8,0,37,,11087,15,,,0,85,,11088,15,,,0,85,,11086,15,,,0,85,,11084,15,,,0,45,,11085,15,0,9,0,83,,11098,15,0,7 8,0
10029,'1004',837,,11099,15,,,0,80,,11100,15,,,0,40,,11101,15,,,0,80,,11102,15,,,0,83,,11103,15,,,0,90,,11104,15,,,0,44,,11105,15,,,0,85,,11106,15,,,0,85,,11107,15,,,0,85,,11108,15,,,0,45,,11109,15,,,0,85,,11110,15,,,0,85,,11111,15,,,0,85,,11112,15,,,0,45,,11113,15,,,0,85,,11114,15,,,0,85,,11115,15,,,0,85,,11116,15,,,0,45,,11117,15,,,0,85,,11118,15,0,7 8,0
10029,'995',649,,11119,15,,,0,80,,11120,15,,,0,80,,11121,15,,,0,40,,11122,15,,,0,80,,11123,15,,,0,82,,11124,15,,,0,33,,11125,15,,,0,70,,11126,15,,,0,30,,11127,15,,,0,70,,11128,15,,,0,30,,11129,15,,,0,70,,11130,15,,,0,30,,11131,15,,,0,71,,11132,15,,,0,31,,11133,15,,,0,70,,11134,15,,,0,30,,11135,15,,,0,70,,11136,15,,,0,30,,11137,15,,,0,70,,11138,15,,,0,30,,11139,15,,,0,69,,11140,15,,,0,30,,11141,15,,,0,70,,11142,15,,,0,37,,11143,15,,,0,85,,11144,15,0,7 8,0,85,,11145,15,,,0,85,,11146,15,,,0,45,,11147,15,0,9,0,85,,11148,15,0,7 8,0
10029,'996',837,,11149,15,,,0,80,,11150,15,,,0,40,,11151,15,,,0,80,,11152,15,,,0,83,,11153,15,,,0,90,,11154,15,,,0,44,,11155,15,,,0,85,,11156,15,,,0,85,,11157,15,,,0,85,,11158,15,,,0,45,,11159,15,,,0,85,,11160,15,,,0,85,,11161,15,,,0,85,,11162,15,,,0,45,,11163,15,,,0,85,,11164,15,,,0,85,,11165,15,,,0,85,,11166,15,,,0,45,,11167,15,,,0,85,,11168,15,0,7 8,0
