7029,'990',624,,3861,14,,,0,30,,3862,14,,,0,70,,3863,14,,,0,30,,3864,14,,,0,70,,3865,14,,,0,30,,3866,14,,,0,70,,3867,14,,,0,30,,3868,14,,,0,70,,3860,14,,,0,30,,3852,14,,,0,70,,3859,14,,,0,30,,3847,14,,,0,70,,3858,14,,,0,30,,3851,14,,,0,70,,3857,14,,,0,30,,3846,14,,,0,70,,3856,14,,,0,30,,3850,14,,,0,70,,3855,14,,,0,30,,3845,14,,,0,70,,3854,14,,,0,30,,3849,14,,,0,70,,3853,14,,,0,30,,3848,14,,,0,70,,3838,14,,,0,30,,3839,14,,,0,70,,3840,14,,,0,85,,3841,14,,,0,45,,3842,14,,,0,85,,3843,14,,,0,85,,3844,14,,,0,85,,3869,14,,,0
7029,'991',629,,3870,14,,,0,80,,3871,14,,,0,40,,3872,14,,,0,80,,3873,14,,,0,80,,3874,14,,,0,40,,3875,14,,,0,75,,3876,14,,,0,30,,3877,14,,,0,70,,3878,14,,,0,30,,3879,14,,,0,70,,3880,14,,,0,30,,3881,14,,,0,70,,3882,14,,,0,30,,3883,14,,,0,70,,3884,14,,,0,30,,3885,14,,,0,70,,3886,14,,,0,30,,3887,14,,,0,70,,3888,14,,,0,30,,3889,14,,,0,70,,3890,14,,,0,30,,3891,14,,,0,70,,3892,14,,,0,30,,3893,14,,,0,70,,3894,14,,,0,85,,3895,14,,,0,45,,3896,14,,,0,85,,3897,14,,,0,85,,3898,14,,,0,85,,3899,14,,,0
7029,'992',859,,3900,14,,,0,78,,3901,14,,,0,80,,3902,14,,,0,40,,3903,14,,,0,85,,3904,14,,,0,85,,3905,14,,,0,85,,3906,14,,,0,45,,3907,14,,,0,85,,3908,14,,,0,85,,3909,14,,,0,85,,3910,14,,,0,45,,3911,14,,,0,85,,3912,14,,,0,85,,3913,14,,,0,85,,3914,14,,,0,45,,3915,14,,,0,85,,3916,14,,,0,85,,3917,14,,,0,82,,3918,14,,,0
9029,'990',657,,4263,25,,,0,68,,4264,25,,,0,28,,4265,25,,,0,70,,4266,25,,,0,30,,4267,25,,,0,70,,4268,25,,,0,30,,4269,25,,,0,70,,4247,25,,,0,30,,4250,25,,,0,70,,4248,25,,,0,30,,4249,25,,,0,70,,4251,25,,,0,30,,4252,25,,,0,70,,4253,25,,,0,30,,4254,25,,,0,70,,4255,25,,,0,30,,4256,25,,,0,70,,4257,25,,,0,30,,4258,25,,,0,70,,4259,25,,,0,30,,4260,25,,,0,70,,4261,25,,,0,30,,4262,25,,,0,70,,4242,25,,,0,30,,4243,25,,,0,67,,4244,25,,,0,30,,4272,25,,,0,77,,4245,25,,,0,85,,4240,25,,,0,37,,4241,25,,,0,85,,4246,25,,,0,85,,4270,25,,,0,85,,4271,25,,,0
9029,'991',635,,4295,25,,,0,80,,4296,25,,,0,40,,4297,25,,,0,80,,4298,25,,,0,82,,4299,25,,,0,85,,4274,25,,,0,18,,4275,25,,,0,30,,4276,25,,,0,70,,4277,25,,,0,30,,4278,25,,,0,70,,4280,25,,,0,30,,4279,25,,,0,70,,4281,25,,,0,30,,4282,25,,,0,71,,4283,25,,,0,30,,4284,25,,,0,70,,4285,25,,,0,30,,4286,25,,,0,70,,4287,25,,,0,30,,4288,25,,,0,70,,4289,25,,,0,30,,4290,25,,,0,70,,4291,25,,,0,30,,4292,25,,,0,68,,4303,25,,,0,30,,4293,25,,,0,77,,4294,25,,,0,85,,4300,25,,,0,37,,4301,25,,,0,85,,4273,25,,,0,85,,4302,25,,,0,85,,4304,25,,,0
9029,'992',906,,4317,25,,,0,40,,4320,25,,,0,80,,4305,25,,,0,85,,4306,25,,,0,44,,4307,25,,,0,85,,4308,25,,,0,85,,4309,25,,,0,85,,4310,25,,,0,45,,4311,25,,,0,85,,4313,25,,,0,85,,4312,25,,,0,85,,4314,25,,,0,45,,4315,25,,,0,85,,4316,25,,,0,81,,4321,25,,,0,85,,4322,25,,,0,45,,4323,25,,,0,85,,4318,25,,,0,85,,4319,25,,,0
30003019,'990',638,,5691,28,,,0,69,,5692,28,,,0,30,,5693,28,,,0,71,,5694,28,,,0,30,,5695,28,,,0,70,,5696,28,,,0,30,,5697,28,,,0,70,,5698,28,,,0,27,,5668,28,,,0,73,,5669,28,,,0,30,,5670,28,,,0,70,,5671,28,,,0,30,,5672,28,,,0,70,,5673,28,,,0,30,,5674,28,,,0,70,,5675,28,,,0,30,,5676,28,,,0,70,,5677,28,,,0,30,,5678,28,,,0,70,,5679,28,,,0,30,,5680,28,,,0,70,,5681,28,,,0,30,,5682,28,,,0,70,,5683,28,,,0,29,,5685,28,,,0,70,,5684,28,0,9,0,30,,5690,28,,,0,85,,5688,28,,,0,85,,5687,28,,,0,45,,5689,28,,,0,85,,5686,28,,,0,85,,5699,28,0,7 8,0
30003019,'991',638,,5700,28,,,0,75,,5701,28,,,0,40,,5702,28,,,0,80,,5703,28,,,0,80,,5704,28,,,0,40,,5705,28,,,0,82,,5706,28,,,0,73,,5707,28,,,0,30,,5708,28,,,0,70,,5709,28,,,0,30,,5710,28,,,0,70,,5711,28,,,0,30,,5712,28,,,0,70,,5713,28,,,0,30,,5714,28,,,0,70,,5715,28,,,0,30,,5716,28,,,0,70,,5717,28,,,0,30,,5718,28,,,0,70,,5719,28,,,0,30,,5720,28,,,0,70,,5721,28,,,0,27,,5722,28,,,0,67,,5723,28,0,9,0,30,,5729,28,,,0,85,,5724,28,,,0,85,,5725,28,,,0,48,,5726,28,,,0,85,,5727,28,,,0,82,,5728,28,0,9,0
30003019,'992',903,,5730,28,,,0,40,,5731,28,,,0,80,,5732,28,,,0,80,,5733,28,,,0,48,,5734,28,,,0,88,,5735,28,,,0,85,,5736,28,,,0,85,,5737,28,,,0,45,,5738,28,,,0,85,,5739,28,,,0,85,,5740,28,,,0,85,,5741,28,,,0,45,,5742,28,,,0,85,,5743,28,,,0,85,,5744,28,,,0,85,,5745,28,,,0,45,,5746,28,,,0,85,,5747,28,,,0,85,,5749,28,0,9,0,85,,5748,28,0,9,0
100003019,'990',652,,5869,20,,,0,71,,5870,22,,,0,30,,5871,22,,,0,70,,5872,22,,,0,30,,5873,22,,,0,70,,5874,22,,,0,30,,5875,22,,,0,70,,5852,22,,,0,30,,5853,22,,,0,70,,5854,22,,,0,30,,5855,22,,,0,70,,5856,22,,,0,30,,5857,22,,,0,70,,5858,22,,,0,30,,5859,22,,,0,70,,5860,22,,,0,30,,5861,22,,,0,70,,5862,22,,,0,30,,5863,22,,,0,70,,5864,22,,,0,30,,5865,22,,,0,70,,5866,22,,,0,30,,5867,22,,,0,70,,5868,22,,,0,30,,5876,22,,,0,70,,5877,22,0,9,0
100003019,'991',1023,,5878,22,,,0,30,,5879,22,,,0,70,,5880,22,,,0,30,,5881,22,,,0,70,,5882,22,,,0,30,,5883,22,,,0,70,,5884,22,,,0,30,,5885,22,,,0,70,,5886,22,,,0,30,,5887,22,,,0,70,,5888,22,,,0,30,,5889,22,,,0,70,,5890,22,,,0,30,,5891,22,,,0,70,,5892,22,,,0,30,,5893,22,,,0,70,,5894,22,,,0,30,,5895,22,,,0,70,,5896,22,0,9,0
