13019,'1004',842,,11263,21,,,0,80,,11264,21,,,0,80,,11265,21,,,0,40,,11266,21,,,0,86,,11267,21,,,0,85,,11268,21,,,0,45,,11269,21,,,0,85,,11270,21,,,0,85,,11271,21,,,0,85,,11272,21,,,0,45,,11273,21,,,0,85,,11274,21,,,0,85,,11275,21,,,0,85,,11276,21,,,0,45,,11277,21,,,0,85,,11278,21,,,0,84,,11279,21,,,0,85,,11280,21,,,0,45,,11281,21,,,0
13019,'994',1914,,11262,21,,,0,45,,11257,21,,,0,85,,11258,21,,,0,85,,11260,21,,,0,83,,11259,21,,,0,45,,11261,21,,,0
13019,'995',611,,11282,21,,,0,40,,11283,21,,,0,80,,11284,21,,,0,80,,11285,21,,,0,41,,11286,21,,,0,80,,11287,21,,,0,982,,11288,21,,,0,45,,11289,21,,,0,85,,11290,21,,,0,85,,11291,21,,,0,85,,11292,21,,,0,45,,11293,21,,,0
13019,'996',842,,11294,21,,,0,80,,11295,21,,,0,80,,11296,21,,,0,40,,11297,21,,,0,86,,11298,21,,,0,85,,11299,21,,,0,45,,11300,21,,,0,85,,11301,21,,,0,85,,11302,21,,,0,85,,11303,21,,,0,45,,11304,21,,,0,85,,11305,21,,,0,85,,11306,21,,,0,85,,11307,21,,,0,45,,11308,21,,,0,85,,11309,21,,,0,84,,11310,21,,,0,85,,11311,21,,,0,45,,11312,21,,,0
100003029,'1010',830,,12440,23,,,0,270,,12420,23,,,0,230,,12425,23,,,0,270,,12430,23,,,0,230,,12444,23,,,0
100003029,'1011',658,,12437,23,,,0,272,,12442,23,,,0,270,,12422,23,,,0,230,,12427,23,,,0,270,,12432,23,,,0
100003029,'1012',658,,12892,23,,,0,272,,12893,23,,,0,270,,12889,23,,,0,230,,12890,23,,,0,270,,12891,23,,,0
100003029,'1015',830,,14047,23,,,0,270,,14044,23,,,0,230,,14045,23,,,0,270,,14046,23,,,0,230,,14048,23,,,0
100003029,'1016',1100,,14049,23,,,0,230,,14050,23,,,0,270,,14051,23,,,0,230,,14052,23,,,0
100003029,'994',633,,12436,23,,,0,95,,12438,23,,,0,72,,12439,23,,,0,100,,12441,23,,,0,100,,12435,23,,,0,30,,12419,23,,,0,100,,12421,23,,,0,100,,12423,23,,,0,70,,12424,23,,,0,100,,12426,23,,,0,100,,12428,23,,,0,30,,12429,23,,,0,100,,12431,23,,,0,100,,12433,23,,,0,70,,12434,23,,,0,100,,12443,23,,,0
100003029,'995',1000,,12461,23,,,0,30,,12445,23,,,0,100,,12447,23,,,0,70,,12448,23,,,0,30,,12449,23,,,0,70,,12450,23,,,0,100,,12452,23,,,0,30,,12453,23,,,0,70,,12454,23,,,0,30,,12455,23,,,0,100,,12457,23,,,0,70,,12458,23,,,0,30,,12459,23,,,0,70,,12460,23,,,0,100,,12463,23,,,0
