11029,'994',602,,11230,6,,,0,30,,11231,6,,,0,70,,11232,6,,,0,30,,11233,6,,,0,70,,11234,6,,,0,30,,11235,6,,,0,70,,11236,6,,,0,30,,11229,6,,,0,70,,11213,6,,,0,30,,11214,6,,,0,70,,11215,6,,,0,30,,11216,6,,,0,70,,11217,6,,,0,30,,11218,6,,,0,70,,11219,6,,,0,30,,11220,6,,,0,70,,11221,6,,,0,30,,11222,6,,,0,70,,11223,6,,,0,30,,11224,6,,,0,70,,11225,6,,,0,30,,11226,6,,,0,70,,11227,6,,,0,30,,11228,6,,,0,70,,11238,6,,,0,30,,11237,6,,,0
11029,'995',1002,,11239,6,,,0,30,,11240,6,,,0,70,,11241,6,,,0,30,,11242,6,,,0,70,,11243,6,,,0,30,,11244,6,,,0,70,,11245,6,,,0,30,,11246,6,,,0,70,,11247,6,,,0,30,,11248,6,,,0,70,,11249,6,,,0,30,,11250,6,,,0,70,,11251,6,,,0,30,,11252,6,,,0,70,,11253,6,,,0,30,,11254,6,,,0,70,,11255,6,,,0,30,,11256,6,,,0
13019,'1017',832,,11263,6,,,0,80,,11264,6,,,0,40,,11265,6,,,0,80,,11266,6,,,0,85,,11267,6,,,0,85,,11268,6,,,0,45,,11269,6,,,0,85,,11270,6,,,0,85,,11271,6,,,0,85,,11272,6,,,0,45,,11273,6,,,0,85,,11274,6,,,0,85,,11275,6,,,0,85,,11276,6,,,0,45,,11277,6,,,0,85,,11278,6,,,0,85,,11279,6,,,0,85,,11280,6,,,0,45,,11281,6,,,0
13019,'994',1903,,11262,6,,,0,45,,11257,6,,,0,85,,11258,6,,,0,85,,11260,6,,,0,84,,11259,6,,,0,45,,11261,6,,,0
13019,'995',602,,11282,6,,,0,40,,11283,6,,,0,80,,11284,6,,,0,80,,11285,6,,,0,40,,11286,6,,,0,80,,11287,6,,,0,981,,11288,6,,,0,45,,11289,6,,,0,85,,11290,6,,,0,85,,11291,6,,,0,85,,11292,6,,,0,45,,11293,6,,,0
13019,'996',832,,11294,6,,,0,80,,11295,6,,,0,40,,11296,6,,,0,80,,11297,6,,,0,85,,11298,6,,,0,85,,11299,6,,,0,45,,11300,6,,,0,85,,11301,6,,,0,85,,11302,6,,,0,85,,11303,6,,,0,45,,11304,6,,,0,85,,11305,6,,,0,85,,11306,6,,,0,85,,11307,6,,,0,45,,11308,6,,,0,85,,11309,6,,,0,85,,11310,6,,,0,85,,11311,6,,,0,45,,11312,6,,,0
130003019,'1021',613,,12507,5,0,13,0,15,,12508,5,,,0,20,,12509,5,,,0,55,,12510,5,0,13,0,15,,12511,5,,,0,85,,12514,5,0,13,0,30,,12516,5,0,13,0,15,,12517,5,,,0,70,,12519,5,,,0,15,,12520,5,0,13,0,15,,12506,5,,,0,85,,12466,5,0,13,0,70,,12468,5,0,13,0,15,,12469,5,,,0,30,,12471,5,,,0,55,,12472,5,0,13,0,15,,12473,5,,,0,85,,12476,5,0,13,0,30,,12478,5,0,13,0,15,,12479,5,,,0,70,,12481,5,,,0,15,,12482,5,0,13,0,15,,12483,5,,,0,85,,12486,5,0,13,0,70,,12488,5,0,13,0,15,,12489,5,,,0,30,,12491,5,,,0,55,,12492,5,0,13,0,15,,12493,5,,,0,85,,12501,5,0,13,0,30,,12499,5,0,13,0,15,,12504,5,,,0,100,,12496,5,,,0,85,,12502,5,,,0,85,,12500,5,,,0,85,,12498,5,,,0,45,,12525,5,,,0,85,,12524,5,0,7 8,0,80,,12526,5,0,7 8,0
130003019,'1022',733,,12512,5,0,13,0,15,,12513,5,,,0,70,,14061,5,,,0,85,,14062,5,0,13,0,100,,12464,5,0,13,0,15,,12465,5,,,0,30,,14053,5,,,0,85,,14054,5,0,13,0,100,,12474,5,0,13,0,15,,12475,5,,,0,70,,14055,5,,,0,85,,14056,5,0,13,0,100,,12484,5,0,13,0,15,,12485,5,,,0,30,,14057,5,,,0,85,,14058,5,0,13,0,100,,12494,5,0,13,0,15,,12495,5,,,0,70,,14060,5,,,0,85,,14059,5,0,13,0,23,,12505,5,0,7 8,0,85,,12521,5,0,7 8,0,45,,12522,5,0,7 8,0,85,,12523,5,0,7 8,0
130003019,'1024',753,,12527,5,,,0,60,,12559,5,0,7 8,0,20,,12528,5,,,0,20,,12553,5,0,7 8,0,60,,12529,5,,,0,20,,12556,5,0,7 8,0,20,,12530,5,,,0,60,,12554,5,0,7 8,0,20,,12531,5,,,0,23,,12557,5,0,7 8,0,62,,12532,5,,,0,23,,12555,5,0,7 8,0,62,,12533,5,,,0,23,,12558,5,0,7 8,0,22,,12534,5,,,0,63,,12535,5,0,7 8,0,22,,12536,5,,,0,23,,12537,5,0,7 8,0,62,,12538,5,,,0,23,,12539,5,0,7 8,0,62,,12540,5,,,0,23,,12541,5,0,7 8,0,22,,12542,5,,,0,63,,12543,5,0,7 8,0,22,,12544,5,,,0,23,,12545,5,0,7 8,0,62,,12546,5,,,0,23,,12547,5,0,7 8,0,62,,12548,5,,,0,23,,12561,5,0,7 8,0,22,,12560,5,,,0,85,,12549,5,,,0,85,,12550,5,,,0,85,,12551,5,,,0,45,,12562,5,,,0,85,,12552,5,0,7 8,0
130003019,'1025',613,,15651,5,0,13,0,15,,15652,5,,,0,20,,15653,5,,,0,55,,15654,5,0,13,0,15,,15655,5,,,0,15,,15656,5,0,13,0,15,,15657,5,,,0,55,,15658,5,0,13,0,15,,15659,5,,,0,15,,15660,5,0,13,0,15,,15661,5,,,0,55,,15662,5,0,13,0,15,,15663,5,,,0,15,,15664,5,0,13,0,15,,15650,5,,,0,55,,15608,5,0,13,0,15,,15609,5,,,0,15,,15610,5,0,13,0,15,,15611,5,,,0,55,,15612,5,0,13,0,15,,15613,5,,,0,15,,15614,5,0,13,0,15,,15615,5,,,0,55,,15616,5,0,13,0,15,,15617,5,,,0,15,,15618,5,0,13,0,15,,15619,5,,,0,55,,15620,5,0,13,0,15,,15621,5,,,0,15,,15622,5,0,13,0,15,,15623,5,,,0,55,,15624,5,0,13,0,15,,15625,5,,,0,15,,15626,5,0,13,0,15,,15627,5,,,0,55,,15628,5,0,13,0,15,,15629,5,,,0,15,,15630,5,0,13,0,15,,15631,5,,,0,55,,15632,5,0,13,0,15,,15633,5,,,0,15,,15634,5,0,13,0,15,,15635,5,,,0,55,,15636,5,0,13,0,15,,15637,5,,,0,15,,15638,5,0,13,0,15,,15639,5,,,0,55,,15645,5,0,13,0,15,,15647,5,,,0,15,,15643,5,0,13,0,15,,15648,5,,,0,55,,15641,5,0,13,0,23,,15649,5,0,7 8,0,22,,15640,5,,,0,63,,15665,5,0,7 8,0,22,,15646,5,,,0,23,,15666,5,0,7 8,0,62,,15644,5,,,0,23,,15667,5,0,7 8,0,62,,15642,5,,,0,45,,15669,5,,,0,85,,15668,5,0,7 8,0,80,,15670,5,0,7 8,0
130003019,'1026',603,,15671,5,,,0,20,,15672,5,0,7 8,0,20,,15673,5,,,0,60,,15674,5,0,7 8,0,20,,15675,5,,,0,20,,15676,5,0,7 8,0,60,,15677,5,,,0,20,,15678,5,0,7 8,0,20,,15679,5,,,0,60,,15680,5,0,7 8,0,20,,15681,5,,,0,20,,15682,5,0,13,0,60,,15683,5,0,13,0,15,,15684,5,,,0,15,,15685,5,0,13,0,15,,15686,5,,,0,55,,15687,5,0,13,0,15,,15688,5,,,0,15,,15689,5,0,13,0,15,,15690,5,,,0,55,,15691,5,0,13,0,15,,15692,5,,,0,15,,15693,5,0,13,0,15,,15694,5,,,0,55,,15695,5,0,13,0,15,,15696,5,,,0,15,,15697,5,0,13,0,15,,15698,5,,,0,55,,15699,5,0,13,0,15,,15700,5,,,0,15,,15701,5,0,13,0,15,,15702,5,,,0,55,,15703,5,0,13,0,15,,15704,5,,,0,15,,15705,5,0,13,0,15,,15706,5,,,0,55,,15707,5,0,13,0,15,,15708,5,,,0,15,,15709,5,0,13,0,15,,15710,5,,,0,55,,15711,5,0,13,0,15,,15712,5,,,0,15,,15713,5,0,13,0,15,,15714,5,,,0,55,,15715,5,0,13,0,15,,15730,5,,,0,15,,15722,5,0,13,0,15,,15716,5,,,0,55,,15723,5,0,13,0,22,,15717,5,0,7 8,0,23,,15724,5,,,0,63,,15718,5,0,7 8,0,22,,15727,5,,,0,23,,15719,5,0,7 8,0,62,,15726,5,,,0,23,,15720,5,0,7 8,0,62,,15725,5,,,0,45,,15721,5,,,0,85,,15729,5,0,7 8,0,80,,15728,5,0,7 8,0
130003019,'1027',753,,15731,5,,,0,60,,15763,5,0,7 8,0,20,,15732,5,,,0,20,,15757,5,0,7 8,0,60,,15733,5,,,0,20,,15760,5,0,7 8,0,20,,15734,5,,,0,60,,15758,5,0,7 8,0,20,,15735,5,,,0,23,,15761,5,0,7 8,0,62,,15736,5,,,0,23,,15759,5,0,7 8,0,62,,15737,5,,,0,23,,15762,5,0,7 8,0,22,,15738,5,,,0,63,,15739,5,0,7 8,0,22,,15740,5,,,0,23,,15741,5,0,7 8,0,62,,15742,5,,,0,23,,15743,5,0,7 8,0,62,,15744,5,,,0,23,,15745,5,0,7 8,0,22,,15746,5,,,0,63,,15747,5,0,7 8,0,22,,15748,5,,,0,23,,15749,5,0,7 8,0,62,,15750,5,,,0,23,,15751,5,0,7 8,0,62,,15752,5,,,0,23,,15765,5,0,7 8,0,22,,15764,5,,,0,85,,15753,5,,,0,85,,15754,5,,,0,85,,15755,5,,,0,45,,15766,5,,,0,85,,15756,5,0,7 8,0
130003019,'996',753,,15767,5,,,0,60,,15799,5,0,7 8,0,20,,15768,5,,,0,20,,15793,5,0,7 8,0,60,,15769,5,,,0,20,,15796,5,0,7 8,0,20,,15770,5,,,0,60,,15794,5,0,7 8,0,20,,15771,5,,,0,23,,15797,5,0,7 8,0,62,,15772,5,,,0,23,,15795,5,0,7 8,0,62,,15773,5,,,0,23,,15798,5,0,7 8,0,22,,15774,5,,,0,63,,15775,5,0,7 8,0,22,,15776,5,,,0,23,,15777,5,0,7 8,0,62,,15778,5,,,0,23,,15779,5,0,7 8,0,62,,15780,5,,,0,23,,15781,5,0,7 8,0,22,,15782,5,,,0,63,,15783,5,0,7 8,0,22,,15784,5,,,0,23,,15785,5,0,7 8,0,62,,15786,5,,,0,23,,15787,5,0,7 8,0,62,,15788,5,,,0,23,,15801,5,0,7 8,0,22,,15800,5,,,0,85,,15789,5,,,0,85,,15790,5,,,0,85,,15791,5,,,0,45,,15802,5,,,0,85,,15792,5,0,7 8,0
