17019,'1011',638,,13875,12,,,0,170,,13876,12,,,0,100,,13877,12,,,0,130,,13878,12,,,0,100,,13879,12,,,0,170,,13880,12,,,0,100,,13881,12,,,0,130,,13882,12,,,0,100,,13883,12,,,0,170,,13884,12,,,0,100,,13885,12,,,0
17019,'1017',840,,11813,12,,,0,80,,11814,12,,,0,80,,11815,12,,,0,40,,11816,12,,,0,86,,11817,12,,,0,85,,11818,12,,,0,45,,11819,12,,,0,85,,11820,12,,,0,85,,11821,12,,,0,85,,11822,12,,,0,45,,11823,12,,,0,85,,11824,12,,,0,85,,11825,12,,,0,85,,11826,12,,,0,45,,11827,12,,,0,85,,11828,12,,,0,85,,11829,12,,,0,85,,11830,12,,,0,45,,11831,12,,,0,82,,11832,12,,,0
17019,'1022',1953,,13886,12,,,0,170,,13887,12,,,0,85,,13888,12,,,0,130,,13889,12,,,0
17019,'1025',1953,,15226,12,,,0,170,,15227,12,,,0,85,,15228,12,,,0,130,,15229,12,,,0
17019,'1026',608,,15238,12,,,0,40,,15230,12,,,0,80,,15231,12,,,0,80,,15232,12,,,0,40,,15233,12,,,0,1105,,15234,12,,,0,85,,15236,12,,,0,85,,15235,12,,,0,85,,15237,12,,,0,45,,15240,12,,,0,85,,15239,12,,,0
17019,'994',613,,11812,12,,,0,95,,11781,12,,,0,30,,11782,12,,,0,100,,11784,12,,,0,100,,11786,12,,,0,70,,11787,12,,,0,100,,11789,12,,,0,100,,11791,12,,,0,30,,11792,12,,,0,100,,11794,12,,,0,100,,11796,12,,,0,70,,11797,12,,,0,100,,11799,12,,,0,100,,11801,12,,,0,30,,11802,12,,,0,100,,11804,12,,,0,200,,11807,12,,,0,215,,11810,12,,,0
17019,'995',928,,11837,12,,,0,80,,11838,12,,,0,30,,13903,12,,,0,70,,13894,12,,,0,30,,13895,12,,,0,70,,13898,12,,,0,30,,11841,12,,,0,70,,13899,12,,,0,30,,13896,12,,,0,70,,13897,12,,,0,30,,13901,12,,,0,70,,11848,12,,,0,30,,13913,12,,,0,70,,13900,12,,,0,30,,13911,12,,,0,70,,13912,12,,,0,30,,11860,12,,,0,70,,13902,12,,,0,30,,13914,12,,,0,70,,13915,12,,,0
17019,'996',840,,11864,12,,,0,80,,11865,12,,,0,80,,11866,12,,,0,40,,11867,12,,,0,86,,11868,12,,,0,85,,11869,12,,,0,45,,11870,12,,,0,85,,11871,12,,,0,85,,11872,12,,,0,85,,11873,12,,,0,45,,11874,12,,,0,85,,11875,12,,,0,85,,11876,12,,,0,85,,11877,12,,,0,45,,11878,12,,,0,85,,11879,12,,,0,85,,11880,12,,,0,85,,11881,12,,,0,45,,11882,12,,,0,82,,11883,12,,,0
17029,'1011',659,,13916,28,,,0,170,,13925,28,,,0,100,,13926,28,,,0,130,,13927,28,,,0,100,,13917,28,,,0,170,,13928,28,,,0,100,,13929,28,,,0,130,,13918,28,,,0,100,,13919,28,,,0,170,,13924,28,,,0,100,,13920,28,,,0
17029,'1017',901,,11917,28,,,0,40,,11918,28,,,0,80,,11919,28,,,0,80,,11920,28,,,0,46,,11921,28,,,0,85,,11922,28,,,0,85,,11923,28,,,0,85,,11924,28,,,0,45,,11925,28,,,0,85,,11926,28,,,0,85,,11927,28,,,0,85,,11928,28,,,0,45,,11929,28,,,0,85,,11930,28,,,0,85,,11931,28,,,0,85,,11932,28,,,0,45,,11933,28,,,0,85,,11934,28,,,0,85,,11935,28,,,0,42,,11936,28,,,0
17029,'1022',2014,,13921,28,,,0,130,,13922,28,,,0,85,,13923,28,,,0,130,,13930,28,,,0
17029,'1025',2014,,15241,28,,,0,130,,15242,28,,,0,85,,15243,28,,,0,130,,15244,28,,,0
17029,'1026',629,,15245,28,,,0,80,,15246,28,,,0,40,,15247,28,,,0,80,,15248,28,,,0,80,,15249,28,,,0,1105,,15250,28,,,0,45,,15252,28,,,0,85,,15251,28,,,0,85,,15253,28,,,0,85,,15255,28,,,0,45,,15254,28,,,0
17029,'994',634,,11916,28,,,0,95,,11885,28,,,0,30,,11886,28,,,0,100,,11887,28,,,0,100,,11888,28,,,0,70,,11889,28,,,0,100,,11911,28,,,0,100,,11912,28,,,0,30,,11890,28,,,0,100,,11892,28,,,0,100,,11893,28,,,0,70,,11907,28,,,0,100,,11906,28,,,0,100,,11905,28,,,0,30,,11896,28,,,0,100,,11897,28,,,0,200,,11900,28,,,0,255,,11903,28,,,0
17029,'995',949,,11942,28,,,0,80,,11943,28,,,0,30,,13945,28,,,0,70,,13936,28,,,0,30,,13937,28,,,0,70,,13940,28,,,0,30,,11946,28,,,0,70,,13941,28,,,0,30,,13938,28,,,0,70,,13939,28,,,0,30,,13943,28,,,0,70,,11953,28,,,0,30,,13952,28,,,0,70,,13942,28,,,0,30,,13953,28,,,0,70,,13954,28,,,0,30,,11964,28,,,0,70,,13944,28,,,0,30,,13955,28,,,0,70,,13956,28,,,0
17029,'996',901,,11968,28,,,0,40,,11969,28,,,0,80,,11970,28,,,0,80,,11971,28,,,0,46,,11972,28,,,0,85,,11973,28,,,0,85,,11974,28,,,0,85,,11975,28,,,0,45,,11976,28,,,0,85,,11977,28,,,0,85,,11978,28,,,0,85,,11979,28,,,0,45,,11980,28,,,0,85,,11981,28,,,0,85,,11982,28,,,0,85,,11983,28,,,0,45,,11984,28,,,0,85,,11985,28,,,0,85,,11986,28,,,0,42,,11987,28,,,0
