15019,'1010',657,,11577,16,,,0,100,,11579,16,,,0,170,,11582,16,,,0,100,,11584,16,,,0,130,,11587,16,,,0,100,,11589,16,,,0,170,,11592,16,,,0,100,,11594,16,,,0,130,,11597,16,,,0,100,,11599,16,,,0,180,,11602,16,,,0,85,,11603,16,,,0,83,,11604,16,,,0,45,,11606,16,,,0,85,,11607,16,,,0,85,,11605,16,,,0
15019,'1014',823,,11608,16,,,0,80,,11609,16,,,0,40,,11610,16,,,0,80,,11611,16,,,0,83,,11612,16,,,0,45,,11613,16,,,0,85,,11614,16,,,0,85,,11615,16,,,0,85,,11616,16,,,0,45,,11617,16,,,0,85,,11618,16,,,0,85,,11619,16,,,0,85,,11620,16,,,0,45,,11621,16,,,0,84,,11622,16,,,0,85,,11623,16,,,0,85,,11624,16,,,0,45,,11625,16,,,0,85,,11626,16,,,0,85,,11627,16,,,0
15019,'1015',657,,13711,16,,,0,100,,13712,16,,,0,170,,13713,16,,,0,100,,13714,16,,,0,130,,13715,16,,,0,100,,13716,16,,,0,170,,13717,16,,,0,100,,13718,16,,,0,130,,13719,16,,,0,100,,13720,16,,,0,180,,13721,16,,,0,85,,13722,16,,,0,83,,13723,16,,,0,45,,13725,16,,,0,85,,13726,16,,,0,85,,13724,16,,,0
15019,'1016',633,,13727,16,,,0,80,,13729,16,,,0,40,,13730,16,,,0,80,,13728,16,,,0,81,,13731,16,,,0,40,,13732,16,,,0,75,,13734,16,,,0,30,,13735,16,,,0,100,,13736,16,,,0,70,,13737,16,,,0,30,,13738,16,,,0,70,,13739,16,,,0,100,,13740,16,,,0,30,,13741,16,,,0,70,,13742,16,,,0,30,,13743,16,,,0,100,,13744,16,,,0,70,,13745,16,,,0,30,,13746,16,,,0,70,,13747,16,,,0,107,,13748,16,,,0,85,,13749,16,,,0,84,,13750,16,,,0,45,,13751,16,,,0,85,,13752,16,,,0,85,,13733,16,,,0
15019,'1017',823,,13753,16,,,0,80,,13754,16,,,0,40,,13755,16,,,0,80,,13756,16,,,0,83,,13757,16,,,0,45,,13758,16,,,0,85,,13759,16,,,0,85,,13760,16,,,0,85,,13761,16,,,0,45,,13762,16,,,0,85,,13763,16,,,0,85,,13764,16,,,0,85,,13765,16,,,0,45,,13766,16,,,0,84,,13767,16,,,0,85,,13768,16,,,0,85,,13769,16,,,0,45,,13770,16,,,0,85,,13771,16,,,0,85,,13772,16,,,0
15019,'1018',823,,13773,16,,,0,80,,13774,16,,,0,40,,13775,16,,,0,80,,13776,16,,,0,83,,13777,16,,,0,45,,13778,16,,,0,85,,13779,16,,,0,85,,13780,16,,,0,85,,13781,16,,,0,45,,13782,16,,,0,85,,13783,16,,,0,85,,13784,16,,,0,85,,13785,16,,,0,45,,13786,16,,,0,84,,13787,16,,,0,85,,13788,16,,,0,85,,13789,16,,,0,45,,13790,16,,,0,85,,13791,16,,,0,85,,13792,16,,,0
15019,'994',727,,11578,16,,,0,100,,11580,16,,,0,30,,11581,16,,,0,100,,11583,16,,,0,100,,11585,16,,,0,70,,11586,16,,,0,100,,11588,16,,,0,100,,11590,16,,,0,30,,11591,16,,,0,100,,11593,16,,,0,100,,11595,16,,,0,70,,11596,16,,,0,100,,11598,16,,,0,100,,11600,16,,,0,30,,11601,16,,,0
15019,'995',1129,,11637,16,,,0,230,,11642,16,,,0,270,,11647,16,,,0,230,,11652,16,,,0
130003019,'1004',758,,12527,13,,,0,60,,12559,13,0,7 8,0,20,,12528,13,,,0,20,,12553,13,0,7 8,0,60,,12529,13,,,0,20,,12556,13,0,7 8,0,20,,12530,13,,,0,60,,12554,13,0,7 8,0,20,,12531,13,,,0,63,,12557,13,0,7 8,0,22,,12532,13,,,0,23,,12555,13,0,7 8,0,63,,12533,13,,,0,23,,12558,13,0,7 8,0,22,,12534,13,,,0,63,,12535,13,0,7 8,0,22,,12536,13,,,0,63,,12537,13,0,7 8,0,22,,12538,13,,,0,23,,12539,13,0,7 8,0,62,,12540,13,,,0,23,,12541,13,0,7 8,0,22,,12542,13,,,0,63,,12543,13,0,7 8,0,22,,12544,13,,,0,63,,12545,13,0,7 8,0,22,,12546,13,,,0,23,,12547,13,0,7 8,0,62,,12548,13,,,0,23,,12561,13,0,7 8,0,22,,12560,13,,,0,85,,12549,13,,,0,85,,12550,13,,,0,85,,12551,13,,,0,45,,12562,13,,,0,85,,12552,13,0,7 8,0
130003019,'1010',826,,12515,13,,,0,85,,12518,13,0,13,0,145,,12467,13,,,0,85,,12470,13,0,13,0,185,,12477,13,,,0,85,,12480,13,0,13,0,145,,12487,13,,,0,85,,12490,13,0,13,0,185,,12503,13,,,0,83,,12497,13,0,13,0
130003019,'1011',741,,12512,13,0,13,0,15,,12513,13,,,0,255,,12464,13,0,13,0,15,,12465,13,,,0,215,,12474,13,0,13,0,15,,12475,13,,,0,255,,12484,13,0,13,0,15,,12485,13,,,0,215,,12494,13,0,13,0,15,,12495,13,,,0,176,,12505,13,0,7 8,0,85,,12521,13,0,7 8,0,85,,12522,13,0,7 8,0,45,,12523,13,0,7 8,0
130003019,'1012',741,,12903,13,0,13,0,15,,12904,13,,,0,255,,12894,13,0,13,0,15,,12895,13,,,0,215,,12896,13,0,13,0,15,,12897,13,,,0,255,,12898,13,0,13,0,15,,12899,13,,,0,215,,12900,13,0,13,0,15,,12901,13,,,0,176,,12902,13,0,7 8,0,85,,12905,13,0,7 8,0,85,,12906,13,0,7 8,0,45,,12907,13,0,7 8,0
130003019,'1015',826,,14061,13,,,0,85,,14062,13,0,13,0,145,,14053,13,,,0,85,,14054,13,0,13,0,185,,14055,13,,,0,85,,14056,13,0,13,0,145,,14057,13,,,0,85,,14058,13,0,13,0,185,,14060,13,,,0,83,,14059,13,0,13,0
130003019,'1016',1141,,14063,13,0,13,0,85,,14064,13,,,0,185,,14065,13,0,13,0,45,,14066,13,,,0,185,,14067,13,0,13,0,85,,14068,13,,,0,183,,14069,13,0,13,0,45,,14070,13,,,0,255,,14071,13,,,0
130003019,'994',618,,12507,13,0,13,0,15,,12508,13,,,0,23,,12509,13,,,0,55,,12510,13,0,13,0,15,,12511,13,,,0,85,,12514,13,0,13,0,30,,12516,13,0,13,0,15,,12517,13,,,0,70,,12519,13,,,0,15,,12520,13,0,13,0,15,,12506,13,,,0,85,,12466,13,0,13,0,70,,12468,13,0,13,0,15,,12469,13,,,0,30,,12471,13,,,0,55,,12472,13,0,13,0,15,,12473,13,,,0,85,,12476,13,0,13,0,30,,12478,13,0,13,0,15,,12479,13,,,0,70,,12481,13,,,0,15,,12482,13,0,13,0,15,,12483,13,,,0,85,,12486,13,0,13,0,70,,12488,13,0,13,0,15,,12489,13,,,0,30,,12491,13,,,0,55,,12492,13,0,13,0,13,,12493,13,,,0,87,,12501,13,0,13,0,30,,12499,13,0,13,0,15,,12504,13,,,0,98,,12496,13,,,0,85,,12502,13,,,0,85,,12500,13,,,0,85,,12498,13,,,0,45,,12525,13,,,0,83,,12524,13,0,7 8,0,80,,12526,13,0,7 8,0
130003019,'995',608,,12563,13,,,0,20,,12564,13,0,7 8,0,20,,12565,13,,,0,60,,12566,13,0,7 8,0,20,,12567,13,,,0,20,,12568,13,0,7 8,0,60,,12569,13,,,0,20,,12570,13,0,7 8,0,20,,12571,13,,,0,60,,12572,13,0,7 8,0,20,,12573,13,,,0,20,,12574,13,0,13,0,63,,12575,13,0,13,0,15,,12576,13,,,0,15,,12577,13,0,13,0,15,,12578,13,,,0,55,,12579,13,0,13,0,15,,12580,13,,,0,30,,12582,13,,,0,55,,12583,13,0,13,0,30,,12585,13,0,13,0,15,,12586,13,,,0,55,,12587,13,0,13,0,15,,12588,13,,,0,15,,12589,13,0,13,0,15,,12590,13,,,0,70,,12592,13,,,0,15,,12593,13,0,13,0,70,,12595,13,0,13,0,15,,12596,13,,,0,15,,12597,13,0,13,0,15,,12598,13,,,0,55,,12599,13,0,13,0,15,,12600,13,,,0,30,,12602,13,,,0,55,,12603,13,0,13,0,30,,12605,13,0,13,0,15,,12606,13,,,0,55,,12607,13,0,13,0,15,,12622,13,,,0,15,,12614,13,0,13,0,13,,12608,13,,,0,77,,12609,13,0,7 8,0,86,,12610,13,0,7 8,0,22,,12619,13,,,0,63,,12611,13,0,7 8,0,22,,12618,13,,,0,23,,12612,13,0,7 8,0,107,,12613,13,,,0,83,,12621,13,0,7 8,0,80,,12620,13,0,7 8,0
130003019,'996',758,,12623,13,,,0,60,,12655,13,0,7 8,0,20,,12624,13,,,0,20,,12649,13,0,7 8,0,60,,12625,13,,,0,20,,12652,13,0,7 8,0,20,,12626,13,,,0,60,,12650,13,0,7 8,0,20,,12627,13,,,0,63,,12653,13,0,7 8,0,22,,12628,13,,,0,23,,12651,13,0,7 8,0,63,,12629,13,,,0,23,,12654,13,0,7 8,0,22,,12630,13,,,0,63,,12631,13,0,7 8,0,22,,12632,13,,,0,63,,12633,13,0,7 8,0,22,,12634,13,,,0,23,,12635,13,0,7 8,0,62,,12636,13,,,0,23,,12637,13,0,7 8,0,22,,12638,13,,,0,63,,12639,13,0,7 8,0,22,,12640,13,,,0,63,,12641,13,0,7 8,0,22,,12642,13,,,0,23,,12643,13,0,7 8,0,62,,12644,13,,,0,23,,12657,13,0,7 8,0,22,,12656,13,,,0,85,,12645,13,,,0,85,,12646,13,,,0,85,,12647,13,,,0,45,,12658,13,,,0,85,,12648,13,0,7 8,0
