2019,'976',835,,451,9,0,12,0,80,,452,9,0,12,0,40,,453,9,0,12,0,80,,454,9,0,12,0,85,,455,9,0,12,0,85,,456,9,0,12,0,45,,457,9,0,12,0,85,,458,9,0,12,0,85,,459,9,0,12,0,85,,460,9,0,12,0,45,,461,9,0,12,0,85,,462,9,0,12,0,85,,463,9,0,12,0,85,,464,9,0,12,0,45,,465,9,0,12,0,85,,466,9,0,12,0,85,,467,9,0,12,0,85,,468,9,0,12,0,45,,469,9,0,12,0,85,,490,9,0,12,0
2019,'979',2014,,383,9,0,5,0,130,,380,9,0,5,0
2019,'980',626,,367,9,0,12,0,25,,368,9,0,12,0,70,,369,9,0,12,0,30,,370,9,0,12,0,70,,371,9,0,12,0,30,,372,9,0,12,0,70,,373,9,0,12,0,30,,366,9,0,12,0,70,,344,9,0,12,0,30,,345,9,0,12,0,70,,346,9,0,12,0,30,,347,9,0,12,0,70,,348,9,0,12,0,30,,349,9,0,12,0,70,,350,9,0,12,0,30,,351,9,0,12,0,70,,352,9,0,12,0,30,,353,9,0,12,0,70,,354,9,0,12,0,30,,355,9,0,12,0,70,,356,9,0,12,0,30,,357,9,0,12,0,70,,358,9,0,12,0,30,,317,9,0,12,0,70,,318,9,0,12,0,85,,319,9,0,12,0,22,,382,9,0,5,0,22,,320,9,0,12,0,86,,321,9,0,12,0,23,,384,9,0,5,0,62,,322,9,0,12,0,85,,323,9,0,12,0,45,,375,9,0,12,0,85,,377,9,0,5,0
2019,'984',835,,274,9,0,12,0,80,,275,9,0,12,0,40,,276,9,0,12,0,80,,277,9,0,12,0,85,,278,9,0,12,0,85,,279,9,0,12,0,45,,280,9,0,12,0,85,,281,9,0,12,0,85,,282,9,0,12,0,85,,283,9,0,12,0,45,,284,9,0,12,0,85,,285,9,0,12,0,85,,286,9,0,12,0,85,,287,9,0,12,0,45,,288,9,0,12,0,85,,289,9,0,12,0,85,,290,9,0,12,0,85,,291,9,0,12,0,45,,292,9,0,12,0,85,,313,9,0,12,0
2019,'985',2014,,3583,9,0,5,0,130,,3581,9,0,5,0
2019,'986',605,,3615,9,0,12,0,40,,3616,9,0,12,0,80,,3617,9,0,12,0,80,,3618,9,0,12,0,40,,3619,9,0,12,0,80,,3620,9,0,12,0,25,,3646,9,0,12,0,70,,3621,9,0,12,0,30,,3622,9,0,12,0,70,,3623,9,0,12,0,30,,3624,9,0,12,0,70,,3625,9,0,12,0,30,,3626,9,0,12,0,70,,3627,9,0,12,0,30,,3628,9,0,12,0,70,,3629,9,0,12,0,30,,3630,9,0,12,0,70,,3631,9,0,12,0,30,,3632,9,0,12,0,70,,3633,9,0,12,0,30,,3634,9,0,12,0,70,,3635,9,0,12,0,30,,3636,9,0,12,0,70,,3647,9,0,12,0,85,,3637,9,0,12,0,45,,3638,9,0,12,0,85,,3639,9,0,12,0,85,,3640,9,0,12,0,85,,3641,9,0,12,0,45,,3642,9,0,12,0,85,,3643,9,0,5,0
11029,'979',605,,1579,10,,,0,30,,1580,10,,,0,70,,1581,10,,,0,30,,1582,10,,,0,70,,1583,10,,,0,30,,1584,10,,,0,70,,1585,10,,,0,30,,1578,10,,,0,70,,1562,10,,,0,30,,1563,10,,,0,70,,1564,10,,,0,30,,1565,10,,,0,70,,1566,10,,,0,30,,1567,10,,,0,70,,1568,10,,,0,30,,1569,10,,,0,70,,1570,10,,,0,30,,1571,10,,,0,70,,1572,10,,,0,30,,1573,10,,,0,70,,1574,10,,,0,30,,1575,10,,,0,70,,1576,10,,,0,30,,1577,10,,,0,70,,1587,10,,,0,30,,1586,10,,,0
11029,'985',605,,4589,10,,,0,30,,4590,10,,,0,70,,4591,10,,,0,30,,4592,10,,,0,70,,4593,10,,,0,30,,4594,10,,,0,70,,4595,10,,,0,30,,4588,10,,,0,70,,4572,10,,,0,30,,4573,10,,,0,70,,4574,10,,,0,30,,4575,10,,,0,70,,4576,10,,,0,30,,4577,10,,,0,70,,4578,10,,,0,30,,4579,10,,,0,70,,4580,10,,,0,30,,4581,10,,,0,70,,4582,10,,,0,30,,4583,10,,,0,70,,4584,10,,,0,30,,4585,10,,,0,70,,4586,10,,,0,30,,4587,10,,,0,70,,4597,10,,,0,30,,4596,10,,,0
11029,'986',1005,,4598,10,,,0,30,,4599,10,,,0,70,,4600,10,,,0,30,,4601,10,,,0,70,,4602,10,,,0,30,,4603,10,,,0,70,,4604,10,,,0,30,,4605,10,,,0,70,,4606,10,,,0,30,,4607,10,,,0,70,,4608,10,,,0,30,,4609,10,,,0,70,,4610,10,,,0,30,,4611,10,,,0,70,,4612,10,,,0,30,,4613,10,,,0,70,,4614,10,,,0,30,,4615,10,,,0
13019,'976',834,,4654,10,,,0,80,,4655,10,,,0,40,,4656,10,,,0,80,,4657,10,,,0,85,,4658,10,,,0,85,,4659,10,,,0,45,,4660,10,,,0,85,,4661,10,,,0,85,,4662,10,,,0,85,,4663,10,,,0,45,,4664,10,,,0,85,,4665,10,,,0,85,,4666,10,,,0,85,,4667,10,,,0,45,,4668,10,,,0,85,,4669,10,,,0,85,,4670,10,,,0,85,,4671,10,,,0,45,,4672,10,,,0
13019,'979',1904,,1680,10,,,0,45,,1675,10,,,0,85,,1676,10,,,0,85,,1678,10,,,0,84,,1677,10,,,0,45,,1679,10,,,0
13019,'983',834,,1656,10,,,0,80,,1657,10,,,0,40,,1658,10,,,0,80,,1659,10,,,0,85,,1660,10,,,0,85,,1661,10,,,0,45,,1662,10,,,0,85,,1663,10,,,0,85,,1664,10,,,0,85,,1665,10,,,0,45,,1666,10,,,0,85,,1667,10,,,0,85,,1668,10,,,0,85,,1669,10,,,0,45,,1670,10,,,0,85,,1671,10,,,0,85,,1672,10,,,0,85,,1673,10,,,0,45,,1674,10,,,0
13019,'985',1904,,4678,10,,,0,45,,4673,10,,,0,85,,4674,10,,,0,85,,4676,10,,,0,84,,4675,10,,,0,45,,4677,10,,,0
13019,'986',603,,4679,10,,,0,40,,4680,10,,,0,80,,4681,10,,,0,80,,4682,10,,,0,40,,4683,10,,,0,80,,4684,10,,,0,981,,4685,10,,,0,45,,4686,10,,,0,85,,4687,10,,,0,85,,4688,10,,,0,85,,4689,10,,,0,45,,4690,10,,,0
13019,'987',834,,4691,10,,,0,80,,4692,10,,,0,40,,4693,10,,,0,80,,4694,10,,,0,85,,4695,10,,,0,85,,4696,10,,,0,45,,4697,10,,,0,85,,4698,10,,,0,85,,4699,10,,,0,85,,4700,10,,,0,45,,4701,10,,,0,85,,4702,10,,,0,85,,4703,10,,,0,85,,4704,10,,,0,45,,4705,10,,,0,85,,4706,10,,,0,85,,4707,10,,,0,85,,4708,10,,,0,45,,4709,10,,,0
