8019,'1022',700,,13242,23,,,0,21,,13243,23,,,0,34,,13244,23,,,0,65,,13245,23,,,0,30,,13246,23,,,0,70,,13247,23,,,0,30,,13248,23,,,0,70,,13206,23,,,0,30,,13207,23,,,0,70,,13208,23,,,0,30,,13209,23,,,0,70,,13210,23,,,0,32,,13211,23,,,0,74,,13212,23,,,0,30,,13213,23,,,0,70,,13214,23,,,0,30,,13215,23,,,0,70,,13216,23,,,0,30,,13217,23,,,0,70,,13218,23,,,0,30,,13219,23,,,0,70,,13220,23,,,0,30,,13221,23,,,0,68,,13249,23,,,0,30,,13230,23,,,0,67,,13231,23,,,0,27,,13251,10,,,0,85,,13229,10,,,0,85,,13232,10,,,0,85,,13222,10,,,0,45,,13233,10,,,0
8019,'1024',835,,13325,10,,,0,80,,13329,10,,,0,40,,13342,10,,,0,79,,13335,23,,,0,80,,13319,23,,,0,88,,13336,23,,,0,45,,13320,23,,,0,85,,13337,23,,,0,85,,13321,23,,,0,85,,13338,23,,,0,45,,13311,23,,,0,85,,13322,23,,,0,85,,13323,23,,,0,85,,13324,23,,,0,47,,13348,10,,,0,85,,13339,10,,,0,85,,13341,10,,,0,85,,13347,10,,,0,45,,13326,10,,,0,85,,13350,10,,,0
8019,'1025',700,,14665,23,,,0,21,,14666,23,,,0,34,,14667,23,,,0,65,,14668,23,,,0,30,,14669,23,,,0,70,,14670,23,,,0,30,,14671,23,,,0,70,,14629,23,,,0,30,,14630,23,,,0,70,,14631,23,,,0,30,,14632,23,,,0,70,,14633,23,,,0,32,,14634,23,,,0,74,,14635,23,,,0,30,,14636,23,,,0,70,,14637,23,,,0,30,,14638,23,,,0,70,,14639,23,,,0,30,,14640,23,,,0,70,,14641,23,,,0,30,,14642,23,,,0,70,,14643,23,,,0,30,,14644,23,,,0,68,,14672,23,,,0,30,,14653,23,,,0,67,,14654,23,,,0,27,,14674,10,,,0,85,,14652,10,,,0,85,,14655,10,,,0,85,,14645,10,,,0,45,,14656,10,,,0
8019,'1026',645,,14675,10,,,0,80,,14676,10,,,0,80,,14677,10,,,0,40,,14678,10,,,0,80,,14679,10,,,0,76,,14712,23,,,0,25,,14713,23,,,0,17,,14714,23,,,0,76,,14715,23,,,0,35,,14716,23,,,0,70,,14717,23,,,0,30,,14718,23,,,0,70,,14719,23,,,0,32,,14720,23,,,0,70,,14721,23,,,0,30,,14722,23,,,0,70,,14723,23,,,0,30,,14724,23,,,0,70,,14725,23,,,0,30,,14726,23,,,0,70,,14727,23,,,0,30,,14728,23,,,0,70,,14729,23,,,0,30,,14732,23,,,0,67,,14731,23,,,0,25,,14680,10,,,0,85,,14681,10,,,0,85,,14682,10,,,0,85,,14683,10,,,0,45,,14684,10,,,0
8019,'1027',835,,14748,10,,,0,80,,14752,10,,,0,40,,14765,10,,,0,79,,14758,23,,,0,80,,14742,23,,,0,88,,14759,23,,,0,45,,14743,23,,,0,85,,14760,23,,,0,85,,14744,23,,,0,85,,14761,23,,,0,45,,14734,23,,,0,85,,14745,23,,,0,85,,14746,23,,,0,85,,14747,23,,,0,47,,14771,10,,,0,85,,14762,10,,,0,85,,14764,10,,,0,85,,14770,10,,,0,45,,14749,10,,,0,85,,14773,10,,,0
8019,'996',835,,14788,10,,,0,80,,14792,10,,,0,40,,14805,10,,,0,79,,14798,23,,,0,80,,14782,23,,,0,88,,14799,23,,,0,45,,14783,23,,,0,85,,14800,23,,,0,85,,14784,23,,,0,85,,14801,23,,,0,45,,14774,23,,,0,85,,14785,23,,,0,85,,14786,23,,,0,85,,14787,23,,,0,47,,14811,10,,,0,85,,14802,10,,,0,85,,14804,10,,,0,85,,14810,10,,,0,45,,14789,10,,,0,85,,14813,10,,,0
10029,'1021',714,,11091,9,,,0,30,,11092,9,,,0,70,,11093,9,,,0,130,,11096,9,,,0,70,,11067,9,,,0,30,,11068,9,,,0,170,,11071,9,,,0,30,,11072,9,,,0,70,,11073,9,,,0,130,,11076,9,,,0,70,,11077,9,,,0,30,,11078,9,,,0,170,,11081,9,,,0,30,,11082,9,,,0,69,,11083,9,,,0,135,,11087,9,,,0,85,,11088,9,,,0,85,,11086,9,,,0,85,,11084,9,,,0,45,,11085,9,0,9,0,83,,11098,9,0,7 8,0
10029,'1022',646,,13570,9,,,0,198,,11094,9,,,0,70,,13571,9,,,0,200,,11069,9,,,0,30,,13567,9,,,0,200,,11074,9,,,0,70,,13568,9,,,0,200,,11079,9,,,0,30,,13569,9,,,0,197,,11089,9,,,0,70,,13572,9,,,0
10029,'1024',834,,11099,9,,,0,80,,11100,9,,,0,40,,11101,9,,,0,80,,11102,9,,,0,83,,11103,9,,,0,90,,11104,9,,,0,44,,11105,9,,,0,85,,11106,9,,,0,85,,11107,9,,,0,85,,11108,9,,,0,45,,11109,9,,,0,85,,11110,9,,,0,85,,11111,9,,,0,85,,11112,9,,,0,45,,11113,9,,,0,85,,11114,9,,,0,85,,11115,9,,,0,85,,11116,9,,,0,45,,11117,9,,,0,85,,11118,9,0,7 8,0
10029,'1025',646,,14939,9,,,0,68,,14940,9,,,0,30,,14941,9,,,0,70,,14942,9,,,0,30,,14943,9,,,0,70,,14944,9,,,0,30,,14945,9,,,0,70,,14916,9,,,0,30,,14917,9,,,0,70,,14918,9,,,0,30,,14919,9,,,0,70,,14920,9,,,0,30,,14921,9,,,0,70,,14922,9,,,0,30,,14923,9,,,0,70,,14924,9,,,0,30,,14925,9,,,0,70,,14926,9,,,0,30,,14927,9,,,0,70,,14928,9,,,0,30,,14929,9,,,0,70,,14930,9,,,0,30,,14931,9,,,0,69,,14932,9,,,0,28,,14938,9,,,0,70,,14946,9,,,0,37,,14936,9,,,0,85,,14937,9,,,0,85,,14935,9,,,0,85,,14933,9,,,0,45,,14934,9,0,9,0,83,,14947,9,0,7 8,0
10029,'1026',646,,14948,9,,,0,80,,14949,9,,,0,80,,14950,9,,,0,40,,14951,9,,,0,80,,14952,9,,,0,82,,14953,9,,,0,33,,14954,9,,,0,70,,14955,9,,,0,30,,14956,9,,,0,70,,14957,9,,,0,30,,14958,9,,,0,70,,14959,9,,,0,30,,14960,9,,,0,70,,14961,9,,,0,31,,14962,9,,,0,70,,14963,9,,,0,30,,14964,9,,,0,70,,14965,9,,,0,30,,14966,9,,,0,70,,14967,9,,,0,30,,14968,9,,,0,70,,14969,9,,,0,30,,14970,9,,,0,70,,14971,9,,,0,37,,14972,9,,,0,85,,14973,9,,,0,85,,14974,9,,,0,85,,14975,9,,,0,45,,14976,9,0,9,0,85,,14977,9,0,7 8,0
10029,'1027',834,,14978,9,,,0,80,,14979,9,,,0,40,,14980,9,,,0,80,,14981,9,,,0,83,,14982,9,,,0,90,,14983,9,,,0,44,,14984,9,,,0,85,,14985,9,,,0,85,,14986,9,,,0,85,,14987,9,,,0,45,,14988,9,,,0,85,,14989,9,,,0,85,,14990,9,,,0,85,,14991,9,,,0,45,,14992,9,,,0,85,,14993,9,,,0,85,,14994,9,,,0,85,,14995,9,,,0,45,,14996,9,,,0,85,,14997,9,0,7 8,0
10029,'996',834,,14998,9,,,0,80,,14999,9,,,0,40,,15000,9,,,0,80,,15001,9,,,0,83,,15002,9,,,0,90,,15003,9,,,0,44,,15004,9,,,0,85,,15005,9,,,0,85,,15006,9,,,0,85,,15007,9,,,0,45,,15008,9,,,0,85,,15009,9,,,0,85,,15010,9,,,0,85,,15011,9,,,0,45,,15012,9,,,0,85,,15013,9,,,0,85,,15014,9,,,0,85,,15015,9,,,0,45,,15016,9,,,0,85,,15017,9,0,7 8,0
