14029,'1010',721,,11498,23,,,0,230,,11503,23,,,0,272,,11477,23,,,0,230,,11482,23,,,0,270,,11487,23,,,0,220,,11493,23,,,0,85,,11490,23,,,0,85,,11492,23,,,0,45,,11491,23,,,0,85,,11494,23,,,0,85,,11505,23,,,0
14029,'1011',821,,11500,23,,,0,230,,11474,23,,,0,272,,11479,23,,,0,230,,11484,23,,,0,268,,11489,23,,,0
14029,'1012',821,,12873,23,,,0,230,,12869,23,,,0,272,,12870,23,,,0,230,,12871,23,,,0,268,,12872,23,,,0
14029,'1014',829,,11506,23,,,0,80,,11507,23,,,0,40,,11508,23,,,0,80,,11509,23,,,0,83,,11510,23,,,0,88,,11511,23,,,0,45,,11512,23,,,0,85,,11513,23,,,0,85,,11514,23,,,0,85,,11515,23,,,0,45,,11516,23,,,0,85,,11517,23,,,0,85,,11518,23,,,0,85,,11519,23,,,0,45,,11520,23,,,0,82,,11521,23,,,0,85,,11522,23,,,0,45,,11523,23,,,0,85,,11524,23,,,0,85,,11525,23,,,0
14029,'1015',721,,13653,23,,,0,230,,13654,23,,,0,272,,13645,23,,,0,230,,13646,23,,,0,270,,13647,23,,,0,220,,13651,23,,,0,85,,13648,23,,,0,85,,13650,23,,,0,45,,13649,23,,,0,85,,13652,23,,,0,85,,13655,23,,,0
14029,'1016',641,,13656,23,,,0,80,,13657,23,,,0,80,,13658,23,,,0,40,,13659,23,,,0,80,,13660,23,,,0,80,,13661,23,,,0,220,,13662,23,,,0,232,,13663,23,,,0,270,,13664,23,,,0,220,,13665,23,,,0,85,,13666,23,,,0,85,,13667,23,,,0,45,,13668,23,,,0,85,,13670,23,,,0,85,,13669,23,,,0
14029,'1017',829,,13671,23,,,0,80,,13672,23,,,0,40,,13673,23,,,0,80,,13674,23,,,0,83,,13675,23,,,0,88,,13676,23,,,0,45,,13677,23,,,0,85,,13678,23,,,0,85,,13679,23,,,0,85,,13680,23,,,0,45,,13681,23,,,0,85,,13682,23,,,0,85,,13683,23,,,0,85,,13684,23,,,0,45,,13685,23,,,0,82,,13686,23,,,0,85,,13687,23,,,0,45,,13688,23,,,0,85,,13689,23,,,0,85,,13690,23,,,0
14029,'1018',829,,13691,23,,,0,80,,13692,23,,,0,40,,13693,23,,,0,80,,13694,23,,,0,83,,13695,23,,,0,88,,13696,23,,,0,45,,13697,23,,,0,85,,13698,23,,,0,85,,13699,23,,,0,85,,13700,23,,,0,45,,13701,23,,,0,85,,13702,23,,,0,85,,13703,23,,,0,85,,13704,23,,,0,45,,13705,23,,,0,82,,13706,23,,,0,85,,13707,23,,,0,45,,13708,23,,,0,85,,13709,23,,,0,85,,13710,23,,,0
14029,'994',628,,11496,23,,,0,23,,11497,23,,,0,100,,11499,23,,,0,100,,11501,23,,,0,70,,11502,23,,,0,100,,11473,23,,,0,100,,11475,23,,,0,30,,11476,23,,,0,102,,11478,23,,,0,100,,11480,23,,,0,70,,11481,23,,,0,100,,11483,23,,,0,100,,11485,23,,,0,30,,11486,23,,,0,100,,11488,23,,,0,98,,11495,23,,,0,70,,11504,23,,,0
14029,'995',1021,,11532,23,,,0,30,,11533,23,,,0,70,,11534,23,,,0,30,,11535,23,,,0,100,,11537,23,,,0,70,,11538,23,,,0,30,,11539,23,,,0,72,,11540,23,,,0,100,,11542,23,,,0,30,,11543,23,,,0,70,,11544,23,,,0,30,,11545,23,,,0,100,,11547,23,,,0,68,,11548,23,,,0,30,,11549,23,,,0,70,,11555,23,,,0
