10029,'1004',844,,11099,24,,,0,80,,11100,24,,,0,80,,11101,24,,,0,40,,11102,24,,,0,83,,11103,24,,,0,92,,11104,26,,,0,84,,11105,26,,,0,45,,11106,26,,,0,85,,11107,26,,,0,85,,11108,26,,,0,85,,11109,26,,,0,45,,11110,26,,,0,83,,11111,24,,,0,85,,11112,24,,,0,85,,11113,24,,,0,45,,11114,24,,,0,85,,11115,24,,,0,85,,11116,24,,,0,85,,11117,24,,,0,45,,11118,24,0,7 8,0
10029,'1010',655,,11090,24,,,0,271,,11095,26,,,0,230,,11070,26,,,0,270,,11075,26,,,0,230,,11080,26,,,0,267,,11097,26,0,7 8,0
10029,'1011',856,,11094,26,,,0,270,,11069,26,,,0,230,,11074,26,,,0,270,,11079,26,,,0,227,,11089,26,,,0
10029,'1012',856,,12863,26,,,0,270,,12859,26,,,0,230,,12860,26,,,0,270,,12861,26,,,0,227,,12862,26,0,9,0
10029,'1015',655,,13570,24,,,0,271,,13571,26,,,0,230,,13567,26,,,0,270,,13568,26,,,0,230,,13569,26,,,0,267,,13572,26,,,0
10029,'1016',1053,,13573,26,,,0,270,,13574,26,,,0,233,,13575,26,,,0,268,,13576,26,,,0,222,,13577,26,,,0,255,,13578,26,0,9,0
10029,'994',726,,11091,26,,,0,30,,11092,26,,,0,70,,11093,26,,,0,130,,11096,26,,,0,70,,11067,26,,,0,30,,11068,26,,,0,170,,11071,26,,,0,30,,11072,26,,,0,70,,11073,26,,,0,130,,11076,26,,,0,70,,11077,26,,,0,30,,11078,26,,,0,170,,11081,26,,,0,30,,11082,26,,,0,69,,11083,26,,,0,175,,11087,26,,,0,45,,11088,26,,,0,85,,11086,26,,,0,85,,11084,26,,,0,85,,11085,26,0,9,0,42,,11098,26,0,7 8,0
10029,'995',656,,11119,24,,,0,80,,11120,24,,,0,80,,11121,24,,,0,40,,11122,24,,,0,80,,11123,24,,,0,84,,11124,26,,,0,103,,11126,26,,,0,30,,11127,26,,,0,70,,11128,26,,,0,30,,11129,26,,,0,100,,11131,26,,,0,72,,11132,26,,,0,31,,11133,26,,,0,70,,11134,26,,,0,100,,11136,26,,,0,30,,11137,26,,,0,70,,11138,26,,,0,30,,11139,26,,,0,98,,11141,26,,,0,70,,11142,26,,,0,77,,11143,26,,,0,130,,11145,26,,,0,85,,11146,26,,,0,130,,11148,26,0,7 8,0
10029,'996',844,,11149,24,,,0,80,,11150,24,,,0,80,,11151,24,,,0,40,,11152,24,,,0,83,,11153,24,,,0,92,,11154,26,,,0,84,,11155,26,,,0,45,,11156,26,,,0,85,,11157,26,,,0,85,,11158,26,,,0,85,,11159,26,,,0,45,,11160,26,,,0,83,,11161,24,,,0,85,,11162,24,,,0,85,,11163,24,,,0,45,,11164,24,,,0,85,,11165,24,,,0,85,,11166,24,,,0,85,,11167,24,,,0,45,,11168,24,0,7 8,0
12019,'994',642,,7945,36,,,0,65,,7946,36,,,0,34,,7947,36,,,0,70,,7948,36,,,0,30,,7949,36,,,0,70,,7950,36,,,0,30,,7951,36,,,0,70,,7952,36,,,0,30,,7929,36,,,0,70,,7930,36,,,0,30,,7931,36,,,0,70,,7932,36,,,0,30,,7933,36,,,0,70,,7934,36,,,0,30,,7935,36,,,0,70,,7936,36,,,0,30,,7937,36,,,0,70,,7938,36,,,0,30,,7939,36,,,0,70,,7940,36,,,0,30,,7941,36,,,0,70,,7942,36,,,0,30,,7943,36,,,0,70,,7944,36,,,0,30,,7928,36,,,0,70,,7953,36,,,0
12019,'995',652,,7954,36,,,0,76,,7955,36,,,0,80,,7956,36,,,0,40,,7957,36,,,0,80,,7958,36,,,0,80,,7959,36,,,0,33,,7960,36,,,0,70,,7961,36,,,0,30,,7962,36,,,0,70,,7963,36,,,0,30,,7964,36,,,0,70,,7965,36,,,0,30,,7966,36,,,0,70,,7967,36,,,0,30,,7968,36,,,0,70,,7969,36,,,0,30,,7970,36,,,0,70,,7971,36,,,0,30,,7972,36,,,0,70,,7973,36,,,0,30,,7974,36,,,0,70,,7975,36,,,0,30,,7976,36,,,0,70,,7977,36,,,0
18019,'1004',843,,12012,32,,,0,80,,12013,32,,,0,80,,12014,32,,,0,40,,12015,32,,,0,83,,12016,32,,,0,87,,12017,32,,,0,45,,12018,32,,,0,85,,12019,32,,,0,85,,12020,32,,,0,85,,12021,32,,,0,45,,12022,32,,,0,85,,12023,32,,,0,85,,12024,32,,,0,85,,12025,32,,,0,45,,12026,32,,,0,85,,12027,32,,,0,85,,12028,32,,,0,85,,12029,32,,,0,45,,12030,32,,,0,85,,12031,32,,,0,82,,12032,32,,,0
18019,'1010',2038,,12006,32,,,0,85,,12008,32,,,0,130,,12010,32,,,0,85,,12009,32,,,0
18019,'1015',2038,,13957,32,,,0,85,,13958,32,,,0,130,,13960,32,,,0,85,,13959,32,,,0
18019,'1016',651,,13961,32,,,0,80,,13962,32,,,0,82,,13963,32,,,0,40,,13964,32,,,0,80,,13965,32,,,0,80,,13966,32,,,0,40,,13967,32,,,0,80,,13968,32,,,0,85,,13969,32,,,0,85,,13970,32,,,0,45,,13971,32,,,0,87,,13972,32,,,0,85,,13973,32,,,0,85,,13974,32,,,0,45,,13976,32,,,0,85,,13977,32,,,0,85,,13975,32,,,0,85,,13978,32,,,0,50,,13980,32,,,0,85,,13979,32,,,0,83,,13981,32,,,0,85,,13983,32,,,0,45,,13982,32,,,0,85,,13984,32,,,0,81,,13985,32,,,0
18019,'994',704,,11988,32,,,0,45,,11989,32,,,0,85,,11990,32,,,0,85,,11991,32,,,0,85,,11992,32,,,0,45,,11993,32,,,0,85,,11994,32,,,0,85,,11995,32,,,0,85,,11996,32,,,0,45,,11997,32,,,0,87,,11998,32,,,0,85,,11999,32,,,0,85,,12000,32,,,0,45,,12001,32,,,0,85,,12002,32,,,0,85,,12003,32,,,0,83,,12004,32,,,0,49,,12005,32,,,0,255,,12007,32,,,0,211,,12011,32,,,0
18019,'996',843,,12058,32,,,0,80,,12059,32,,,0,80,,12060,32,,,0,40,,12061,32,,,0,83,,12062,32,,,0,87,,12063,32,,,0,45,,12064,32,,,0,85,,12065,32,,,0,85,,12066,32,,,0,85,,12067,32,,,0,45,,12068,32,,,0,85,,12069,32,,,0,85,,12070,32,,,0,85,,12071,32,,,0,45,,12072,32,,,0,85,,12073,32,,,0,85,,12074,32,,,0,85,,12075,32,,,0,45,,12076,32,,,0,85,,12077,32,,,0,82,,12078,32,,,0
