14019,'1010',733,,11394,5,0,10 11,0,270,,11399,5,0,10 11,0,232,,11373,5,0,10 11,0,270,,11378,5,0,10 11,0,230,,11383,5,0,10 11,0,220,,11388,5,,,0,85,,11389,5,,,0,85,,11387,5,,,0,85,,11390,5,,,0,45,,11386,5,,,0,85,,11401,5,,,0
14019,'1011',833,,11396,5,0,10 11,0,270,,11370,5,0,10 11,0,232,,11375,5,0,10 11,0,270,,11380,5,0,10 11,0,228,,11385,5,0,10 11,0
14019,'1012',833,,12868,5,0,10 11,0,270,,12864,5,0,10 11,0,232,,12865,5,0,10 11,0,270,,12866,5,0,10 11,0,228,,12867,5,0,9,0
14019,'1014',839,,11402,5,,,0,80,,11403,5,,,0,40,,11404,5,,,0,80,,11405,5,,,0,84,,11406,5,,,0,88,,11407,5,,,0,45,,11408,5,,,0,85,,11409,5,,,0,85,,11410,5,,,0,85,,11411,5,,,0,45,,11412,5,,,0,85,,11413,5,,,0,85,,11414,5,,,0,85,,11415,5,,,0,45,,11416,5,,,0,82,,11417,5,,,0,85,,11418,5,,,0,85,,11419,5,,,0,45,,11420,5,,,0,85,,11421,5,,,0
14019,'1015',733,,13587,5,0,10 11,0,270,,13588,5,0,10 11,0,232,,13579,5,0,10 11,0,270,,13580,5,0,10 11,0,230,,13581,5,0,10 11,0,220,,13584,5,,,0,85,,13585,5,,,0,85,,13583,5,,,0,85,,13586,5,,,0,45,,13582,5,,,0,85,,13589,5,,,0
14019,'1016',651,,13590,5,,,0,80,,13591,5,,,0,80,,13592,5,,,0,40,,13593,5,,,0,80,,13594,5,,,0,80,,13595,5,,,0,222,,13596,5,0,10 11,0,272,,13597,5,0,10 11,0,230,,13598,5,0,10 11,0,219,,13599,5,,,0,85,,13600,5,,,0,85,,13601,5,,,0,85,,13602,5,,,0,45,,13604,5,,,0,85,,13603,5,,,0
14019,'1017',839,,13605,5,,,0,80,,13606,5,,,0,40,,13607,5,,,0,80,,13608,5,,,0,84,,13609,5,,,0,88,,13610,5,,,0,45,,13611,5,,,0,85,,13612,5,,,0,85,,13613,5,,,0,85,,13614,5,,,0,45,,13615,5,,,0,85,,13616,5,,,0,85,,13617,5,,,0,85,,13618,5,,,0,45,,13619,5,,,0,82,,13620,5,,,0,85,,13621,5,,,0,85,,13622,5,,,0,45,,13623,5,,,0,85,,13624,5,,,0
14019,'1018',839,,13625,5,,,0,80,,13626,5,,,0,40,,13627,5,,,0,80,,13628,5,,,0,84,,13629,5,,,0,88,,13630,5,,,0,45,,13631,5,,,0,85,,13632,5,,,0,85,,13633,5,,,0,85,,13634,5,,,0,45,,13635,5,,,0,85,,13636,5,,,0,85,,13637,5,,,0,85,,13638,5,,,0,45,,13639,5,,,0,82,,13640,5,,,0,85,,13641,5,,,0,85,,13642,5,,,0,45,,13643,5,,,0,85,,13644,5,,,0
14019,'994',638,,11392,5,0,10 11,0,65,,11393,5,0,10 11,0,100,,11395,5,0,10 11,0,100,,11397,5,0,10 11,0,30,,11398,5,0,10 11,0,100,,11369,5,0,10 11,0,100,,11371,5,0,10 11,0,70,,11372,5,0,10 11,0,102,,11374,5,0,10 11,0,100,,11376,5,0,10 11,0,30,,11377,5,0,10 11,0,100,,11379,5,0,10 11,0,100,,11381,5,0,10 11,0,70,,11382,5,0,10 11,0,100,,11384,5,0,10 11,0,98,,11391,5,,,0,30,,11400,5,,,0
14019,'995',1031,,11428,5,0,10 11,0,72,,11429,5,0,10 11,0,30,,11430,5,0,10 11,0,70,,11431,5,0,10 11,0,100,,11433,5,0,10 11,0,30,,11434,5,0,10 11,0,70,,11435,5,0,10 11,0,32,,11436,5,0,10 11,0,100,,11438,5,0,10 11,0,70,,11439,5,0,10 11,0,30,,11440,5,0,10 11,0,70,,11441,5,0,10 11,0,100,,11443,5,0,10 11,0,27,,11444,5,0,9,0,70,,11445,5,,,0,30,,11452,5,,,0
