1019,'976',750,,3362,3,,,0,80,,3363,3,,,0,20,,125,3,,,0,60,,3364,3,,,0,20,,107,3,,,0,20,,3373,3,,,0,60,,108,3,,,0,20,,3375,3,,,0,23,,109,3,,,0,62,,3377,3,,,0,23,,110,3,,,0,62,,3372,3,,,0,23,,111,3,,,0,22,,3374,3,,,0,63,,112,3,,,0,22,,3376,3,,,0,23,,113,3,,,0,62,,3378,3,,,0,23,,114,3,,,0,62,,3379,3,,,0,23,,115,3,,,0,22,,3380,3,,,0,63,,116,3,,,0,22,,3381,3,,,0,23,,117,3,,,0,62,,3382,3,,,0,23,,137,3,,,0,62,,3365,3,,,0,23,,138,3,,,0,22,,3366,3,,,0,85,,3368,3,,,0,85,,3367,3,,,0,85,,3369,3,,,0,45,,3371,3,,,0,85,,3370,3,,,0,83,,3383,3,,,0
1019,'979',601,,37,3,,,0,30,,38,3,,,0,70,,39,3,,,0,30,,40,3,,,0,70,,41,3,,,0,30,,42,3,,,0,70,,43,3,,,0,30,,44,3,,,0,70,,45,3,,,0,30,,46,3,,,0,70,,47,3,,,0,30,,48,3,,,0,70,,49,3,,,0,30,,50,3,,,0,70,,51,3,,,0,30,,52,3,,,0,70,,53,3,,,0,30,,54,3,,,0,70,,55,3,,,0,30,,56,3,,,0,70,,57,3,,,0,30,,58,3,,,0,70,,59,3,,,0,30,,60,3,,,0,70,,61,3,,,0,30,,63,3,,,0,69,,70,3,,,0,45,,65,3,,,0,85,,64,3,,,0,85,,66,3,,,0,85,,67,3,,,0,45,,68,3,,,0,85,,62,3,,,0,81,,69,3,,,0
1019,'983',750,,1,3,,,0,80,,2,3,,,0,80,,3,3,,,0,40,,24,3,,,0,80,,26,3,,,0,85,,28,3,,,0,85,,23,3,,,0,45,,25,3,,,0,85,,27,3,,,0,85,,29,3,,,0,85,,30,3,,,0,45,,31,3,,,0,85,,32,3,,,0,85,,33,3,,,0,85,,15,3,,,0,45,,16,3,,,0,85,,18,3,,,0,85,,17,3,,,0,85,,19,3,,,0,45,,21,3,,,0,85,,20,3,,,0,83,,36,3,,,0
1019,'984',850,,22,3,,,0,80,,4,3,,,0,80,,5,3,,,0,43,,6,3,,,0,85,,7,3,,,0,85,,8,3,,,0,85,,9,3,,,0,45,,10,3,,,0,85,,11,3,,,0,85,,12,3,,,0,85,,13,3,,,0,45,,14,3,,,0,85,,34,3,,,0,85,,35,3,,,0
1019,'985',601,,3384,3,,,0,30,,3385,3,,,0,70,,3386,3,,,0,30,,3387,3,,,0,70,,3388,3,,,0,30,,3389,3,,,0,70,,3390,3,,,0,30,,3391,3,,,0,70,,3392,3,,,0,30,,3393,3,,,0,70,,3394,3,,,0,30,,3395,3,,,0,70,,3396,3,,,0,30,,3397,3,,,0,70,,3398,3,,,0,30,,3399,3,,,0,70,,3400,3,,,0,30,,3401,3,,,0,70,,3402,3,,,0,30,,3403,3,,,0,70,,3404,3,,,0,30,,3405,3,,,0,70,,3406,3,,,0,30,,3407,3,,,0,70,,3408,3,,,0,30,,3410,3,,,0,69,,3417,3,,,0,45,,3412,3,,,0,85,,3411,3,,,0,85,,3413,3,,,0,85,,3414,3,,,0,45,,3415,3,,,0,85,,3409,3,,,0,81,,3416,3,,,0
1019,'986',600,,3418,3,,,0,40,,3419,3,,,0,80,,3420,3,,,0,80,,3421,3,,,0,40,,3422,3,,,0,80,,3423,3,,,0,20,,3450,3,,,0,60,,3448,3,,,0,30,,3428,3,,,0,70,,3427,3,,,0,30,,3430,3,,,0,70,,3429,3,,,0,30,,3432,3,,,0,70,,3431,3,,,0,30,,3434,3,,,0,70,,3433,3,,,0,30,,3436,3,,,0,70,,3435,3,,,0,30,,3438,3,,,0,70,,3437,3,,,0,30,,3440,3,,,0,70,,3439,3,,,0,30,,3426,3,,,0,70,,3441,3,,,0,30,,3449,3,,,0,70,,3443,3,,,0,45,,3442,3,,,0,85,,3444,3,,,0,85,,3446,3,,,0,85,,3445,3,,,0,45,,3424,3,,,0,85,,3447,3,,,0,85,,3425,3,,,0
1019,'987',750,,3451,3,,,0,80,,3452,3,,,0,80,,3453,3,,,0,40,,3462,3,,,0,80,,3464,3,,,0,85,,3466,3,,,0,85,,3461,3,,,0,45,,3463,3,,,0,85,,3465,3,,,0,85,,3467,3,,,0,85,,3468,3,,,0,45,,3469,3,,,0,85,,3470,3,,,0,85,,3471,3,,,0,85,,3454,3,,,0,45,,3455,3,,,0,85,,3457,3,,,0,85,,3456,3,,,0,85,,3458,3,,,0,45,,3460,3,,,0,85,,3459,3,,,0,83,,3472,3,,,0
2019,'976',831,,451,3,0,12,0,80,,452,3,0,12,0,40,,453,3,0,12,0,80,,454,3,0,12,0,85,,455,3,0,12,0,85,,456,3,0,12,0,45,,457,3,0,12,0,85,,458,3,0,12,0,85,,459,3,0,12,0,85,,460,3,0,12,0,45,,461,3,0,12,0,85,,462,3,0,12,0,85,,463,3,0,12,0,85,,464,3,0,12,0,45,,465,3,0,12,0,85,,466,3,0,12,0,85,,467,3,0,12,0,85,,468,3,0,12,0,45,,469,3,0,12,0,85,,490,3,0,12,0
2019,'979',2009,,383,3,0,5,0,130,,380,3,0,5,0
2019,'980',621,,367,3,0,12,0,25,,368,3,0,12,0,70,,369,3,0,12,0,30,,370,3,0,12,0,70,,371,3,0,12,0,30,,372,3,0,12,0,70,,373,3,0,12,0,30,,366,3,0,12,0,70,,344,3,0,12,0,30,,345,3,0,12,0,70,,346,3,0,12,0,30,,347,3,0,12,0,70,,348,3,0,12,0,30,,349,3,0,12,0,70,,350,3,0,12,0,30,,351,3,0,12,0,70,,352,3,0,12,0,30,,353,3,0,12,0,70,,354,3,0,12,0,30,,355,3,0,12,0,70,,356,3,0,12,0,30,,357,3,0,12,0,70,,358,3,0,12,0,30,,317,3,0,12,0,70,,318,3,0,12,0,85,,319,3,0,12,0,22,,382,3,0,5,0,22,,320,3,0,12,0,86,,321,3,0,12,0,23,,384,3,0,5,0,62,,322,3,0,12,0,85,,323,3,0,12,0,45,,375,3,0,12,0,85,,377,3,0,5,0
2019,'984',831,,274,3,0,12,0,80,,275,3,0,12,0,40,,276,3,0,12,0,80,,277,3,0,12,0,85,,278,3,0,12,0,85,,279,3,0,12,0,45,,280,3,0,12,0,85,,281,3,0,12,0,85,,282,3,0,12,0,85,,283,3,0,12,0,45,,284,3,0,12,0,85,,285,3,0,12,0,85,,286,3,0,12,0,85,,287,3,0,12,0,45,,288,3,0,12,0,85,,289,3,0,12,0,85,,290,3,0,12,0,85,,291,3,0,12,0,45,,292,3,0,12,0,85,,313,3,0,12,0
2019,'985',2009,,3583,3,0,5,0,130,,3581,3,0,5,0
2019,'986',601,,3615,3,0,12,0,40,,3616,3,0,12,0,80,,3617,3,0,12,0,80,,3618,3,0,12,0,40,,3619,3,0,12,0,80,,3620,3,0,12,0,25,,3646,3,0,12,0,70,,3621,3,0,12,0,30,,3622,3,0,12,0,70,,3623,3,0,12,0,30,,3624,3,0,12,0,70,,3625,3,0,12,0,30,,3626,3,0,12,0,70,,3627,3,0,12,0,30,,3628,3,0,12,0,70,,3629,3,0,12,0,30,,3630,3,0,12,0,70,,3631,3,0,12,0,30,,3632,3,0,12,0,70,,3633,3,0,12,0,30,,3634,3,0,12,0,70,,3635,3,0,12,0,30,,3636,3,0,12,0,70,,3647,3,0,12,0,85,,3637,3,0,12,0,45,,3638,3,0,12,0,85,,3639,3,0,12,0,85,,3640,3,0,12,0,85,,3641,3,0,12,0,45,,3642,3,0,12,0,85,,3643,3,0,5,0
11029,'979',601,,1579,3,,,0,30,,1580,3,,,0,70,,1581,3,,,0,30,,1582,3,,,0,70,,1583,3,,,0,30,,1584,3,,,0,70,,1585,3,,,0,30,,1578,3,,,0,70,,1562,3,,,0,30,,1563,3,,,0,70,,1564,3,,,0,30,,1565,3,,,0,70,,1566,3,,,0,30,,1567,3,,,0,70,,1568,3,,,0,30,,1569,3,,,0,70,,1570,3,,,0,30,,1571,3,,,0,70,,1572,3,,,0,30,,1573,3,,,0,70,,1574,3,,,0,30,,1575,3,,,0,70,,1576,3,,,0,30,,1577,3,,,0,70,,1587,3,,,0,30,,1586,3,,,0
11029,'985',601,,4589,3,,,0,30,,4590,3,,,0,70,,4591,3,,,0,30,,4592,3,,,0,70,,4593,3,,,0,30,,4594,3,,,0,70,,4595,3,,,0,30,,4588,3,,,0,70,,4572,3,,,0,30,,4573,3,,,0,70,,4574,3,,,0,30,,4575,3,,,0,70,,4576,3,,,0,30,,4577,3,,,0,70,,4578,3,,,0,30,,4579,3,,,0,70,,4580,3,,,0,30,,4581,3,,,0,70,,4582,3,,,0,30,,4583,3,,,0,70,,4584,3,,,0,30,,4585,3,,,0,70,,4586,3,,,0,30,,4587,3,,,0,70,,4597,3,,,0,30,,4596,3,,,0
11029,'986',1001,,4598,3,,,0,30,,4599,3,,,0,70,,4600,3,,,0,30,,4601,3,,,0,70,,4602,3,,,0,30,,4603,3,,,0,70,,4604,3,,,0,30,,4605,3,,,0,70,,4606,3,,,0,30,,4607,3,,,0,70,,4608,3,,,0,30,,4609,3,,,0,70,,4610,3,,,0,30,,4611,3,,,0,70,,4612,3,,,0,30,,4613,3,,,0,70,,4614,3,,,0,30,,4615,3,,,0
13019,'976',830,,4654,3,,,0,80,,4655,3,,,0,40,,4656,3,,,0,80,,4657,3,,,0,85,,4658,3,,,0,85,,4659,3,,,0,45,,4660,3,,,0,85,,4661,3,,,0,85,,4662,3,,,0,85,,4663,3,,,0,45,,4664,3,,,0,85,,4665,3,,,0,85,,4666,3,,,0,85,,4667,3,,,0,45,,4668,3,,,0,85,,4669,3,,,0,85,,4670,3,,,0,85,,4671,3,,,0,45,,4672,3,,,0
13019,'979',1901,,1680,3,,,0,45,,1675,3,,,0,85,,1676,3,,,0,85,,1678,3,,,0,84,,1677,3,,,0,45,,1679,3,,,0
13019,'983',830,,1656,3,,,0,80,,1657,3,,,0,40,,1658,3,,,0,80,,1659,3,,,0,85,,1660,3,,,0,85,,1661,3,,,0,45,,1662,3,,,0,85,,1663,3,,,0,85,,1664,3,,,0,85,,1665,3,,,0,45,,1666,3,,,0,85,,1667,3,,,0,85,,1668,3,,,0,85,,1669,3,,,0,45,,1670,3,,,0,85,,1671,3,,,0,85,,1672,3,,,0,85,,1673,3,,,0,45,,1674,3,,,0
13019,'985',1901,,4678,3,,,0,45,,4673,3,,,0,85,,4674,3,,,0,85,,4676,3,,,0,84,,4675,3,,,0,45,,4677,3,,,0
13019,'986',600,,4679,3,,,0,40,,4680,3,,,0,80,,4681,3,,,0,80,,4682,3,,,0,40,,4683,3,,,0,80,,4684,3,,,0,981,,4685,3,,,0,45,,4686,3,,,0,85,,4687,3,,,0,85,,4688,3,,,0,85,,4689,3,,,0,45,,4690,3,,,0
13019,'987',830,,4691,3,,,0,80,,4692,3,,,0,40,,4693,3,,,0,80,,4694,3,,,0,85,,4695,3,,,0,85,,4696,3,,,0,45,,4697,3,,,0,85,,4698,3,,,0,85,,4699,3,,,0,85,,4700,3,,,0,45,,4701,3,,,0,85,,4702,3,,,0,85,,4703,3,,,0,85,,4704,3,,,0,45,,4705,3,,,0,85,,4706,3,,,0,85,,4707,3,,,0,85,,4708,3,,,0,45,,4709,3,,,0
