14029,'1010',701,,11498,4,,,0,230,,11503,4,,,0,270,,11477,4,,,0,230,,11482,4,,,0,270,,11487,4,,,0,222,,11493,4,,,0,85,,11490,4,,,0,45,,11492,4,,,0,85,,11491,4,,,0,85,,11494,4,,,0,85,,11505,4,,,0
14029,'1011',801,,11500,4,,,0,230,,11474,4,,,0,270,,11479,4,,,0,230,,11484,4,,,0,270,,11489,4,,,0
14029,'1012',801,,12873,4,,,0,230,,12869,4,,,0,270,,12870,4,,,0,230,,12871,4,,,0,270,,12872,4,,,0
14029,'1014',811,,11506,4,,,0,40,,11507,4,,,0,80,,11508,4,,,0,80,,11509,4,,,0,43,,11510,4,,,0,85,,11511,4,,,0,85,,11512,4,,,0,85,,11513,4,,,0,45,,11514,4,,,0,85,,11515,4,,,0,85,,11516,4,,,0,85,,11517,4,,,0,45,,11518,4,,,0,85,,11519,4,,,0,85,,11520,4,,,0,85,,11521,4,,,0,45,,11522,4,,,0,85,,11523,4,,,0,85,,11524,4,,,0,85,,11525,4,,,0
14029,'1015',701,,13653,4,,,0,230,,13654,4,,,0,270,,13645,4,,,0,230,,13646,4,,,0,270,,13647,4,,,0,222,,13651,4,,,0,85,,13648,4,,,0,45,,13650,4,,,0,85,,13649,4,,,0,85,,13652,4,,,0,85,,13655,4,,,0
14029,'1016',621,,13656,4,,,0,80,,13657,4,,,0,40,,13658,4,,,0,80,,13659,4,,,0,80,,13660,4,,,0,40,,13661,4,,,0,260,,13662,4,,,0,230,,13663,4,,,0,270,,13664,4,,,0,222,,13665,4,,,0,85,,13666,4,,,0,45,,13667,4,,,0,85,,13668,4,,,0,85,,13670,4,,,0,85,,13669,4,,,0
14029,'1017',811,,13671,4,,,0,40,,13672,4,,,0,80,,13673,4,,,0,80,,13674,4,,,0,43,,13675,4,,,0,85,,13676,4,,,0,85,,13677,4,,,0,85,,13678,4,,,0,45,,13679,4,,,0,85,,13680,4,,,0,85,,13681,4,,,0,85,,13682,4,,,0,45,,13683,4,,,0,85,,13684,4,,,0,85,,13685,4,,,0,85,,13686,4,,,0,45,,13687,4,,,0,85,,13688,4,,,0,85,,13689,4,,,0,85,,13690,4,,,0
14029,'1018',811,,13691,4,,,0,40,,13692,4,,,0,80,,13693,4,,,0,80,,13694,4,,,0,43,,13695,4,,,0,85,,13696,4,,,0,85,,13697,4,,,0,85,,13698,4,,,0,45,,13699,4,,,0,85,,13700,4,,,0,85,,13701,4,,,0,85,,13702,4,,,0,45,,13703,4,,,0,85,,13704,4,,,0,85,,13705,4,,,0,85,,13706,4,,,0,45,,13707,4,,,0,85,,13708,4,,,0,85,,13709,4,,,0,85,,13710,4,,,0
14029,'994',611,,11496,4,,,0,20,,11497,4,,,0,100,,11499,4,,,0,100,,11501,4,,,0,70,,11502,4,,,0,100,,11473,4,,,0,100,,11475,4,,,0,30,,11476,4,,,0,100,,11478,4,,,0,100,,11480,4,,,0,70,,11481,4,,,0,100,,11483,4,,,0,100,,11485,4,,,0,30,,11486,4,,,0,100,,11488,4,,,0,100,,11495,4,,,0,70,,11504,4,,,0
14029,'995',1001,,11532,4,,,0,30,,11533,4,,,0,70,,11534,4,,,0,30,,11535,4,,,0,100,,11537,4,,,0,70,,11538,4,,,0,30,,11539,4,,,0,70,,11540,4,,,0,100,,11542,4,,,0,30,,11543,4,,,0,70,,11544,4,,,0,30,,11545,4,,,0,100,,11547,4,,,0,70,,11548,4,,,0,30,,11549,4,,,0,70,,11555,4,,,0
