1029,'976',825,,3473,21,,,0,80,,3474,21,,,0,20,,261,21,,,0,20,,3491,21,,,0,60,,263,21,,,0,20,,3475,21,,,0,20,,265,21,,,0,63,,3476,21,,,0,22,,260,21,,,0,23,,3477,21,,,0,63,,264,21,,,0,23,,3478,21,,,0,62,,262,21,,,0,23,,3479,21,,,0,22,,266,21,,,0,63,,3480,21,,,0,22,,267,21,,,0,23,,3481,21,,,0,62,,268,21,,,0,23,,3482,21,,,0,62,,269,21,,,0,23,,3483,21,,,0,22,,270,21,,,0,63,,3484,21,,,0,22,,271,21,,,0,23,,3485,21,,,0,62,,253,21,,,0,23,,3493,21,,,0,84,,3490,20,,,0,85,,3486,20,,,0,45,,3487,20,,,0,85,,3489,20,,,0,85,,3488,20,,,0,85,,3492,20,,,0
1029,'979',619,,174,21,,,0,30,,175,21,,,0,70,,176,21,,,0,30,,177,21,,,0,70,,178,21,,,0,30,,179,21,,,0,70,,180,21,,,0,30,,181,21,,,0,70,,182,21,,,0,30,,183,21,,,0,70,,184,21,,,0,30,,185,21,,,0,70,,186,21,,,0,30,,187,21,,,0,70,,188,21,,,0,30,,189,21,,,0,70,,190,21,,,0,30,,191,21,,,0,70,,192,21,,,0,30,,193,21,,,0,70,,194,21,,,0,30,,195,21,,,0,70,,196,21,,,0,30,,197,21,,,0,70,,198,21,,,0,30,,199,21,,,0,70,,207,21,,,0,17,,200,21,,,0,85,,201,21,,,0,85,,203,21,,,0,45,,204,20,,,0,84,,205,20,,,0,85,,202,20,,,0,85,,206,20,,,0
1029,'983',825,,140,21,,,0,80,,141,21,,,0,40,,159,21,,,0,80,,142,21,,,0,83,,143,21,,,0,45,,144,21,,,0,86,,145,21,,,0,85,,146,21,,,0,85,,147,21,,,0,45,,148,21,,,0,85,,149,21,,,0,85,,150,21,,,0,85,,151,21,,,0,45,,152,21,,,0,85,,173,21,,,0,84,,158,20,,,0,85,,154,20,,,0,45,,155,20,,,0,85,,157,20,,,0,85,,156,20,,,0,85,,172,20,,,0
1029,'984',925,,161,21,,,0,80,,163,21,,,0,40,,165,21,,,0,85,,160,21,,,0,86,,164,21,,,0,85,,162,21,,,0,45,,166,21,,,0,85,,167,21,,,0,85,,168,21,,,0,85,,169,21,,,0,45,,170,21,,,0,85,,171,21,,,0,85,,153,21,,,0
1029,'985',619,,3494,21,,,0,30,,3495,21,,,0,70,,3496,21,,,0,30,,3497,21,,,0,70,,3498,21,,,0,30,,3499,21,,,0,70,,3500,21,,,0,30,,3501,21,,,0,70,,3502,21,,,0,30,,3503,21,,,0,70,,3504,21,,,0,30,,3505,21,,,0,70,,3506,21,,,0,30,,3507,21,,,0,70,,3508,21,,,0,30,,3509,21,,,0,70,,3510,21,,,0,30,,3511,21,,,0,70,,3512,21,,,0,30,,3513,21,,,0,70,,3514,21,,,0,30,,3515,21,,,0,70,,3516,21,,,0,30,,3517,21,,,0,70,,3518,21,,,0,30,,3519,21,,,0,70,,3527,21,,,0,17,,3520,21,,,0,85,,3521,21,,,0,85,,3523,21,,,0,45,,3524,20,,,0,84,,3525,20,,,0,85,,3522,20,,,0,85,,3526,20,,,0
1029,'986',635,,3528,21,,,0,80,,3529,21,,,0,40,,3530,21,,,0,80,,3531,21,,,0,80,,3532,21,,,0,40,,3533,21,,,0,60,,3535,21,,,0,30,,3534,21,,,0,71,,3537,21,,,0,30,,3536,21,,,0,70,,3539,21,,,0,30,,3538,21,,,0,70,,3541,21,,,0,30,,3540,21,,,0,70,,3543,21,,,0,30,,3542,21,,,0,70,,3545,21,,,0,30,,3544,21,,,0,70,,3547,21,,,0,30,,3546,21,,,0,70,,3549,21,,,0,30,,3548,21,,,0,70,,3558,21,,,0,30,,3550,21,,,0,70,,3559,21,,,0,21,,3551,21,,,0,84,,3553,20,,,0,85,,3552,20,,,0,45,,3554,20,,,0,85,,3556,20,,,0,85,,3555,20,,,0,85,,3557,20,,,0
1029,'987',825,,3560,21,,,0,80,,3561,21,,,0,40,,3578,21,,,0,80,,3562,21,,,0,83,,3563,21,,,0,45,,3564,21,,,0,86,,3565,21,,,0,85,,3566,21,,,0,85,,3567,21,,,0,45,,3568,21,,,0,85,,3569,21,,,0,85,,3570,21,,,0,85,,3571,21,,,0,45,,3572,21,,,0,85,,3580,21,,,0,84,,3577,20,,,0,85,,3573,20,,,0,45,,3574,20,,,0,85,,3576,20,,,0,85,,3575,20,,,0,85,,3579,20,,,0
2019,'976',903,,478,19,,,0,40,,488,19,,,0,80,,479,19,,,0,82,,470,19,,,0,40,,480,19,,,0,90,,471,19,,,0,85,,481,19,,,0,85,,472,19,,,0,45,,482,19,,,0,85,,473,19,,,0,85,,483,19,,,0,85,,477,19,,,0,45,,474,19,,,0,85,,487,19,,,0,85,,484,19,,,0,85,,485,19,,,0,45,,486,19,,,0,85,,475,19,,,0,85,,476,19,,,0,85,,489,19,,,0
2019,'979',1958,,385,19,,,0,170,,387,19,,,0,130,,381,19,,,0
2019,'980',704,,359,19,,,0,34,,360,19,,,0,70,,361,19,,,0,30,,362,19,,,0,69,,363,19,,,0,31,,364,19,,,0,70,,365,19,,,0,30,,328,19,,,0,70,,329,19,,,0,30,,330,19,,,0,70,,331,19,,,0,30,,332,19,,,0,70,,333,19,,,0,30,,334,19,,,0,70,,335,19,,,0,30,,336,19,,,0,70,,337,19,,,0,30,,338,19,,,0,70,,339,19,,,0,30,,340,19,,,0,70,,341,19,,,0,30,,342,19,,,0,70,,343,19,,,0,30,,325,19,,,0,70,,326,19,,,0,30,,324,19,,,0,84,,327,19,,,0,21,,386,19,,,0,65,,314,19,,,0,44,,315,19,,,0,61,,379,19,,,0,25,,316,19,,,0,83,,374,19,,,0,86,,376,19,,,0,16,,378,19,,,0
2019,'984',903,,301,19,,,0,40,,311,19,,,0,80,,302,19,,,0,82,,293,19,,,0,40,,303,19,,,0,90,,294,19,,,0,85,,304,19,,,0,85,,295,19,,,0,45,,305,19,,,0,85,,296,19,,,0,85,,306,19,,,0,85,,300,19,,,0,45,,297,19,,,0,85,,310,19,,,0,85,,307,19,,,0,85,,308,19,,,0,45,,309,19,,,0,85,,298,19,,,0,85,,299,19,,,0,85,,312,19,,,0
2019,'985',1958,,3584,19,,,0,170,,3585,19,,,0,130,,3582,19,,,0
2019,'986',629,,3586,19,,,0,80,,3587,19,,,0,40,,3588,19,,,0,80,,3589,19,,,0,80,,3590,19,,,0,42,,3591,19,,,0,85,,3592,19,,,0,70,,3593,19,,,0,30,,3594,19,,,0,70,,3595,19,,,0,30,,3596,19,,,0,70,,3597,19,,,0,30,,3598,19,,,0,70,,3599,19,,,0,30,,3600,19,,,0,70,,3601,19,,,0,30,,3602,19,,,0,70,,3603,19,,,0,30,,3604,19,,,0,70,,3605,19,,,0,30,,3606,19,,,0,70,,3607,19,,,0,30,,3608,19,,,0,70,,3609,19,,,0,30,,3610,19,,,0,84,,3611,19,,,0,83,,3612,19,,,0,45,,3613,19,,,0,85,,3614,19,,,0,85,,3645,19,,,0,85,,3644,19,,,0,15,,3648,19,,,0
