4019,'979',635,,491,4,,,0,502,,496,8,,,0
4019,'985',635,,3649,4,,,0,502,,3652,8,,,0
8019,'976',813,,3935,9,0,5,0,40,,3952,9,0,5,0,80,,3936,9,0,6,0,80,,3920,9,0,6,0,43,,3921,9,0,6,0,85,,3938,9,0,6,0,85,,3922,9,0,6,0,85,,3939,9,0,6,0,45,,3923,9,0,6,0,85,,3940,9,0,6,0,85,,3924,9,0,6,0,85,,3941,9,0,6,0,45,,3925,9,0,6,0,85,,3948,9,0,5,0,85,,3951,9,0,5,0,85,,3953,9,0,5,0,45,,3954,9,0,5,0,85,,3942,9,0,5,0,85,,3926,9,0,5,0,85,,3957,9,0,5,0
8019,'979',623,,993,9,0,6,0,30,,994,9,0,6,0,65,,995,9,0,6,0,30,,996,9,0,6,0,70,,997,9,0,6,0,30,,998,9,0,6,0,70,,999,9,0,6,0,30,,1000,9,0,6,0,70,,949,9,0,6,0,30,,950,9,0,6,0,70,,951,9,0,6,0,30,,952,9,0,6,0,71,,953,9,0,6,0,30,,954,9,0,6,0,70,,955,9,0,6,0,30,,956,9,0,6,0,70,,957,9,0,6,0,30,,958,9,0,6,0,70,,959,9,0,6,0,30,,960,9,0,6,0,70,,961,9,0,6,0,30,,962,9,0,6,0,70,,963,9,0,6,0,30,,964,9,0,6,0,69,,987,9,0,6,0,30,,982,9,0,6,0,77,,1009,9,0,5,0,85,,986,9,0,5,0,45,,983,9,0,5,0,85,,985,9,0,5,0,85,,984,9,0,5,0
8019,'983',813,,925,9,0,5,0,40,,942,9,0,5,0,80,,926,9,0,6,0,80,,910,9,0,6,0,43,,911,9,0,6,0,85,,928,9,0,6,0,85,,912,9,0,6,0,85,,929,9,0,6,0,45,,913,9,0,6,0,85,,930,9,0,6,0,85,,914,9,0,6,0,85,,931,9,0,6,0,45,,915,9,0,6,0,85,,938,9,0,5,0,85,,941,9,0,5,0,85,,943,9,0,5,0,45,,944,9,0,5,0,85,,932,9,0,5,0,85,,916,9,0,5,0,85,,947,9,0,5,0
8019,'985',623,,4003,9,0,6,0,30,,4004,9,0,6,0,65,,4005,9,0,6,0,30,,4006,9,0,6,0,70,,4007,9,0,6,0,30,,4008,9,0,6,0,70,,4009,9,0,6,0,30,,4010,9,0,6,0,70,,3959,9,0,6,0,30,,3960,9,0,6,0,70,,3961,9,0,6,0,30,,3962,9,0,6,0,71,,3963,9,0,6,0,30,,3964,9,0,6,0,70,,3965,9,0,6,0,30,,3966,9,0,6,0,70,,3967,9,0,6,0,30,,3968,9,0,6,0,70,,3969,9,0,6,0,30,,3970,9,0,6,0,70,,3971,9,0,6,0,30,,3972,9,0,6,0,70,,3973,9,0,6,0,30,,3974,9,0,6,0,69,,3997,9,0,6,0,30,,3992,9,0,6,0,77,,4019,9,0,5,0,85,,3996,9,0,5,0,45,,3993,9,0,5,0,85,,3995,9,0,5,0,85,,3994,9,0,5,0
8019,'986',623,,4031,9,0,5,0,80,,4032,9,0,5,0,40,,4033,9,0,5,0,80,,4034,9,0,5,0,80,,4035,9,0,6,0,40,,4036,9,0,6,0,75,,4037,9,0,6,0,30,,4038,9,0,6,0,70,,4039,9,0,6,0,30,,4040,9,0,6,0,70,,4041,9,0,6,0,32,,4042,9,0,6,0,70,,4043,9,0,6,0,30,,4044,9,0,6,0,70,,4045,9,0,6,0,30,,4046,9,0,6,0,70,,4047,9,0,6,0,30,,4048,9,0,6,0,70,,4049,9,0,6,0,30,,4050,9,0,6,0,70,,4051,9,0,6,0,30,,4052,9,0,6,0,68,,4076,9,0,6,0,30,,4079,9,0,6,0,77,,4053,9,0,5,0,85,,4054,9,0,5,0,45,,4055,9,0,5,0,85,,4056,9,0,5,0,85,,4057,9,0,5,0
8019,'987',813,,4096,9,0,5,0,40,,4113,9,0,5,0,80,,4097,9,0,6,0,80,,4081,9,0,6,0,43,,4082,9,0,6,0,85,,4099,9,0,6,0,85,,4083,9,0,6,0,85,,4100,9,0,6,0,45,,4084,9,0,6,0,85,,4101,9,0,6,0,85,,4085,9,0,6,0,85,,4102,9,0,6,0,45,,4086,9,0,6,0,85,,4109,9,0,5,0,85,,4112,9,0,5,0,85,,4114,9,0,5,0,45,,4115,9,0,5,0,85,,4103,9,0,5,0,85,,4087,9,0,5,0,85,,4118,9,0,5,0
18029,'976',814,,5557,8,,,0,40,,5558,8,,,0,80,,5559,8,,,0,80,,5560,8,,,0,43,,5561,8,,,0,85,,5562,8,,,0,85,,5563,8,,,0,85,,5564,8,,,0,45,,5565,8,,,0,85,,5566,8,,,0,85,,5567,8,,,0,85,,5568,8,,,0,45,,5569,8,,,0,85,,5570,8,,,0,85,,5571,8,,,0,85,,5572,8,,,0,45,,5573,8,,,0,85,,5574,8,,,0,85,,5575,8,,,0,85,,5576,8,,,0,45,,5577,8,,,0
18029,'979',634,,2608,8,,,0,85,,2609,8,,,0,85,,2610,8,,,0,45,,2611,8,,,0,85,,2612,8,,,0,85,,2613,8,,,0,85,,2614,8,,,0,45,,2615,8,,,0,85,,2616,8,,,0,85,,2617,8,,,0,86,,2618,8,,,0,45,,2619,8,,,0,85,,2620,8,,,0,85,,2621,8,,,0,85,,2622,8,,,0,45,,2623,8,,,0,84,,2624,8,,,0,92,,2625,8,,,0,85,,2626,8,,,0,45,,2628,8,,,0,85,,2627,8,,,0,85,,2630,8,,,0,85,,2629,8,,,0,44,,2631,8,,,0
18029,'983',814,,2587,8,,,0,40,,2588,8,,,0,80,,2589,8,,,0,80,,2590,8,,,0,43,,2591,8,,,0,85,,2592,8,,,0,85,,2593,8,,,0,85,,2594,8,,,0,45,,2595,8,,,0,85,,2596,8,,,0,85,,2597,8,,,0,85,,2598,8,,,0,45,,2599,8,,,0,85,,2600,8,,,0,85,,2601,8,,,0,85,,2602,8,,,0,45,,2603,8,,,0,85,,2604,8,,,0,85,,2605,8,,,0,85,,2606,8,,,0,45,,2607,8,,,0
18029,'985',634,,5578,8,,,0,85,,5579,8,,,0,85,,5580,8,,,0,45,,5581,8,,,0,85,,5582,8,,,0,85,,5583,8,,,0,85,,5584,8,,,0,45,,5585,8,,,0,85,,5586,8,,,0,85,,5587,8,,,0,86,,5588,8,,,0,45,,5589,8,,,0,85,,5590,8,,,0,85,,5591,8,,,0,85,,5592,8,,,0,45,,5593,8,,,0,84,,5594,8,,,0,92,,5595,8,,,0,85,,5596,8,,,0,45,,5598,8,,,0,85,,5597,8,,,0,85,,5600,8,,,0,85,,5599,8,,,0,44,,5601,8,,,0
18029,'986',624,,5602,8,,,0,80,,5603,8,,,0,40,,5604,8,,,0,80,,5605,8,,,0,80,,5606,8,,,0,40,,5607,8,,,0,80,,5608,8,,,0,80,,5609,8,,,0,45,,5610,8,,,0,85,,5611,8,,,0,85,,5612,8,,,0,86,,5613,8,,,0,45,,5614,8,,,0,85,,5615,8,,,0,85,,5617,8,,,0,85,,5618,8,,,0,45,,5616,8,,,0,85,,5619,8,,,0,91,,5621,8,,,0,85,,5620,8,,,0,45,,5622,8,,,0,85,,5624,8,,,0,85,,5623,8,,,0,85,,5625,8,,,0,44,,5626,8,,,0
18029,'987',814,,5627,8,,,0,40,,5628,8,,,0,80,,5629,8,,,0,80,,5630,8,,,0,43,,5631,8,,,0,85,,5632,8,,,0,85,,5633,8,,,0,85,,5634,8,,,0,45,,5635,8,,,0,85,,5636,8,,,0,85,,5637,8,,,0,85,,5638,8,,,0,45,,5639,8,,,0,85,,5640,8,,,0,85,,5641,8,,,0,85,,5642,8,,,0,45,,5643,8,,,0,85,,5644,8,,,0,85,,5645,8,,,0,85,,5646,8,,,0,45,,5647,8,,,0
