13029,'1004',853,,11319,4,,,0,80,,11320,4,,,0,80,,11321,4,,,0,40,,11322,4,,,0,86,,11323,4,,,0,85,,11324,4,,,0,85,,11325,4,,,0,45,,11326,4,,,0,85,,11327,4,,,0,85,,11328,4,,,0,85,,11329,4,,,0,45,,11330,4,,,0,85,,11331,4,,,0,85,,11332,4,,,0,85,,11333,4,,,0,45,,11334,4,,,0,84,,11335,4,,,0,85,,11336,4,,,0,85,,11337,4,,,0
13029,'994',1925,,11318,4,,,0,85,,11313,4,,,0,45,,11314,4,,,0,85,,11316,4,,,0,83,,11315,4,,,0,85,,11317,4,,,0
13029,'995',622,,11338,4,,,0,80,,11339,4,,,0,40,,11340,4,,,0,80,,11341,4,,,0,81,,11342,4,,,0,40,,11343,4,,,0,982,,11344,4,,,0,85,,11345,4,,,0,45,,11346,4,,,0,85,,11347,4,,,0,85,,11348,4,,,0,85,,11349,4,,,0
13029,'996',853,,11350,4,,,0,80,,11351,4,,,0,80,,11352,4,,,0,40,,11353,4,,,0,86,,11354,4,,,0,85,,11355,4,,,0,85,,11356,4,,,0,45,,11357,4,,,0,85,,11358,4,,,0,85,,11359,4,,,0,85,,11360,4,,,0,45,,11361,4,,,0,85,,11362,4,,,0,85,,11363,4,,,0,85,,11364,4,,,0,45,,11365,4,,,0,84,,11366,4,,,0,85,,11367,4,,,0,85,,11368,4,,,0
100003029,'1010',828,,12440,20,,,0,230,,12420,20,,,0,270,,12425,20,,,0,230,,12430,20,,,0,270,,12444,20,,,0
100003029,'1011',656,,12437,20,,,0,272,,12442,20,,,0,230,,12422,20,,,0,270,,12427,20,,,0,230,,12432,20,,,0
100003029,'1012',656,,12892,20,,,0,272,,12893,20,,,0,230,,12889,20,,,0,270,,12890,20,,,0,230,,12891,20,,,0
100003029,'1015',828,,14047,20,,,0,230,,14044,20,,,0,270,,14045,20,,,0,230,,14046,20,,,0,270,,14048,20,,,0
100003029,'1016',1058,,14049,20,,,0,270,,14050,20,,,0,230,,14051,20,,,0,270,,14052,20,,,0
100003029,'994',631,,12436,20,,,0,95,,12438,20,,,0,32,,12439,20,,,0,100,,12441,20,,,0,100,,12435,20,,,0,70,,12419,20,,,0,100,,12421,20,,,0,100,,12423,20,,,0,30,,12424,20,,,0,100,,12426,20,,,0,100,,12428,20,,,0,70,,12429,20,,,0,100,,12431,20,,,0,100,,12433,20,,,0,30,,12434,20,,,0,100,,12443,20,,,0
100003029,'995',958,,12461,20,,,0,70,,12445,20,,,0,100,,12447,20,,,0,30,,12448,20,,,0,70,,12449,20,,,0,30,,12450,20,,,0,100,,12452,20,,,0,70,,12453,20,,,0,30,,12454,20,,,0,70,,12455,20,,,0,100,,12457,20,,,0,30,,12458,20,,,0,70,,12459,20,,,0,30,,12460,20,,,0,100,,12463,20,,,0
