14029,'1010',706,,11498,11,,,0,230,,11503,11,,,0,271,,11477,11,,,0,230,,11482,11,,,0,270,,11487,11,,,0,221,,11493,11,,,0,85,,11490,11,,,0,45,,11492,11,,,0,85,,11491,11,,,0,85,,11494,11,,,0,85,,11505,11,,,0
14029,'1011',806,,11500,11,,,0,230,,11474,11,,,0,271,,11479,11,,,0,230,,11484,11,,,0,269,,11489,11,,,0
14029,'1012',806,,12873,11,,,0,230,,12869,11,,,0,271,,12870,11,,,0,230,,12871,11,,,0,269,,12872,11,,,0
14029,'1014',816,,11506,11,,,0,40,,11507,11,,,0,80,,11508,11,,,0,80,,11509,11,,,0,43,,11510,11,,,0,85,,11511,11,,,0,85,,11512,11,,,0,85,,11513,11,,,0,45,,11514,11,,,0,85,,11515,11,,,0,85,,11516,11,,,0,85,,11517,11,,,0,45,,11518,11,,,0,85,,11519,11,,,0,85,,11520,11,,,0,85,,11521,11,,,0,45,,11522,11,,,0,85,,11523,11,,,0,85,,11524,11,,,0,85,,11525,11,,,0
14029,'1015',706,,13653,11,,,0,230,,13654,11,,,0,271,,13645,11,,,0,230,,13646,11,,,0,270,,13647,11,,,0,221,,13651,11,,,0,85,,13648,11,,,0,45,,13650,11,,,0,85,,13649,11,,,0,85,,13652,11,,,0,85,,13655,11,,,0
14029,'1016',626,,13656,11,,,0,80,,13657,11,,,0,40,,13658,11,,,0,80,,13659,11,,,0,80,,13660,11,,,0,40,,13661,11,,,0,260,,13662,11,,,0,231,,13663,11,,,0,270,,13664,11,,,0,221,,13665,11,,,0,85,,13666,11,,,0,45,,13667,11,,,0,85,,13668,11,,,0,85,,13670,11,,,0,85,,13669,11,,,0
14029,'1017',816,,13671,11,,,0,40,,13672,11,,,0,80,,13673,11,,,0,80,,13674,11,,,0,43,,13675,11,,,0,85,,13676,11,,,0,85,,13677,11,,,0,85,,13678,11,,,0,45,,13679,11,,,0,85,,13680,11,,,0,85,,13681,11,,,0,85,,13682,11,,,0,45,,13683,11,,,0,85,,13684,11,,,0,85,,13685,11,,,0,85,,13686,11,,,0,45,,13687,11,,,0,85,,13688,11,,,0,85,,13689,11,,,0,85,,13690,11,,,0
14029,'1018',816,,13691,11,,,0,40,,13692,11,,,0,80,,13693,11,,,0,80,,13694,11,,,0,43,,13695,11,,,0,85,,13696,11,,,0,85,,13697,11,,,0,85,,13698,11,,,0,45,,13699,11,,,0,85,,13700,11,,,0,85,,13701,11,,,0,85,,13702,11,,,0,45,,13703,11,,,0,85,,13704,11,,,0,85,,13705,11,,,0,85,,13706,11,,,0,45,,13707,11,,,0,85,,13708,11,,,0,85,,13709,11,,,0,85,,13710,11,,,0
14029,'994',615,,11496,11,,,0,21,,11497,11,,,0,100,,11499,11,,,0,100,,11501,11,,,0,70,,11502,11,,,0,100,,11473,11,,,0,100,,11475,11,,,0,30,,11476,11,,,0,101,,11478,11,,,0,100,,11480,11,,,0,70,,11481,11,,,0,100,,11483,11,,,0,100,,11485,11,,,0,30,,11486,11,,,0,100,,11488,11,,,0,99,,11495,11,,,0,70,,11504,11,,,0
14029,'995',1006,,11532,11,,,0,30,,11533,11,,,0,70,,11534,11,,,0,30,,11535,11,,,0,100,,11537,11,,,0,70,,11538,11,,,0,30,,11539,11,,,0,71,,11540,11,,,0,100,,11542,11,,,0,30,,11543,11,,,0,70,,11544,11,,,0,30,,11545,11,,,0,100,,11547,11,,,0,69,,11548,11,,,0,30,,11549,11,,,0,70,,11555,11,,,0
