15019,'1010',657,,11577,15,,,0,100,,11579,15,,,0,170,,11582,15,,,0,100,,11584,15,,,0,130,,11587,15,,,0,100,,11589,15,,,0,170,,11592,15,,,0,100,,11594,15,,,0,130,,11597,15,,,0,100,,11599,15,,,0,180,,11602,15,,,0,85,,11603,15,,,0,83,,11604,15,,,0,45,,11606,15,,,0,85,,11607,15,,,0,85,,11605,15,,,0
15019,'1014',823,,11608,15,,,0,80,,11609,15,,,0,40,,11610,15,,,0,80,,11611,15,,,0,83,,11612,15,,,0,45,,11613,15,,,0,85,,11614,15,,,0,85,,11615,15,,,0,85,,11616,15,,,0,45,,11617,15,,,0,85,,11618,15,,,0,85,,11619,15,,,0,85,,11620,15,,,0,45,,11621,15,,,0,84,,11622,15,,,0,85,,11623,15,,,0,85,,11624,15,,,0,45,,11625,15,,,0,85,,11626,15,,,0,85,,11627,15,,,0
15019,'1015',657,,13711,15,,,0,100,,13712,15,,,0,170,,13713,15,,,0,100,,13714,15,,,0,130,,13715,15,,,0,100,,13716,15,,,0,170,,13717,15,,,0,100,,13718,15,,,0,130,,13719,15,,,0,100,,13720,15,,,0,180,,13721,15,,,0,85,,13722,15,,,0,83,,13723,15,,,0,45,,13725,15,,,0,85,,13726,15,,,0,85,,13724,15,,,0
15019,'1016',633,,13727,15,,,0,80,,13729,15,,,0,40,,13730,15,,,0,80,,13728,15,,,0,81,,13731,15,,,0,40,,13732,15,,,0,75,,13734,15,,,0,30,,13735,15,,,0,100,,13736,15,,,0,70,,13737,15,,,0,30,,13738,15,,,0,70,,13739,15,,,0,100,,13740,15,,,0,30,,13741,15,,,0,70,,13742,15,,,0,30,,13743,15,,,0,100,,13744,15,,,0,70,,13745,15,,,0,30,,13746,15,,,0,70,,13747,15,,,0,107,,13748,15,,,0,85,,13749,15,,,0,84,,13750,15,,,0,45,,13751,15,,,0,85,,13752,15,,,0,85,,13733,15,,,0
15019,'1017',823,,13753,15,,,0,80,,13754,15,,,0,40,,13755,15,,,0,80,,13756,15,,,0,83,,13757,15,,,0,45,,13758,15,,,0,85,,13759,15,,,0,85,,13760,15,,,0,85,,13761,15,,,0,45,,13762,15,,,0,85,,13763,15,,,0,85,,13764,15,,,0,85,,13765,15,,,0,45,,13766,15,,,0,84,,13767,15,,,0,85,,13768,15,,,0,85,,13769,15,,,0,45,,13770,15,,,0,85,,13771,15,,,0,85,,13772,15,,,0
15019,'1018',823,,13773,15,,,0,80,,13774,15,,,0,40,,13775,15,,,0,80,,13776,15,,,0,83,,13777,15,,,0,45,,13778,15,,,0,85,,13779,15,,,0,85,,13780,15,,,0,85,,13781,15,,,0,45,,13782,15,,,0,85,,13783,15,,,0,85,,13784,15,,,0,85,,13785,15,,,0,45,,13786,15,,,0,84,,13787,15,,,0,85,,13788,15,,,0,85,,13789,15,,,0,45,,13790,15,,,0,85,,13791,15,,,0,85,,13792,15,,,0
15019,'994',727,,11578,15,,,0,100,,11580,15,,,0,30,,11581,15,,,0,100,,11583,15,,,0,100,,11585,15,,,0,70,,11586,15,,,0,100,,11588,15,,,0,100,,11590,15,,,0,30,,11591,15,,,0,100,,11593,15,,,0,100,,11595,15,,,0,70,,11596,15,,,0,100,,11598,15,,,0,100,,11600,15,,,0,30,,11601,15,,,0
15019,'995',1129,,11637,15,,,0,230,,11642,15,,,0,270,,11647,15,,,0,230,,11652,15,,,0
130003019,'1004',758,,12527,12,,,0,60,,12559,12,0,7 8,0,20,,12528,12,,,0,20,,12553,12,0,7 8,0,60,,12529,12,,,0,20,,12556,12,0,7 8,0,20,,12530,12,,,0,60,,12554,12,0,7 8,0,20,,12531,12,,,0,63,,12557,12,0,7 8,0,22,,12532,12,,,0,23,,12555,12,0,7 8,0,63,,12533,12,,,0,23,,12558,12,0,7 8,0,22,,12534,12,,,0,63,,12535,12,0,7 8,0,22,,12536,12,,,0,63,,12537,12,0,7 8,0,22,,12538,12,,,0,23,,12539,12,0,7 8,0,62,,12540,12,,,0,23,,12541,12,0,7 8,0,22,,12542,12,,,0,63,,12543,12,0,7 8,0,22,,12544,12,,,0,63,,12545,12,0,7 8,0,21,,12546,12,,,0,23,,12547,12,0,7 8,0,62,,12548,12,,,0,23,,12561,12,0,7 8,0,22,,12560,12,,,0,85,,12549,12,,,0,85,,12550,12,,,0,85,,12551,12,,,0,45,,12562,12,,,0,85,,12552,12,0,7 8,0
130003019,'1010',825,,12515,12,,,0,85,,12518,12,0,13,0,145,,12467,12,,,0,85,,12470,12,0,13,0,185,,12477,12,,,0,85,,12480,12,0,13,0,145,,12487,12,,,0,85,,12490,12,0,13,0,185,,12503,12,,,0,83,,12497,12,0,13,0
130003019,'1011',740,,12512,12,0,13,0,15,,12513,12,,,0,255,,12464,12,0,13,0,15,,12465,12,,,0,215,,12474,12,0,13,0,15,,12475,12,,,0,255,,12484,12,0,13,0,15,,12485,12,,,0,215,,12494,12,0,13,0,15,,12495,12,,,0,176,,12505,12,0,7 8,0,85,,12521,12,0,7 8,0,85,,12522,12,0,7 8,0,45,,12523,12,0,7 8,0
130003019,'1012',740,,12903,12,0,13,0,15,,12904,12,,,0,255,,12894,12,0,13,0,15,,12895,12,,,0,215,,12896,12,0,13,0,15,,12897,12,,,0,255,,12898,12,0,13,0,15,,12899,12,,,0,215,,12900,12,0,13,0,15,,12901,12,,,0,176,,12902,12,0,7 8,0,85,,12905,12,0,7 8,0,85,,12906,12,0,7 8,0,45,,12907,12,0,7 8,0
130003019,'1015',825,,14061,12,,,0,85,,14062,12,0,13,0,145,,14053,12,,,0,85,,14054,12,0,13,0,185,,14055,12,,,0,85,,14056,12,0,13,0,145,,14057,12,,,0,85,,14058,12,0,13,0,185,,14060,12,,,0,83,,14059,12,0,13,0
130003019,'1016',1140,,14063,12,0,13,0,85,,14064,12,,,0,185,,14065,12,0,13,0,45,,14066,12,,,0,185,,14067,12,0,13,0,85,,14068,12,,,0,183,,14069,12,0,13,0,45,,14070,12,,,0,255,,14071,12,,,0
130003019,'994',618,,12507,12,0,13,0,15,,12508,12,,,0,22,,12509,12,,,0,55,,12510,12,0,13,0,15,,12511,12,,,0,85,,12514,12,0,13,0,30,,12516,12,0,13,0,15,,12517,12,,,0,70,,12519,12,,,0,15,,12520,12,0,13,0,15,,12506,12,,,0,85,,12466,12,0,13,0,70,,12468,12,0,13,0,15,,12469,12,,,0,30,,12471,12,,,0,55,,12472,12,0,13,0,15,,12473,12,,,0,85,,12476,12,0,13,0,30,,12478,12,0,13,0,15,,12479,12,,,0,70,,12481,12,,,0,15,,12482,12,0,13,0,15,,12483,12,,,0,85,,12486,12,0,13,0,70,,12488,12,0,13,0,15,,12489,12,,,0,30,,12491,12,,,0,55,,12492,12,0,13,0,13,,12493,12,,,0,87,,12501,12,0,13,0,30,,12499,12,0,13,0,15,,12504,12,,,0,98,,12496,12,,,0,85,,12502,12,,,0,85,,12500,12,,,0,85,,12498,12,,,0,45,,12525,12,,,0,83,,12524,12,0,7 8,0,80,,12526,12,0,7 8,0
130003019,'995',608,,12563,12,,,0,20,,12564,12,0,7 8,0,20,,12565,12,,,0,60,,12566,12,0,7 8,0,20,,12567,12,,,0,20,,12568,12,0,7 8,0,60,,12569,12,,,0,20,,12570,12,0,7 8,0,20,,12571,12,,,0,60,,12572,12,0,7 8,0,20,,12573,12,,,0,20,,12574,12,0,13,0,62,,12575,12,0,13,0,15,,12576,12,,,0,15,,12577,12,0,13,0,15,,12578,12,,,0,55,,12579,12,0,13,0,15,,12580,12,,,0,30,,12582,12,,,0,55,,12583,12,0,13,0,30,,12585,12,0,13,0,15,,12586,12,,,0,55,,12587,12,0,13,0,15,,12588,12,,,0,15,,12589,12,0,13,0,15,,12590,12,,,0,70,,12592,12,,,0,15,,12593,12,0,13,0,70,,12595,12,0,13,0,15,,12596,12,,,0,15,,12597,12,0,13,0,15,,12598,12,,,0,55,,12599,12,0,13,0,15,,12600,12,,,0,30,,12602,12,,,0,55,,12603,12,0,13,0,30,,12605,12,0,13,0,15,,12606,12,,,0,55,,12607,12,0,13,0,15,,12622,12,,,0,15,,12614,12,0,13,0,13,,12608,12,,,0,77,,12609,12,0,7 8,0,86,,12610,12,0,7 8,0,22,,12619,12,,,0,63,,12611,12,0,7 8,0,22,,12618,12,,,0,23,,12612,12,0,7 8,0,107,,12613,12,,,0,84,,12621,12,0,7 8,0,80,,12620,12,0,7 8,0
130003019,'996',758,,12623,12,,,0,60,,12655,12,0,7 8,0,20,,12624,12,,,0,20,,12649,12,0,7 8,0,60,,12625,12,,,0,20,,12652,12,0,7 8,0,20,,12626,12,,,0,60,,12650,12,0,7 8,0,20,,12627,12,,,0,63,,12653,12,0,7 8,0,22,,12628,12,,,0,23,,12651,12,0,7 8,0,63,,12629,12,,,0,23,,12654,12,0,7 8,0,22,,12630,12,,,0,63,,12631,12,0,7 8,0,22,,12632,12,,,0,63,,12633,12,0,7 8,0,22,,12634,12,,,0,23,,12635,12,0,7 8,0,62,,12636,12,,,0,23,,12637,12,0,7 8,0,22,,12638,12,,,0,63,,12639,12,0,7 8,0,22,,12640,12,,,0,63,,12641,12,0,7 8,0,21,,12642,12,,,0,23,,12643,12,0,7 8,0,62,,12644,12,,,0,23,,12657,12,0,7 8,0,22,,12656,12,,,0,85,,12645,12,,,0,85,,12646,12,,,0,85,,12647,12,,,0,45,,12658,12,,,0,85,,12648,12,0,7 8,0
