16029,'979',620,,2248,2,,,0,27,,2249,2,,,0,70,,2250,2,,,0,30,,2251,2,,,0,70,,2252,2,,,0,30,,2253,2,,,0,70,,2254,2,,,0,30,,2255,2,,,0,70,,2233,2,,,0,30,,2234,2,,,0,70,,2235,2,,,0,30,,2236,2,,,0,70,,2237,2,,,0,30,,2238,2,,,0,70,,2239,2,,,0,30,,2240,2,,,0,70,,2241,2,,,0,30,,2242,2,,,0,70,,2243,2,,,0,30,,2244,2,,,0,70,,2245,2,,,0,30,,2246,2,,,0,70,,2247,2,,,0,30,,2256,2,,,0,70,,2257,2,,,0,30,,2258,2,,,0,75,,2259,2,,,0,130,,2261,2,,,0,170,,2263,2,,,0
16029,'980',2007,,2260,2,,,0,130,,2262,2,,,0
16029,'982',635,,2264,2,,,0,107,,2266,2,,,0,160,,2268,2,,,0,115,,2270,2,,,0,100,,2272,2,,,0,100,,2274,2,,,0,100,,2276,2,,,0,100,,2278,2,,,0,100,,2280,2,,,0,100,,2282,2,,,0,100,,2284,2,,,0,100,,2286,2,,,0
16029,'985',620,,5232,2,,,0,27,,5233,2,,,0,70,,5234,2,,,0,30,,5235,2,,,0,70,,5236,2,,,0,30,,5237,2,,,0,70,,5238,2,,,0,30,,5239,2,,,0,70,,5217,2,,,0,30,,5218,2,,,0,70,,5219,2,,,0,30,,5220,2,,,0,70,,5221,2,,,0,30,,5222,2,,,0,70,,5223,2,,,0,30,,5224,2,,,0,70,,5225,2,,,0,30,,5226,2,,,0,70,,5227,2,,,0,30,,5228,2,,,0,70,,5229,2,,,0,30,,5230,2,,,0,70,,5231,2,,,0,30,,5240,2,,,0,70,,5241,2,,,0,30,,5242,2,,,0,75,,5243,2,,,0,130,,5244,2,,,0,170,,5245,2,,,0
16029,'986',702,,5246,2,,,0,120,,5247,2,,,0,120,,5248,2,,,0,105,,5249,2,,,0,100,,5250,2,,,0,100,,5251,2,,,0,100,,5252,2,,,0,100,,5253,2,,,0,100,,5254,2,,,0,100,,5255,2,,,0,100,,5256,2,,,0,100,,5257,2,,,0
130003029,'976',810,,6137,2,,,0,20,,6162,2,0,9,0,20,,6138,2,,,0,60,,6168,2,0,9,0,20,,6139,2,,,0,20,,6165,2,0,9,0,60,,6140,2,,,0,22,,6166,2,0,9,0,21,,6141,2,,,0,62,,6164,2,0,9,0,23,,6142,2,,,0,62,,6167,2,0,9,0,23,,6143,2,,,0,22,,6163,2,0,9,0,63,,6144,2,,,0,22,,6145,2,0,9,0,23,,6146,2,,,0,62,,6147,2,0,9,0,23,,6148,2,,,0,62,,6149,2,0,9,0,23,,6150,2,,,0,22,,6151,2,0,9,0,63,,6152,2,,,0,22,,6153,2,0,9,0,23,,6154,2,,,0,62,,6155,2,0,9,0,23,,6156,2,,,0,62,,6170,2,0,9,0,23,,6169,2,,,0,85,,6157,2,,,0,45,,6158,2,,,0,85,,6159,2,,,0,85,,6160,2,,,0,85,,6161,2,,,0,45,,6171,2,0,9,0
130003029,'979',610,,3243,2,,,0,15,,3244,2,0,10 11,0,20,,3245,2,0,10 11,0,55,,3246,2,,,0,15,,3247,2,0,10 11,0,15,,3248,2,,,0,15,,3249,2,0,10 11,0,55,,3250,2,,,0,15,,3251,2,0,10 11,0,15,,3252,2,,,0,15,,3253,2,0,10 11,0,55,,3254,2,,,0,15,,3255,2,0,10 11,0,15,,3256,2,,,0,15,,3257,2,0,10 11,0,55,,3202,2,,,0,15,,3203,2,0,10 11,0,15,,3204,2,,,0,15,,3205,2,0,10 11,0,55,,3206,2,,,0,15,,3207,2,0,10 11,0,15,,3208,2,,,0,15,,3209,2,0,10 11,0,55,,3210,2,,,0,15,,3211,2,0,10 11,0,15,,3212,2,,,0,15,,3213,2,0,10 11,0,55,,3214,2,,,0,15,,3215,2,0,10 11,0,15,,3216,2,,,0,15,,3217,2,0,10 11,0,55,,3218,2,,,0,15,,3219,2,0,10 11,0,15,,3220,2,,,0,15,,3221,2,0,10 11,0,55,,3222,2,,,0,15,,3223,2,0,10 11,0,15,,3224,2,,,0,15,,3225,2,0,10 11,0,55,,3226,2,,,0,15,,3227,2,0,10 11,0,15,,3228,2,,,0,15,,3229,2,0,10 11,0,55,,3230,2,,,0,15,,3231,2,0,10 11,0,15,,3232,2,,,0,15,,3240,2,0,10 11,0,55,,3239,2,,,0,15,,3241,2,0,10 11,0,15,,3233,2,,,0,15,,3242,2,0,9,0,55,,3237,2,0,9,0,22,,3258,2,,,0,23,,3236,2,0,9,0,62,,3259,2,,,0,23,,3235,2,0,9,0,22,,3260,2,,,0,63,,3234,2,0,9,0,22,,3262,2,,,0,63,,3264,2,0,9,0,22,,3238,2,,,0,85,,3261,2,0,9,0,45,,3263,2,0,9,0,78,,3265,2,0,9,0
130003029,'983',810,,3167,2,,,0,20,,3192,2,0,9,0,20,,3168,2,,,0,60,,3198,2,0,9,0,20,,3169,2,,,0,20,,3195,2,0,9,0,60,,3170,2,,,0,22,,3196,2,0,9,0,21,,3171,2,,,0,62,,3194,2,0,9,0,23,,3172,2,,,0,62,,3197,2,0,9,0,23,,3173,2,,,0,22,,3193,2,0,9,0,63,,3174,2,,,0,22,,3175,2,0,9,0,23,,3176,2,,,0,62,,3177,2,0,9,0,23,,3178,2,,,0,62,,3179,2,0,9,0,23,,3180,2,,,0,22,,3181,2,0,9,0,63,,3182,2,,,0,22,,3183,2,0,9,0,23,,3184,2,,,0,62,,3185,2,0,9,0,23,,3186,2,,,0,62,,3200,2,0,9,0,23,,3199,2,,,0,85,,3187,2,,,0,45,,3188,2,,,0,85,,3189,2,,,0,85,,3190,2,,,0,85,,3191,2,,,0,45,,3201,2,0,9,0
130003029,'985',610,,6213,2,,,0,15,,6214,2,0,10 11,0,20,,6215,2,0,10 11,0,55,,6216,2,,,0,15,,6217,2,0,10 11,0,15,,6218,2,,,0,15,,6219,2,0,10 11,0,55,,6220,2,,,0,15,,6221,2,0,10 11,0,15,,6222,2,,,0,15,,6223,2,0,10 11,0,55,,6224,2,,,0,15,,6225,2,0,10 11,0,15,,6226,2,,,0,15,,6227,2,0,10 11,0,55,,6172,2,,,0,15,,6173,2,0,10 11,0,15,,6174,2,,,0,15,,6175,2,0,10 11,0,55,,6176,2,,,0,15,,6177,2,0,10 11,0,15,,6178,2,,,0,15,,6179,2,0,10 11,0,55,,6180,2,,,0,15,,6181,2,0,10 11,0,15,,6182,2,,,0,15,,6183,2,0,10 11,0,55,,6184,2,,,0,15,,6185,2,0,10 11,0,15,,6186,2,,,0,15,,6187,2,0,10 11,0,55,,6188,2,,,0,15,,6189,2,0,10 11,0,15,,6190,2,,,0,15,,6191,2,0,10 11,0,55,,6192,2,,,0,15,,6193,2,0,10 11,0,15,,6194,2,,,0,15,,6195,2,0,10 11,0,55,,6196,2,,,0,15,,6197,2,0,10 11,0,15,,6198,2,,,0,15,,6199,2,0,10 11,0,55,,6200,2,,,0,15,,6201,2,0,10 11,0,15,,6202,2,,,0,15,,6210,2,0,10 11,0,55,,6209,2,,,0,15,,6211,2,0,10 11,0,15,,6203,2,,,0,15,,6212,2,0,9,0,55,,6207,2,0,9,0,22,,6228,2,,,0,23,,6206,2,0,9,0,62,,6229,2,,,0,23,,6205,2,0,9,0,22,,6230,2,,,0,63,,6204,2,0,9,0,22,,6232,2,,,0,63,,6234,2,0,9,0,22,,6208,2,,,0,85,,6231,2,0,9,0,45,,6233,2,0,9,0,78,,6235,2,0,9,0
130003029,'986',600,,6236,2,0,9,0,20,,6237,2,,,0,20,,6238,2,0,9,0,60,,6239,2,,,0,20,,6240,2,0,9,0,20,,6241,2,,,0,60,,6242,2,0,9,0,20,,6243,2,,,0,20,,6244,2,0,9,0,60,,6245,2,,,0,20,,6246,2,0,9,0,20,,6247,2,,,0,60,,6248,2,,,0,15,,6249,2,0,10 11,0,15,,6250,2,,,0,15,,6251,2,0,10 11,0,55,,6252,2,,,0,15,,6253,2,0,10 11,0,15,,6254,2,,,0,15,,6255,2,0,10 11,0,55,,6256,2,,,0,15,,6257,2,0,10 11,0,15,,6258,2,,,0,15,,6259,2,0,10 11,0,55,,6260,2,,,0,15,,6261,2,0,10 11,0,15,,6262,2,,,0,15,,6263,2,0,10 11,0,55,,6264,2,,,0,15,,6265,2,0,10 11,0,15,,6266,2,,,0,15,,6267,2,0,10 11,0,55,,6268,2,,,0,15,,6269,2,0,10 11,0,15,,6270,2,,,0,15,,6271,2,0,10 11,0,55,,6272,2,,,0,15,,6273,2,0,10 11,0,15,,6274,2,,,0,15,,6275,2,0,10 11,0,55,,6276,2,,,0,15,,6277,2,0,10 11,0,15,,6294,2,,,0,15,,6295,2,0,10 11,0,55,,6289,2,,,0,15,,6290,2,0,10 11,0,15,,6292,2,,,0,15,,6293,2,0,9,0,55,,6291,2,0,9,0,22,,6296,2,,,0,23,,6283,2,0,9,0,62,,6278,2,,,0,23,,6284,2,0,9,0,22,,6279,2,,,0,63,,6285,2,0,9,0,22,,6280,2,,,0,63,,6286,2,0,9,0,22,,6281,2,,,0,85,,6282,2,0,9,0,45,,6287,2,0,9,0,78,,6288,2,0,9,0
130003029,'987',810,,6297,2,,,0,20,,6322,2,0,9,0,20,,6298,2,,,0,60,,6328,2,0,9,0,20,,6299,2,,,0,20,,6325,2,0,9,0,60,,6300,2,,,0,22,,6326,2,0,9,0,21,,6301,2,,,0,62,,6324,2,0,9,0,23,,6302,2,,,0,62,,6327,2,0,9,0,23,,6303,2,,,0,22,,6323,2,0,9,0,63,,6304,2,,,0,22,,6305,2,0,9,0,23,,6306,2,,,0,62,,6307,2,0,9,0,23,,6308,2,,,0,62,,6309,2,0,9,0,23,,6310,2,,,0,22,,6311,2,0,9,0,63,,6312,2,,,0,22,,6313,2,0,9,0,23,,6314,2,,,0,62,,6315,2,0,9,0,23,,6316,2,,,0,62,,6330,2,0,9,0,23,,6329,2,,,0,85,,6317,2,,,0,45,,6318,2,,,0,85,,6319,2,,,0,85,,6320,2,,,0,85,,6321,2,,,0,45,,6331,2,0,9,0
