13029,'1004',852,,11319,3,,,0,80,,11320,3,,,0,80,,11321,3,,,0,40,,11322,3,,,0,86,,11323,3,,,0,85,,11324,3,,,0,85,,11325,3,,,0,45,,11326,3,,,0,85,,11327,3,,,0,85,,11328,3,,,0,85,,11329,3,,,0,45,,11330,3,,,0,85,,11331,3,,,0,85,,11332,3,,,0,85,,11333,3,,,0,45,,11334,3,,,0,84,,11335,3,,,0,85,,11336,3,,,0,85,,11337,3,,,0
13029,'994',1924,,11318,3,,,0,85,,11313,3,,,0,45,,11314,3,,,0,85,,11316,3,,,0,83,,11315,3,,,0,85,,11317,3,,,0
13029,'995',621,,11338,3,,,0,80,,11339,3,,,0,40,,11340,3,,,0,80,,11341,3,,,0,81,,11342,3,,,0,40,,11343,3,,,0,982,,11344,3,,,0,85,,11345,3,,,0,45,,11346,3,,,0,85,,11347,3,,,0,85,,11348,3,,,0,85,,11349,3,,,0
13029,'996',852,,11350,3,,,0,80,,11351,3,,,0,80,,11352,3,,,0,40,,11353,3,,,0,86,,11354,3,,,0,85,,11355,3,,,0,85,,11356,3,,,0,45,,11357,3,,,0,85,,11358,3,,,0,85,,11359,3,,,0,85,,11360,3,,,0,45,,11361,3,,,0,85,,11362,3,,,0,85,,11363,3,,,0,85,,11364,3,,,0,45,,11365,3,,,0,84,,11366,3,,,0,85,,11367,3,,,0,85,,11368,3,,,0
100003029,'1010',827,,12440,19,,,0,230,,12420,19,,,0,270,,12425,19,,,0,230,,12430,19,,,0,270,,12444,19,,,0
100003029,'1011',655,,12437,19,,,0,272,,12442,19,,,0,230,,12422,19,,,0,270,,12427,19,,,0,230,,12432,19,,,0
100003029,'1012',655,,12892,19,,,0,272,,12893,19,,,0,230,,12889,19,,,0,270,,12890,19,,,0,230,,12891,19,,,0
100003029,'1015',827,,14047,19,,,0,230,,14044,19,,,0,270,,14045,19,,,0,230,,14046,19,,,0,270,,14048,19,,,0
100003029,'1016',1057,,14049,19,,,0,270,,14050,19,,,0,230,,14051,19,,,0,270,,14052,19,,,0
100003029,'994',630,,12436,19,,,0,95,,12438,19,,,0,32,,12439,19,,,0,100,,12441,19,,,0,100,,12435,19,,,0,70,,12419,19,,,0,100,,12421,19,,,0,100,,12423,19,,,0,30,,12424,19,,,0,100,,12426,19,,,0,100,,12428,19,,,0,70,,12429,19,,,0,100,,12431,19,,,0,100,,12433,19,,,0,30,,12434,19,,,0,100,,12443,19,,,0
100003029,'995',957,,12461,19,,,0,70,,12445,19,,,0,100,,12447,19,,,0,30,,12448,19,,,0,70,,12449,19,,,0,30,,12450,19,,,0,100,,12452,19,,,0,70,,12453,19,,,0,30,,12454,19,,,0,70,,12455,19,,,0,100,,12457,19,,,0,30,,12458,19,,,0,70,,12459,19,,,0,30,,12460,19,,,0,100,,12463,19,,,0
