30003019,'1021',636,,12193,16,,,0,66,,12194,16,,,0,129,,12197,16,,,0,70,,12198,16,,,0,30,,12199,16,,,0,170,,12171,16,,,0,30,,12172,16,,,0,70,,12173,16,,,0,130,,12176,16,,,0,70,,12177,16,,,0,30,,12178,16,,,0,170,,12181,16,,,0,30,,12182,16,,,0,70,,12183,16,,,0,129,,12187,16,,,0,70,,12186,16,0,9,0,30,,12192,16,,,0,85,,12190,16,,,0,85,,12189,16,,,0,45,,12191,16,,,0,85,,12188,16,,,0,85,,12201,16,0,7 8,0
30003019,'1022',732,,12195,16,,,0,69,,14019,16,,,0,200,,12200,16,,,0,29,,14015,16,,,0,201,,12174,16,,,0,70,,14016,16,,,0,200,,12179,16,,,0,30,,14017,16,,,0,200,,12184,16,,,0,70,,14018,16,,,0
30003019,'1024',858,,12202,16,,,0,80,,12203,16,,,0,80,,12204,16,,,0,40,,12205,16,,,0,86,,12206,16,,,0,88,,12207,16,,,0,85,,12208,16,,,0,85,,12209,16,,,0,45,,12210,16,,,0,85,,12211,16,,,0,85,,12212,16,,,0,85,,12213,16,,,0,45,,12214,16,,,0,85,,12215,16,,,0,85,,12216,16,,,0,85,,12217,16,,,0,45,,12218,16,,,0,85,,12219,16,,,0,85,,12221,16,0,9,0,42,,12220,16,0,9,0
30003019,'1025',636,,15337,16,,,0,66,,15338,16,,,0,30,,15339,16,,,0,69,,15340,16,,,0,30,,15341,16,,,0,70,,15342,16,,,0,30,,15343,16,,,0,70,,15344,16,,,0,29,,15314,16,,,0,71,,15315,16,,,0,30,,15316,16,,,0,70,,15317,16,,,0,30,,15318,16,,,0,70,,15319,16,,,0,30,,15320,16,,,0,70,,15321,16,,,0,30,,15322,16,,,0,70,,15323,16,,,0,30,,15324,16,,,0,70,,15325,16,,,0,30,,15326,16,,,0,70,,15327,16,,,0,30,,15328,16,,,0,70,,15329,16,,,0,29,,15331,16,,,0,70,,15330,16,0,9,0,30,,15336,16,,,0,85,,15334,16,,,0,85,,15333,16,,,0,45,,15335,16,,,0,85,,15332,16,,,0,85,,15345,16,0,7 8,0
30003019,'1026',633,,15346,16,,,0,75,,15347,16,,,0,40,,15348,16,,,0,80,,15349,16,,,0,80,,15350,16,,,0,40,,15351,16,,,0,82,,15352,16,,,0,71,,15353,16,,,0,30,,15354,16,,,0,70,,15355,16,,,0,30,,15356,16,,,0,70,,15357,16,,,0,30,,15358,16,,,0,70,,15359,16,,,0,30,,15360,16,,,0,70,,15361,16,,,0,30,,15362,16,,,0,70,,15363,16,,,0,30,,15364,16,,,0,70,,15365,16,,,0,30,,15366,16,,,0,70,,15367,16,,,0,27,,15368,16,,,0,29,,15369,16,0,9,0,70,,15375,16,,,0,85,,15370,16,,,0,45,,15371,16,,,0,88,,15372,16,,,0,85,,15373,16,,,0,82,,15374,16,0,9,0
30003019,'1027',858,,15376,16,,,0,80,,15377,16,,,0,80,,15378,16,,,0,40,,15379,16,,,0,86,,15380,16,,,0,88,,15381,16,,,0,85,,15382,16,,,0,85,,15383,16,,,0,45,,15384,16,,,0,85,,15385,16,,,0,85,,15386,16,,,0,85,,15387,16,,,0,45,,15388,16,,,0,85,,15389,16,,,0,85,,15390,16,,,0,85,,15391,16,,,0,45,,15392,16,,,0,85,,15393,16,,,0,85,,15395,16,0,9,0,42,,15394,16,0,9,0
30003019,'996',858,,15396,16,,,0,80,,15397,16,,,0,80,,15398,16,,,0,40,,15399,16,,,0,86,,15400,16,,,0,88,,15401,16,,,0,85,,15402,16,,,0,85,,15403,16,,,0,45,,15404,16,,,0,85,,15405,16,,,0,85,,15406,16,,,0,85,,15407,16,,,0,45,,15408,16,,,0,85,,15409,16,,,0,85,,15410,16,,,0,85,,15411,16,,,0,45,,15412,16,,,0,85,,15413,16,,,0,85,,15415,16,0,9,0,42,,15414,16,0,9,0
100003019,'1021',645,,12391,8,,,0,97,,12393,8,,,0,70,,12394,8,,,0,100,,12396,8,,,0,100,,12374,8,,,0,30,,12375,8,,,0,100,,12377,8,,,0,100,,12379,8,,,0,70,,12380,8,,,0,100,,12382,8,,,0,100,,12384,8,,,0,30,,12385,8,,,0,100,,12387,8,,,0,100,,12389,8,,,0,70,,12390,8,,,0,100,,12399,8,0,9,0
100003019,'1022',712,,12392,8,,,0,130,,14038,8,,,0,100,,12397,8,,,0,170,,14035,8,,,0,100,,12378,8,,,0,130,,14036,8,,,0,100,,12383,8,,,0,170,,14037,8,,,0,100,,12388,8,,,0,130,,14039,8,,,0
100003019,'1025',645,,15535,8,,,0,67,,15536,8,,,0,30,,15537,8,,,0,70,,15538,8,,,0,30,,15539,8,,,0,70,,15540,8,,,0,30,,15541,8,,,0,70,,15518,8,,,0,30,,15519,8,,,0,70,,15520,8,,,0,30,,15521,8,,,0,70,,15522,8,,,0,30,,15523,8,,,0,70,,15524,8,,,0,30,,15525,8,,,0,70,,15526,8,,,0,30,,15527,8,,,0,70,,15528,8,,,0,30,,15529,8,,,0,70,,15530,8,,,0,30,,15531,8,,,0,70,,15532,8,,,0,30,,15533,8,,,0,70,,15534,8,,,0,30,,15542,8,,,0,70,,15543,8,0,9,0
100003019,'1026',1012,,15544,8,,,0,30,,15545,8,,,0,70,,15546,8,,,0,30,,15547,8,,,0,70,,15548,8,,,0,30,,15549,8,,,0,70,,15550,8,,,0,30,,15551,8,,,0,70,,15552,8,,,0,30,,15553,8,,,0,70,,15554,8,,,0,30,,15555,8,,,0,70,,15556,8,,,0,30,,15557,8,,,0,70,,15558,8,,,0,30,,15559,8,,,0,70,,15560,8,,,0,30,,15561,8,,,0,70,,15562,8,0,9,0
