1019,'1004',752,,9709,8,,,0,80,,9710,8,,,0,20,,9730,8,,,0,60,,9711,8,,,0,20,,9712,8,,,0,20,,9732,8,,,0,60,,9713,8,,,0,20,,9734,8,,,0,24,,9714,8,,,0,62,,9736,8,,,0,23,,9715,8,,,0,62,,9731,8,,,0,23,,9716,8,,,0,22,,9733,8,,,0,63,,9717,8,,,0,22,,9735,8,,,0,23,,9718,8,,,0,62,,9737,8,,,0,23,,9719,8,,,0,62,,9738,8,,,0,23,,9720,8,,,0,22,,9739,8,,,0,63,,9721,8,,,0,22,,9740,8,,,0,23,,9722,8,,,0,62,,9741,8,,,0,23,,9742,8,,,0,62,,9723,8,,,0,22,,9743,8,,,0,22,,9724,8,,,0,85,,9726,8,,,0,85,,9725,8,,,0,85,,9727,8,,,0,45,,9729,8,,,0,85,,9728,8,,,0,83,,9744,8,,,0
1019,'1010',603,,9675,8,,,0,30,,9676,8,,,0,70,,9677,8,,,0,30,,9678,8,,,0,70,,9679,8,,,0,30,,9680,8,,,0,70,,9681,8,,,0,30,,9682,8,,,0,70,,9683,8,,,0,30,,9684,8,,,0,70,,9685,8,,,0,30,,9686,8,,,0,70,,9687,8,,,0,30,,9688,8,,,0,70,,9689,8,,,0,30,,9690,8,,,0,70,,9691,8,,,0,30,,9692,8,,,0,70,,9693,8,,,0,30,,9694,8,,,0,70,,9695,8,,,0,30,,9696,8,,,0,70,,9697,8,,,0,30,,9698,8,,,0,70,,9699,8,,,0,30,,9701,8,,,0,69,,9708,8,,,0,45,,9703,8,,,0,85,,9702,8,,,0,170,,9705,8,,,0,45,,9706,8,,,0,165,,9707,8,,,0
1019,'1015',603,,12923,8,,,0,30,,12924,8,,,0,70,,12925,8,,,0,30,,12926,8,,,0,70,,12927,8,,,0,30,,12928,8,,,0,70,,12929,8,,,0,30,,12930,8,,,0,70,,12931,8,,,0,30,,12932,8,,,0,70,,12933,8,,,0,30,,12934,8,,,0,70,,12935,8,,,0,30,,12936,8,,,0,70,,12937,8,,,0,30,,12938,8,,,0,70,,12939,8,,,0,30,,12940,8,,,0,70,,12941,8,,,0,30,,12942,8,,,0,70,,12943,8,,,0,30,,12944,8,,,0,70,,12945,8,,,0,30,,12946,8,,,0,70,,12947,8,,,0,30,,12948,8,,,0,69,,12954,8,,,0,45,,12950,8,,,0,85,,12949,8,,,0,170,,12951,8,,,0,45,,12952,8,,,0,165,,12953,8,,,0
1019,'1016',602,,12955,8,,,0,40,,12956,8,,,0,80,,12957,8,,,0,80,,12958,8,,,0,40,,12959,8,,,0,80,,12960,8,,,0,20,,12987,8,,,0,60,,12985,8,,,0,31,,12965,8,,,0,70,,12964,8,,,0,30,,12967,8,,,0,70,,12966,8,,,0,30,,12969,8,,,0,70,,12968,8,,,0,30,,12971,8,,,0,70,,12970,8,,,0,30,,12973,8,,,0,70,,12972,8,,,0,30,,12975,8,,,0,70,,12974,8,,,0,30,,12977,8,,,0,70,,12976,8,,,0,30,,12963,8,,,0,70,,12978,8,,,0,30,,12986,8,,,0,69,,12980,8,,,0,45,,12979,8,,,0,85,,12981,8,,,0,85,,12983,8,,,0,85,,12982,8,,,0,45,,12961,8,,,0,85,,12984,8,,,0,80,,12962,8,,,0
1019,'994',2117,,9704,8,,,0,215,,9700,8,,,0
1019,'996',752,,9778,8,,,0,80,,9779,8,,,0,20,,9799,8,,,0,60,,9780,8,,,0,20,,9781,8,,,0,20,,9801,8,,,0,60,,9782,8,,,0,20,,9803,8,,,0,24,,9783,8,,,0,62,,9805,8,,,0,23,,9784,8,,,0,62,,9800,8,,,0,23,,9785,8,,,0,22,,9802,8,,,0,63,,9786,8,,,0,22,,9804,8,,,0,23,,9787,8,,,0,62,,9806,8,,,0,23,,9788,8,,,0,62,,9807,8,,,0,23,,9789,8,,,0,22,,9808,8,,,0,63,,9790,8,,,0,22,,9809,8,,,0,23,,9791,8,,,0,62,,9810,8,,,0,23,,9811,8,,,0,62,,9792,8,,,0,22,,9812,8,,,0,22,,9793,8,,,0,85,,9795,8,,,0,85,,9794,8,,,0,85,,9796,8,,,0,45,,9798,8,,,0,85,,9797,8,,,0,83,,9813,8,,,0
2019,'1004',833,,10013,7,0,12,0,80,,10014,7,0,12,0,40,,10015,7,0,12,0,80,,10016,7,0,12,0,85,,10017,7,0,12,0,85,,10018,7,0,12,0,45,,10019,7,0,12,0,85,,10020,7,0,12,0,85,,10021,7,0,12,0,85,,10022,7,0,12,0,45,,10023,7,0,12,0,85,,10024,7,0,12,0,85,,10025,7,0,12,0,85,,10026,7,0,12,0,45,,10027,7,0,12,0,85,,10028,7,0,12,0,85,,10029,7,0,12,0,85,,10030,7,0,12,0,45,,10031,7,0,12,0,85,,10052,7,0,12,0
2019,'1016',603,,13081,7,0,12,0,40,,13082,7,0,12,0,80,,13083,7,0,12,0,80,,13084,7,0,12,0,40,,13085,7,0,12,0,80,,13086,7,0,12,0,25,,13112,7,0,12,0,70,,13087,7,0,12,0,30,,13088,7,0,12,0,70,,13089,7,0,12,0,30,,13090,7,0,12,0,70,,13091,7,0,12,0,30,,13092,7,0,12,0,70,,13093,7,0,12,0,30,,13094,7,0,12,0,70,,13095,7,0,12,0,30,,13096,7,0,12,0,70,,13097,7,0,12,0,30,,13098,7,0,12,0,70,,13099,7,0,12,0,30,,13100,7,0,12,0,70,,13101,7,0,12,0,30,,13102,7,0,12,0,70,,13113,7,0,12,0,85,,13103,7,0,12,0,45,,13104,7,0,12,0,85,,13105,7,0,12,0,85,,13106,7,0,12,0,85,,13107,7,0,12,0,45,,13108,7,0,12,0,85,,13109,7,0,5,0
2019,'994',624,,9996,7,0,12,0,25,,9997,7,0,12,0,70,,9998,7,0,12,0,30,,9999,7,0,12,0,70,,10000,7,0,12,0,30,,10001,7,0,12,0,70,,10002,7,0,12,0,30,,9995,7,0,12,0,70,,9973,7,0,12,0,30,,9974,7,0,12,0,70,,9975,7,0,12,0,30,,9976,7,0,12,0,70,,9977,7,0,12,0,30,,9978,7,0,12,0,70,,9979,7,0,12,0,30,,9980,7,0,12,0,70,,9981,7,0,12,0,30,,9982,7,0,12,0,70,,9983,7,0,12,0,30,,9984,7,0,12,0,70,,9985,7,0,12,0,30,,9986,7,0,12,0,70,,9987,7,0,12,0,30,,9948,7,0,12,0,70,,9949,7,0,12,0,85,,9950,7,0,12,0,45,,9951,7,0,12,0,85,,9952,7,0,12,0,85,,9953,7,0,12,0,85,,9954,7,0,12,0,45,,10003,7,0,12,0,85,,10005,7,0,5,0
2019,'996',833,,10116,7,0,12,0,80,,10117,7,0,12,0,40,,10118,7,0,12,0,80,,10119,7,0,12,0,85,,10120,7,0,12,0,85,,10121,7,0,12,0,45,,10122,7,0,12,0,85,,10123,7,0,12,0,85,,10124,7,0,12,0,85,,10125,7,0,12,0,45,,10126,7,0,12,0,85,,10127,7,0,12,0,85,,10128,7,0,12,0,85,,10129,7,0,12,0,45,,10130,7,0,12,0,85,,10131,7,0,12,0,85,,10132,7,0,12,0,85,,10133,7,0,12,0,45,,10134,7,0,12,0,85,,10155,7,0,12,0
