7029,'976',859,,3819,13,,,0,78,,3820,13,,,0,80,,3821,13,,,0,40,,3822,13,,,0,85,,3823,13,,,0,85,,3824,13,,,0,85,,3825,13,,,0,45,,3826,13,,,0,85,,3827,13,,,0,85,,3828,13,,,0,85,,3829,13,,,0,45,,3830,13,,,0,85,,3831,13,,,0,85,,3832,13,,,0,85,,3833,13,,,0,45,,3834,13,,,0,85,,3835,13,,,0,85,,3836,13,,,0,82,,3837,13,,,0
7029,'979',624,,851,13,,,0,30,,852,13,,,0,70,,853,13,,,0,30,,854,13,,,0,70,,855,13,,,0,30,,856,13,,,0,70,,857,13,,,0,30,,858,13,,,0,70,,850,13,,,0,30,,842,13,,,0,70,,849,13,,,0,30,,837,13,,,0,70,,848,13,,,0,30,,841,13,,,0,70,,847,13,,,0,30,,836,13,,,0,70,,846,13,,,0,30,,840,13,,,0,70,,845,13,,,0,30,,835,13,,,0,70,,844,13,,,0,30,,839,13,,,0,70,,843,13,,,0,30,,838,13,,,0,70,,828,13,,,0,30,,829,13,,,0,70,,830,13,,,0,85,,831,13,,,0,45,,832,13,,,0,85,,833,13,,,0,85,,834,13,,,0,85,,859,13,,,0
7029,'983',859,,809,13,,,0,78,,810,13,,,0,80,,811,13,,,0,40,,812,13,,,0,85,,813,13,,,0,85,,814,13,,,0,85,,815,13,,,0,45,,816,13,,,0,85,,817,13,,,0,85,,818,13,,,0,85,,819,13,,,0,45,,820,13,,,0,85,,821,13,,,0,85,,822,13,,,0,85,,823,13,,,0,45,,824,13,,,0,85,,825,13,,,0,85,,826,13,,,0,82,,827,13,,,0
7029,'985',624,,3861,13,,,0,30,,3862,13,,,0,70,,3863,13,,,0,30,,3864,13,,,0,70,,3865,13,,,0,30,,3866,13,,,0,70,,3867,13,,,0,30,,3868,13,,,0,70,,3860,13,,,0,30,,3852,13,,,0,70,,3859,13,,,0,30,,3847,13,,,0,70,,3858,13,,,0,30,,3851,13,,,0,70,,3857,13,,,0,30,,3846,13,,,0,70,,3856,13,,,0,30,,3850,13,,,0,70,,3855,13,,,0,30,,3845,13,,,0,70,,3854,13,,,0,30,,3849,13,,,0,70,,3853,13,,,0,30,,3848,13,,,0,70,,3838,13,,,0,30,,3839,13,,,0,70,,3840,13,,,0,85,,3841,13,,,0,45,,3842,13,,,0,85,,3843,13,,,0,85,,3844,13,,,0,85,,3869,13,,,0
7029,'986',629,,3870,13,,,0,80,,3871,13,,,0,40,,3872,13,,,0,80,,3873,13,,,0,80,,3874,13,,,0,40,,3875,13,,,0,75,,3876,13,,,0,30,,3877,13,,,0,70,,3878,13,,,0,30,,3879,13,,,0,70,,3880,13,,,0,30,,3881,13,,,0,70,,3882,13,,,0,30,,3883,13,,,0,70,,3884,13,,,0,30,,3885,13,,,0,70,,3886,13,,,0,30,,3887,13,,,0,70,,3888,13,,,0,30,,3889,13,,,0,70,,3890,13,,,0,30,,3891,13,,,0,70,,3892,13,,,0,30,,3893,13,,,0,70,,3894,13,,,0,85,,3895,13,,,0,45,,3896,13,,,0,85,,3897,13,,,0,85,,3898,13,,,0,85,,3899,13,,,0
7029,'987',859,,3900,13,,,0,78,,3901,13,,,0,80,,3902,13,,,0,40,,3903,13,,,0,85,,3904,13,,,0,85,,3905,13,,,0,85,,3906,13,,,0,45,,3907,13,,,0,85,,3908,13,,,0,85,,3909,13,,,0,85,,3910,13,,,0,45,,3911,13,,,0,85,,3912,13,,,0,85,,3913,13,,,0,85,,3914,13,,,0,45,,3915,13,,,0,85,,3916,13,,,0,85,,3917,13,,,0,82,,3918,13,,,0
9029,'976',905,,4233,24,,,0,40,,4236,24,,,0,80,,4221,24,,,0,85,,4222,24,,,0,44,,4223,24,,,0,85,,4224,24,,,0,85,,4225,24,,,0,85,,4226,24,,,0,45,,4227,24,,,0,85,,4229,24,,,0,85,,4228,24,,,0,85,,4230,24,,,0,45,,4231,24,,,0,85,,4232,24,,,0,81,,4237,24,,,0,85,,4238,24,,,0,45,,4239,24,,,0,85,,4234,24,,,0,85,,4235,24,,,0
9029,'979',656,,1253,24,,,0,68,,1254,24,,,0,28,,1255,24,,,0,70,,1256,24,,,0,30,,1257,24,,,0,70,,1258,24,,,0,30,,1259,24,,,0,70,,1237,24,,,0,30,,1240,24,,,0,70,,1238,24,,,0,30,,1239,24,,,0,70,,1241,24,,,0,30,,1242,24,,,0,70,,1243,24,,,0,30,,1244,24,,,0,70,,1245,24,,,0,30,,1246,24,,,0,70,,1247,24,,,0,30,,1248,24,,,0,70,,1249,24,,,0,30,,1250,24,,,0,70,,1251,24,,,0,30,,1252,24,,,0,70,,1232,24,,,0,30,,1233,24,,,0,67,,1234,24,,,0,30,,1262,24,,,0,77,,1235,24,,,0,85,,1230,24,,,0,37,,1231,24,,,0,85,,1236,24,,,0,85,,1260,24,,,0,85,,1261,24,,,0
9029,'983',905,,1223,24,,,0,40,,1226,24,,,0,80,,1211,24,,,0,85,,1212,24,,,0,44,,1213,24,,,0,85,,1214,24,,,0,85,,1215,24,,,0,85,,1216,24,,,0,45,,1217,24,,,0,85,,1219,24,,,0,85,,1218,24,,,0,85,,1220,24,,,0,45,,1221,24,,,0,85,,1222,24,,,0,81,,1227,24,,,0,85,,1228,24,,,0,45,,1229,24,,,0,85,,1224,24,,,0,85,,1225,24,,,0
9029,'985',656,,4263,24,,,0,68,,4264,24,,,0,28,,4265,24,,,0,70,,4266,24,,,0,30,,4267,24,,,0,70,,4268,24,,,0,30,,4269,24,,,0,70,,4247,24,,,0,30,,4250,24,,,0,70,,4248,24,,,0,30,,4249,24,,,0,70,,4251,24,,,0,30,,4252,24,,,0,70,,4253,24,,,0,30,,4254,24,,,0,70,,4255,24,,,0,30,,4256,24,,,0,70,,4257,24,,,0,30,,4258,24,,,0,70,,4259,24,,,0,30,,4260,24,,,0,70,,4261,24,,,0,30,,4262,24,,,0,70,,4242,24,,,0,30,,4243,24,,,0,67,,4244,24,,,0,30,,4272,24,,,0,77,,4245,24,,,0,85,,4240,24,,,0,37,,4241,24,,,0,85,,4246,24,,,0,85,,4270,24,,,0,85,,4271,24,,,0
9029,'986',635,,4295,24,,,0,80,,4296,24,,,0,40,,4297,24,,,0,80,,4298,24,,,0,82,,4299,24,,,0,85,,4274,24,,,0,17,,4275,24,,,0,30,,4276,24,,,0,70,,4277,24,,,0,30,,4278,24,,,0,70,,4280,24,,,0,30,,4279,24,,,0,70,,4281,24,,,0,30,,4282,24,,,0,71,,4283,24,,,0,30,,4284,24,,,0,70,,4285,24,,,0,30,,4286,24,,,0,70,,4287,24,,,0,30,,4288,24,,,0,70,,4289,24,,,0,30,,4290,24,,,0,70,,4291,24,,,0,30,,4292,24,,,0,69,,4303,24,,,0,30,,4293,24,,,0,77,,4294,24,,,0,85,,4300,24,,,0,37,,4301,24,,,0,85,,4273,24,,,0,85,,4302,24,,,0,85,,4304,24,,,0
9029,'987',905,,4317,24,,,0,40,,4320,24,,,0,80,,4305,24,,,0,85,,4306,24,,,0,44,,4307,24,,,0,85,,4308,24,,,0,85,,4309,24,,,0,85,,4310,24,,,0,45,,4311,24,,,0,85,,4313,24,,,0,85,,4312,24,,,0,85,,4314,24,,,0,45,,4315,24,,,0,85,,4316,24,,,0,81,,4321,24,,,0,85,,4322,24,,,0,45,,4323,24,,,0,85,,4318,24,,,0,85,,4319,24,,,0
