30003029,'1021',615,,12295,13,,,0,20,,12296,13,,,0,171,,12299,13,,,0,30,,12300,13,,,0,70,,12301,13,,,0,130,,12273,13,,,0,70,,12274,13,,,0,30,,12275,13,,,0,170,,12278,13,,,0,30,,12279,13,,,0,70,,12280,13,,,0,130,,12283,13,,,0,70,,12284,13,,,0,30,,12285,13,,,0,170,,12288,13,,,0,30,,12289,13,,,0,70,,12290,13,,,0,45,,12292,13,,,0,85,,12293,13,,,0,85,,12294,13,,,0,85,,12291,13,,,0,45,,12303,13,,,0
30003029,'1022',705,,12297,13,,,0,31,,14029,13,,,0,200,,12302,13,,,0,70,,14025,13,,,0,200,,12276,13,,,0,30,,14026,13,,,0,200,,12281,13,,,0,70,,14027,13,,,0,200,,12286,13,,,0,30,,14028,13,,,0
30003029,'1024',838,,12304,13,,,0,80,,12305,13,,,0,40,,12306,13,,,0,80,,12307,13,,,0,86,,12308,13,,,0,85,,12309,13,,,0,45,,12310,13,,,0,85,,12311,13,,,0,85,,12312,13,,,0,85,,12313,13,,,0,45,,12314,13,,,0,85,,12315,13,,,0,85,,12316,13,,,0,85,,12317,13,,,0,45,,12318,13,,,0,85,,12319,13,,,0,85,,12320,13,,,0,85,,12321,13,,,0,45,,12322,13,,,0,82,,12323,13,,,0
30003029,'1025',615,,15439,13,,,0,20,,15440,13,,,0,70,,15441,13,,,0,31,,15442,13,,,0,70,,15443,13,,,0,30,,15444,13,,,0,70,,15445,13,,,0,30,,15446,13,,,0,70,,15416,13,,,0,30,,15417,13,,,0,70,,15418,13,,,0,30,,15419,13,,,0,70,,15420,13,,,0,30,,15421,13,,,0,70,,15422,13,,,0,30,,15423,13,,,0,70,,15424,13,,,0,30,,15425,13,,,0,70,,15426,13,,,0,30,,15427,13,,,0,70,,15428,13,,,0,30,,15429,13,,,0,70,,15430,13,,,0,30,,15431,13,,,0,70,,15432,13,,,0,30,,15433,13,,,0,70,,15434,13,,,0,45,,15436,13,,,0,85,,15437,13,,,0,85,,15438,13,,,0,85,,15435,13,,,0,45,,15447,13,,,0
30003029,'1026',611,,15448,13,,,0,35,,15449,13,,,0,80,,15450,13,,,0,80,,15451,13,,,0,40,,15452,13,,,0,80,,15453,13,,,0,80,,15454,13,,,0,30,,15455,13,,,0,70,,15456,13,,,0,30,,15457,13,,,0,70,,15458,13,,,0,30,,15459,13,,,0,70,,15460,13,,,0,30,,15461,13,,,0,70,,15462,13,,,0,30,,15463,13,,,0,70,,15464,13,,,0,30,,15465,13,,,0,70,,15466,13,,,0,30,,15467,13,,,0,70,,15468,13,,,0,30,,15469,13,,,0,70,,15470,13,,,0,30,,15477,13,,,0,70,,15471,13,,,0,45,,15472,13,,,0,85,,15473,13,,,0,85,,15474,13,,,0,85,,15475,13,,,0,45,,15476,13,,,0
30003029,'1027',838,,15478,13,,,0,80,,15479,13,,,0,40,,15480,13,,,0,80,,15481,13,,,0,86,,15482,13,,,0,85,,15483,13,,,0,45,,15484,13,,,0,85,,15485,13,,,0,85,,15486,13,,,0,85,,15487,13,,,0,45,,15488,13,,,0,85,,15489,13,,,0,85,,15490,13,,,0,85,,15491,13,,,0,45,,15492,13,,,0,85,,15493,13,,,0,85,,15494,13,,,0,85,,15495,13,,,0,45,,15496,13,,,0,82,,15497,13,,,0
30003029,'996',838,,15498,13,,,0,80,,15499,13,,,0,40,,15500,13,,,0,80,,15501,13,,,0,86,,15502,13,,,0,85,,15503,13,,,0,45,,15504,13,,,0,85,,15505,13,,,0,85,,15506,13,,,0,85,,15507,13,,,0,45,,15508,13,,,0,85,,15509,13,,,0,85,,15510,13,,,0,85,,15511,13,,,0,45,,15512,13,,,0,85,,15513,13,,,0,85,,15514,13,,,0,85,,15515,13,,,0,45,,15516,13,,,0,82,,15517,13,,,0
100003029,'1021',625,,12436,13,,,0,95,,12438,13,,,0,31,,12439,13,,,0,100,,12441,13,,,0,100,,12435,13,,,0,70,,12419,13,,,0,100,,12421,13,,,0,100,,12423,13,,,0,30,,12424,13,,,0,100,,12426,13,,,0,100,,12428,13,,,0,70,,12429,13,,,0,100,,12431,13,,,0,100,,12433,13,,,0,30,,12434,13,,,0,100,,12443,13,,,0
100003029,'1022',650,,12437,13,,,0,171,,14047,13,,,0,100,,12442,13,,,0,130,,14044,13,,,0,100,,12422,13,,,0,170,,14045,13,,,0,100,,12427,13,,,0,130,,14046,13,,,0,100,,12432,13,,,0,170,,14048,13,,,0
100003029,'1025',625,,15580,13,,,0,25,,15581,13,,,0,70,,15582,13,,,0,31,,15583,13,,,0,70,,15584,13,,,0,30,,15585,13,,,0,70,,15586,13,,,0,30,,15579,13,,,0,70,,15563,13,,,0,30,,15564,13,,,0,70,,15565,13,,,0,30,,15566,13,,,0,70,,15567,13,,,0,30,,15568,13,,,0,70,,15569,13,,,0,30,,15570,13,,,0,70,,15571,13,,,0,30,,15572,13,,,0,70,,15573,13,,,0,30,,15574,13,,,0,70,,15575,13,,,0,30,,15576,13,,,0,70,,15577,13,,,0,30,,15578,13,,,0,70,,15588,13,,,0,30,,15587,13,,,0
100003029,'1026',951,,15605,13,,,0,70,,15589,13,,,0,30,,15590,13,,,0,70,,15591,13,,,0,30,,15592,13,,,0,70,,15593,13,,,0,30,,15594,13,,,0,70,,15595,13,,,0,30,,15596,13,,,0,70,,15597,13,,,0,30,,15598,13,,,0,70,,15599,13,,,0,30,,15600,13,,,0,70,,15601,13,,,0,30,,15602,13,,,0,70,,15603,13,,,0,30,,15604,13,,,0,70,,15606,13,,,0,30,,15607,13,,,0
