7019,'976',851,,3719,22,4,,0,78,,3720,22,4,,0,80,,3721,22,4,,0,40,,3722,22,4,,0,85,,3723,22,4,,0,85,,3724,22,4,,0,85,,3725,22,4,,0,45,,3726,22,4,,0,85,,3727,22,4,,0,85,,3728,22,4,,0,85,,3729,22,4,,0,45,,3730,22,4,,0,85,,3731,22,4,,0,85,,3732,22,4,,0,85,,3733,22,4,,0,45,,3734,22,4,,0,85,,3735,22,4,,0,85,,3736,22,4,,0,82,,3737,22,4,,0
7019,'979',616,,751,22,4,,0,30,,752,22,4,,0,70,,753,22,4,,0,30,,754,22,4,,0,70,,757,22,4,,0,30,,758,22,4,,0,70,,755,22,4,,0,30,,756,22,4,,0,70,,749,22,4,,0,30,,750,22,4,,0,70,,748,22,4,,0,30,,735,22,4,,0,70,,742,22,4,,0,30,,736,22,4,,0,70,,743,22,4,,0,30,,737,22,4,,0,70,,744,22,4,,0,30,,738,22,4,,0,70,,745,22,4,,0,30,,739,22,4,,0,70,,746,22,4,,0,30,,740,22,4,,0,70,,747,22,4,,0,30,,741,22,4,,0,70,,728,22,4,,0,30,,729,22,4,,0,70,,730,22,4,,0,85,,731,22,4,,0,45,,732,22,4,,0,85,,733,22,4,,0,85,,734,22,4,,0,85,,759,22,4,,0
7019,'983',851,,709,22,4,,0,78,,710,22,4,,0,80,,711,22,4,,0,40,,712,22,4,,0,85,,713,22,4,,0,85,,714,22,4,,0,85,,715,22,4,,0,45,,716,22,4,,0,85,,717,22,4,,0,85,,718,22,4,,0,85,,719,22,4,,0,45,,720,22,4,,0,85,,721,22,4,,0,85,,722,22,4,,0,85,,723,22,4,,0,45,,724,22,4,,0,85,,725,22,4,,0,85,,726,22,4,,0,82,,727,22,4,,0
7019,'985',616,,3761,22,4,,0,30,,3762,22,4,,0,70,,3763,22,4,,0,30,,3764,22,4,,0,70,,3767,22,4,,0,30,,3768,22,4,,0,70,,3765,22,4,,0,30,,3766,22,4,,0,70,,3759,22,4,,0,30,,3760,22,4,,0,70,,3758,22,4,,0,30,,3745,22,4,,0,70,,3752,22,4,,0,30,,3746,22,4,,0,70,,3753,22,4,,0,30,,3747,22,4,,0,70,,3754,22,4,,0,30,,3748,22,4,,0,70,,3755,22,4,,0,30,,3749,22,4,,0,70,,3756,22,4,,0,30,,3750,22,4,,0,70,,3757,22,4,,0,30,,3751,22,4,,0,70,,3738,22,4,,0,30,,3739,22,4,,0,70,,3740,22,4,,0,85,,3741,22,4,,0,45,,3742,22,4,,0,85,,3743,22,4,,0,85,,3744,22,4,,0,85,,3769,22,4,,0
7019,'986',621,,3770,22,4,,0,80,,3771,22,4,,0,40,,3772,22,4,,0,80,,3773,22,4,,0,80,,3774,22,4,,0,40,,3775,22,4,,0,75,,3776,22,4,,0,30,,3777,22,4,,0,70,,3778,22,4,,0,30,,3779,22,4,,0,70,,3780,22,4,,0,30,,3781,22,4,,0,70,,3782,22,4,,0,30,,3783,22,4,,0,70,,3784,22,4,,0,30,,3785,22,4,,0,70,,3786,22,4,,0,30,,3787,22,4,,0,70,,3788,22,4,,0,30,,3789,22,4,,0,70,,3790,22,4,,0,30,,3791,22,4,,0,70,,3792,22,4,,0,30,,3793,22,4,,0,70,,3794,22,4,,0,85,,3795,22,4,,0,45,,3796,22,4,,0,85,,3797,22,4,,0,85,,3798,22,4,,0,85,,3799,22,4,,0
7019,'987',851,,3800,22,4,,0,78,,3801,22,4,,0,80,,3802,22,4,,0,40,,3803,22,4,,0,85,,3804,22,4,,0,85,,3805,22,4,,0,85,,3806,22,4,,0,45,,3807,22,4,,0,85,,3808,22,4,,0,85,,3809,22,4,,0,85,,3810,22,4,,0,45,,3811,22,4,,0,85,,3812,22,4,,0,85,,3813,22,4,,0,85,,3814,22,4,,0,45,,3815,22,4,,0,85,,3816,22,4,,0,85,,3817,22,4,,0,82,,3818,22,4,,0
7029,'976',851,,3819,1,,,0,78,,3820,1,,,0,80,,3821,1,,,0,40,,3822,1,,,0,85,,3823,1,,,0,85,,3824,1,,,0,85,,3825,1,,,0,45,,3826,1,,,0,85,,3827,1,,,0,85,,3828,1,,,0,85,,3829,1,,,0,45,,3830,1,,,0,85,,3831,1,,,0,85,,3832,1,,,0,85,,3833,1,,,0,45,,3834,1,,,0,85,,3835,1,,,0,85,,3836,1,,,0,82,,3837,1,,,0
7029,'979',616,,851,1,,,0,30,,852,1,,,0,70,,853,1,,,0,30,,854,1,,,0,70,,855,1,,,0,30,,856,1,,,0,70,,857,1,,,0,30,,858,1,,,0,70,,850,1,,,0,30,,842,1,,,0,70,,849,1,,,0,30,,837,1,,,0,70,,848,1,,,0,30,,841,1,,,0,70,,847,1,,,0,30,,836,1,,,0,70,,846,1,,,0,30,,840,1,,,0,70,,845,1,,,0,30,,835,1,,,0,70,,844,1,,,0,30,,839,1,,,0,70,,843,1,,,0,30,,838,1,,,0,70,,828,1,,,0,30,,829,1,,,0,70,,830,1,,,0,85,,831,1,,,0,45,,832,1,,,0,85,,833,1,,,0,85,,834,1,,,0,85,,859,1,,,0
7029,'983',851,,809,1,,,0,78,,810,1,,,0,80,,811,1,,,0,40,,812,1,,,0,85,,813,1,,,0,85,,814,1,,,0,85,,815,1,,,0,45,,816,1,,,0,85,,817,1,,,0,85,,818,1,,,0,85,,819,1,,,0,45,,820,1,,,0,85,,821,1,,,0,85,,822,1,,,0,85,,823,1,,,0,45,,824,1,,,0,85,,825,1,,,0,85,,826,1,,,0,82,,827,1,,,0
7029,'985',616,,3861,1,,,0,30,,3862,1,,,0,70,,3863,1,,,0,30,,3864,1,,,0,70,,3865,1,,,0,30,,3866,1,,,0,70,,3867,1,,,0,30,,3868,1,,,0,70,,3860,1,,,0,30,,3852,1,,,0,70,,3859,1,,,0,30,,3847,1,,,0,70,,3858,1,,,0,30,,3851,1,,,0,70,,3857,1,,,0,30,,3846,1,,,0,70,,3856,1,,,0,30,,3850,1,,,0,70,,3855,1,,,0,30,,3845,1,,,0,70,,3854,1,,,0,30,,3849,1,,,0,70,,3853,1,,,0,30,,3848,1,,,0,70,,3838,1,,,0,30,,3839,1,,,0,70,,3840,1,,,0,85,,3841,1,,,0,45,,3842,1,,,0,85,,3843,1,,,0,85,,3844,1,,,0,85,,3869,1,,,0
7029,'986',621,,3870,1,,,0,80,,3871,1,,,0,40,,3872,1,,,0,80,,3873,1,,,0,80,,3874,1,,,0,40,,3875,1,,,0,75,,3876,1,,,0,30,,3877,1,,,0,70,,3878,1,,,0,30,,3879,1,,,0,70,,3880,1,,,0,30,,3881,1,,,0,70,,3882,1,,,0,30,,3883,1,,,0,70,,3884,1,,,0,30,,3885,1,,,0,70,,3886,1,,,0,30,,3887,1,,,0,70,,3888,1,,,0,30,,3889,1,,,0,70,,3890,1,,,0,30,,3891,1,,,0,70,,3892,1,,,0,30,,3893,1,,,0,70,,3894,1,,,0,85,,3895,1,,,0,45,,3896,1,,,0,85,,3897,1,,,0,85,,3898,1,,,0,85,,3899,1,,,0
7029,'987',851,,3900,1,,,0,78,,3901,1,,,0,80,,3902,1,,,0,40,,3903,1,,,0,85,,3904,1,,,0,85,,3905,1,,,0,85,,3906,1,,,0,45,,3907,1,,,0,85,,3908,1,,,0,85,,3909,1,,,0,85,,3910,1,,,0,45,,3911,1,,,0,85,,3912,1,,,0,85,,3913,1,,,0,85,,3914,1,,,0,45,,3915,1,,,0,85,,3916,1,,,0,85,,3917,1,,,0,82,,3918,1,,,0
