2019,'976',901,,478,17,,,0,40,,488,17,,,0,80,,479,17,,,0,82,,470,17,,,0,40,,480,17,,,0,90,,471,17,,,0,85,,481,17,,,0,85,,472,17,,,0,45,,482,17,,,0,85,,473,17,,,0,85,,483,17,,,0,85,,477,17,,,0,45,,474,17,,,0,85,,487,17,,,0,85,,484,17,,,0,85,,485,17,,,0,45,,486,17,,,0,85,,475,17,,,0,85,,476,17,,,0,85,,489,17,,,0
2019,'979',1955,,385,17,,,0,170,,387,17,,,0,130,,381,17,,,0
2019,'980',702,,359,17,,,0,33,,360,17,,,0,70,,361,17,,,0,30,,362,17,,,0,69,,363,17,,,0,31,,364,17,,,0,70,,365,17,,,0,30,,328,17,,,0,70,,329,17,,,0,30,,330,17,,,0,70,,331,17,,,0,30,,332,17,,,0,70,,333,17,,,0,30,,334,17,,,0,70,,335,17,,,0,30,,336,17,,,0,70,,337,17,,,0,30,,338,17,,,0,70,,339,17,,,0,30,,340,17,,,0,70,,341,17,,,0,30,,342,17,,,0,70,,343,17,,,0,30,,325,17,,,0,70,,326,17,,,0,30,,324,17,,,0,84,,327,17,,,0,21,,386,17,,,0,65,,314,17,,,0,44,,315,17,,,0,61,,379,17,,,0,25,,316,17,,,0,83,,374,17,,,0,86,,376,17,,,0,16,,378,17,,,0
2019,'984',901,,301,17,,,0,40,,311,17,,,0,80,,302,17,,,0,82,,293,17,,,0,40,,303,17,,,0,90,,294,17,,,0,85,,304,17,,,0,85,,295,17,,,0,45,,305,17,,,0,85,,296,17,,,0,85,,306,17,,,0,85,,300,17,,,0,45,,297,17,,,0,85,,310,17,,,0,85,,307,17,,,0,85,,308,17,,,0,45,,309,17,,,0,85,,298,17,,,0,85,,299,17,,,0,85,,312,17,,,0
2019,'985',1955,,3584,17,,,0,170,,3585,17,,,0,130,,3582,17,,,0
2019,'986',627,,3586,17,,,0,80,,3587,17,,,0,40,,3588,17,,,0,80,,3589,17,,,0,80,,3590,17,,,0,41,,3591,17,,,0,85,,3592,17,,,0,70,,3593,17,,,0,30,,3594,17,,,0,70,,3595,17,,,0,30,,3596,17,,,0,70,,3597,17,,,0,30,,3598,17,,,0,70,,3599,17,,,0,30,,3600,17,,,0,70,,3601,17,,,0,30,,3602,17,,,0,70,,3603,17,,,0,30,,3604,17,,,0,70,,3605,17,,,0,30,,3606,17,,,0,70,,3607,17,,,0,30,,3608,17,,,0,70,,3609,17,,,0,30,,3610,17,,,0,84,,3611,17,,,0,84,,3612,17,,,0,45,,3613,17,,,0,85,,3614,17,,,0,85,,3645,17,,,0,85,,3644,17,,,0,15,,3648,17,,,0
11019,'979',622,,1534,12,,,0,30,,1535,12,,,0,70,,1536,12,,,0,30,,1537,12,,,0,70,,1538,12,,,0,30,,1539,12,,,0,70,,1540,12,,,0,30,,1541,12,,,0,70,,1518,12,,,0,30,,1519,12,,,0,70,,1520,12,,,0,30,,1521,12,,,0,70,,1522,12,,,0,30,,1523,12,,,0,70,,1524,12,,,0,30,,1525,12,,,0,70,,1526,12,,,0,30,,1527,12,,,0,70,,1528,12,,,0,30,,1529,12,,,0,70,,1530,12,,,0,30,,1531,12,,,0,70,,1532,12,,,0,30,,1533,12,,,0,70,,1543,12,,,0,30,,1542,12,,,0
11019,'985',622,,4544,12,,,0,30,,4545,12,,,0,70,,4546,12,,,0,30,,4547,12,,,0,70,,4548,12,,,0,30,,4549,12,,,0,70,,4550,12,,,0,30,,4551,12,,,0,70,,4528,12,,,0,30,,4529,12,,,0,70,,4530,12,,,0,30,,4531,12,,,0,70,,4532,12,,,0,30,,4533,12,,,0,70,,4534,12,,,0,30,,4535,12,,,0,70,,4536,12,,,0,30,,4537,12,,,0,70,,4538,12,,,0,30,,4539,12,,,0,70,,4540,12,,,0,30,,4541,12,,,0,70,,4542,12,,,0,30,,4543,12,,,0,70,,4553,12,,,0,30,,4552,12,,,0
11019,'986',1022,,4554,12,,,0,30,,4555,12,,,0,70,,4556,12,,,0,30,,4557,12,,,0,70,,4558,12,,,0,30,,4559,12,,,0,70,,4560,12,,,0,30,,4561,12,,,0,70,,4562,12,,,0,30,,4563,12,,,0,70,,4564,12,,,0,30,,4565,12,,,0,70,,4566,12,,,0,30,,4567,12,,,0,70,,4568,12,,,0,30,,4569,12,,,0,70,,4570,12,,,0,30,,4571,12,,,0
13029,'976',902,,4710,16,,,0,40,,4711,16,,,0,80,,4712,16,,,0,80,,4713,16,,,0,46,,4714,16,,,0,85,,4715,16,,,0,85,,4716,16,,,0,85,,4717,16,,,0,45,,4718,16,,,0,85,,4719,16,,,0,85,,4720,16,,,0,85,,4721,16,,,0,45,,4722,16,,,0,85,,4723,16,,,0,85,,4724,16,,,0,85,,4725,16,,,0,44,,4726,16,,,0,85,,4727,16,,,0,85,,4728,16,,,0
13029,'979',1934,,1736,16,,,0,85,,1731,16,,,0,85,,1732,16,,,0,45,,1734,16,,,0,83,,1733,16,,,0,85,,1735,16,,,0
13029,'983',902,,1712,16,,,0,40,,1713,16,,,0,80,,1714,16,,,0,80,,1715,16,,,0,46,,1716,16,,,0,85,,1717,16,,,0,85,,1718,16,,,0,85,,1719,16,,,0,45,,1720,16,,,0,85,,1721,16,,,0,85,,1722,16,,,0,85,,1723,16,,,0,45,,1724,16,,,0,85,,1725,16,,,0,85,,1726,16,,,0,85,,1727,16,,,0,44,,1728,16,,,0,85,,1729,16,,,0,85,,1730,16,,,0
13029,'985',1934,,4734,16,,,0,85,,4729,16,,,0,85,,4730,16,,,0,45,,4732,16,,,0,83,,4731,16,,,0,85,,4733,16,,,0
13029,'986',631,,4735,16,,,0,80,,4736,16,,,0,40,,4737,16,,,0,80,,4738,16,,,0,81,,4739,16,,,0,40,,4740,16,,,0,982,,4741,16,,,0,85,,4742,16,,,0,85,,4743,16,,,0,45,,4744,16,,,0,85,,4745,16,,,0,85,,4746,16,,,0
13029,'987',902,,4747,16,,,0,40,,4748,16,,,0,80,,4749,16,,,0,80,,4750,16,,,0,46,,4751,16,,,0,85,,4752,16,,,0,85,,4753,16,,,0,85,,4754,16,,,0,45,,4755,16,,,0,85,,4756,16,,,0,85,,4757,16,,,0,85,,4758,16,,,0,45,,4759,16,,,0,85,,4760,16,,,0,85,,4761,16,,,0,85,,4762,16,,,0,44,,4763,16,,,0,85,,4764,16,,,0,85,,4765,16,,,0
