1019,'976',803,,3362,20,,,0,40,,3363,20,,,0,60,,125,20,,,0,20,,3364,20,,,0,20,,107,20,,,0,60,,3373,20,,,0,20,,108,20,,,0,20,,3375,20,,,0,64,,109,20,,,0,22,,3377,20,,,0,23,,110,20,,,0,62,,3372,20,,,0,23,,111,20,,,0,22,,3374,20,,,0,63,,112,20,,,0,22,,3376,20,,,0,63,,113,20,,,0,22,,3378,20,,,0,23,,114,20,,,0,62,,3379,20,,,0,23,,115,20,,,0,22,,3380,20,,,0,63,,116,20,,,0,22,,3381,20,,,0,63,,117,20,,,0,22,,3382,20,,,0,23,,137,20,,,0,62,,3365,20,,,0,21,,138,19,,,0,22,,3366,19,,,0,85,,3368,19,,,0,85,,3367,19,,,0,85,,3369,19,,,0,45,,3371,19,,,0,85,,3370,19,,,0,83,,3383,19,,,0
1019,'979',616,,37,20,,,0,30,,38,20,,,0,70,,39,20,,,0,30,,40,20,,,0,70,,41,20,,,0,30,,42,20,,,0,70,,43,20,,,0,30,,44,20,,,0,70,,45,20,,,0,30,,46,20,,,0,70,,47,20,,,0,30,,48,20,,,0,70,,49,20,,,0,30,,50,20,,,0,70,,51,20,,,0,30,,52,20,,,0,70,,53,20,,,0,30,,54,20,,,0,70,,55,20,,,0,30,,56,20,,,0,70,,57,20,,,0,30,,58,20,,,0,70,,59,20,,,0,30,,60,20,,,0,70,,61,20,,,0,30,,63,20,,,0,65,,70,20,,,0,45,,65,20,,,0,85,,64,20,,,0,85,,66,19,,,0,84,,67,19,,,0,45,,68,19,,,0,85,,62,19,,,0,81,,69,19,,,0
1019,'983',803,,1,20,,,0,40,,2,20,,,0,80,,3,20,,,0,80,,24,20,,,0,40,,26,20,,,0,86,,28,20,,,0,85,,23,20,,,0,45,,25,20,,,0,85,,27,20,,,0,85,,29,20,,,0,85,,30,20,,,0,45,,31,20,,,0,85,,32,20,,,0,85,,33,20,,,0,85,,15,20,,,0,43,,16,19,,,0,85,,18,19,,,0,85,,17,19,,,0,85,,19,19,,,0,45,,21,19,,,0,85,,20,19,,,0,83,,36,19,,,0
1019,'984',903,,22,20,,,0,40,,4,20,,,0,80,,5,20,,,0,84,,6,20,,,0,45,,7,20,,,0,85,,8,20,,,0,85,,9,20,,,0,85,,10,20,,,0,45,,11,20,,,0,85,,12,20,,,0,85,,13,20,,,0,85,,14,20,,,0,45,,34,20,,,0,83,,35,19,,,0
1019,'985',616,,3384,20,,,0,30,,3385,20,,,0,70,,3386,20,,,0,30,,3387,20,,,0,70,,3388,20,,,0,30,,3389,20,,,0,70,,3390,20,,,0,30,,3391,20,,,0,70,,3392,20,,,0,30,,3393,20,,,0,70,,3394,20,,,0,30,,3395,20,,,0,70,,3396,20,,,0,30,,3397,20,,,0,70,,3398,20,,,0,30,,3399,20,,,0,70,,3400,20,,,0,30,,3401,20,,,0,70,,3402,20,,,0,30,,3403,20,,,0,70,,3404,20,,,0,30,,3405,20,,,0,70,,3406,20,,,0,30,,3407,20,,,0,70,,3408,20,,,0,30,,3410,20,,,0,65,,3417,20,,,0,45,,3412,20,,,0,85,,3411,20,,,0,85,,3413,19,,,0,84,,3414,19,,,0,45,,3415,19,,,0,85,,3409,19,,,0,81,,3416,19,,,0
1019,'986',612,,3418,20,,,0,40,,3419,20,,,0,80,,3420,20,,,0,80,,3421,20,,,0,40,,3422,20,,,0,80,,3423,20,,,0,20,,3450,20,,,0,60,,3448,20,,,0,32,,3428,20,,,0,70,,3427,20,,,0,30,,3430,20,,,0,70,,3429,20,,,0,30,,3432,20,,,0,70,,3431,20,,,0,30,,3434,20,,,0,70,,3433,20,,,0,30,,3436,20,,,0,70,,3435,20,,,0,30,,3438,20,,,0,70,,3437,20,,,0,30,,3440,20,,,0,70,,3439,20,,,0,30,,3426,20,,,0,70,,3441,20,,,0,30,,3449,20,,,0,68,,3443,19,,,0,45,,3442,19,,,0,85,,3444,19,,,0,85,,3446,19,,,0,85,,3445,19,,,0,45,,3424,19,,,0,85,,3447,19,,,0,85,,3425,19,,,0
1019,'987',803,,3451,20,,,0,40,,3452,20,,,0,80,,3453,20,,,0,80,,3462,20,,,0,40,,3464,20,,,0,86,,3466,20,,,0,85,,3461,20,,,0,45,,3463,20,,,0,85,,3465,20,,,0,85,,3467,20,,,0,85,,3468,20,,,0,45,,3469,20,,,0,85,,3470,20,,,0,85,,3471,20,,,0,85,,3454,20,,,0,43,,3455,19,,,0,85,,3457,19,,,0,85,,3456,19,,,0,85,,3458,19,,,0,45,,3460,19,,,0,85,,3459,19,,,0,83,,3472,19,,,0
12019,'979',638,,1623,28,,,0,65,,1624,28,,,0,32,,1625,28,,,0,70,,1626,28,,,0,30,,1627,28,,,0,70,,1628,28,,,0,30,,1629,28,,,0,70,,1630,28,,,0,30,,1607,28,,,0,70,,1608,28,,,0,30,,1609,28,,,0,70,,1610,28,,,0,30,,1611,28,,,0,70,,1612,28,,,0,30,,1613,28,,,0,70,,1614,28,,,0,30,,1615,28,,,0,70,,1616,28,,,0,30,,1617,28,,,0,70,,1618,28,,,0,30,,1619,28,,,0,70,,1620,28,,,0,30,,1621,28,,,0,70,,1622,28,,,0,30,,1606,28,,,0,70,,1631,28,,,0
12019,'982',722,,1633,28,,,0,120,,1635,28,,,0,160,,1637,28,,,0,103,,1639,28,,,0,100,,1641,28,,,0,100,,1643,28,,,0,100,,1645,28,,,0,100,,1647,28,,,0,100,,1649,28,,,0,100,,1651,28,,,0,100,,1653,28,,,0,100,,1655,28,,,0
12019,'985',638,,4633,28,,,0,65,,4634,28,,,0,32,,4635,28,,,0,70,,4636,28,,,0,30,,4637,28,,,0,70,,4638,28,,,0,30,,4639,28,,,0,70,,4640,28,,,0,30,,4617,28,,,0,70,,4618,28,,,0,30,,4619,28,,,0,70,,4620,28,,,0,30,,4621,28,,,0,70,,4622,28,,,0,30,,4623,28,,,0,70,,4624,28,,,0,30,,4625,28,,,0,70,,4626,28,,,0,30,,4627,28,,,0,70,,4628,28,,,0,30,,4629,28,,,0,70,,4630,28,,,0,30,,4631,28,,,0,70,,4632,28,,,0,30,,4616,28,,,0,70,,4641,28,,,0
12019,'986',640,,4642,28,,,0,162,,4643,28,,,0,120,,4644,28,,,0,113,,4645,28,,,0,100,,4646,28,,,0,100,,4647,28,,,0,100,,4648,28,,,0,100,,4649,28,,,0,100,,4650,28,,,0,100,,4651,28,,,0,100,,4652,28,,,0,100,,4653,28,,,0
