5019,'976',834,,581,10,,,0,80,,582,10,,,0,40,,583,10,,,0,80,,584,10,,,0,85,,585,10,,,0,88,,586,10,,,0,45,,587,10,,,0,85,,588,10,,,0,85,,589,10,,,0,85,,590,10,,,0,45,,591,10,,,0,85,,592,10,,,0,85,,593,10,,,0,85,,594,10,,,0,45,,595,10,,,0,85,,596,10,,,0,85,,597,10,,,0,85,,598,10,,,0,45,,599,10,,,0,85,,600,10,,,0
5019,'980',637,,541,10,,,0,70,,542,10,,,0,30,,543,10,,,0,70,,544,10,,,0,29,,545,10,,,0,71,,546,10,,,0,30,,547,10,,,0,70,,525,10,,,0,30,,526,10,,,0,70,,527,10,,,0,30,,528,10,,,0,70,,529,10,,,0,30,,530,10,,,0,70,,531,10,,,0,30,,532,10,,,0,70,,533,10,,,0,30,,534,10,,,0,70,,535,10,,,0,30,,536,10,,,0,70,,537,10,,,0,30,,538,10,,,0,70,,539,10,,,0,30,,540,10,,,0,70,,518,10,,,0,30,,519,10,,,0,70,,520,10,,,0,44,,521,10,,,0,84,,522,10,,,0,86,,523,10,,,0,85,,524,10,,,0,44,,548,10,,,0,86,,549,10,,,0
5019,'984',834,,498,10,,,0,80,,499,10,,,0,40,,500,10,,,0,80,,501,10,,,0,85,,502,10,,,0,88,,503,10,,,0,45,,504,10,,,0,85,,505,10,,,0,85,,506,10,,,0,85,,507,10,,,0,45,,508,10,,,0,85,,509,10,,,0,85,,510,10,,,0,85,,511,10,,,0,45,,512,10,,,0,85,,513,10,,,0,85,,514,10,,,0,85,,515,10,,,0,45,,516,10,,,0,85,,517,10,,,0
5019,'986',604,,3654,10,,,0,40,,3655,10,,,0,80,,3656,10,,,0,80,,3657,10,,,0,40,,3658,10,,,0,80,,3659,10,,,0,83,,3660,10,,,0,30,,3661,10,,,0,70,,3662,10,,,0,30,,3663,10,,,0,70,,3664,10,,,0,30,,3665,10,,,0,70,,3666,10,,,0,30,,3667,10,,,0,70,,3668,10,,,0,30,,3669,10,,,0,70,,3670,10,,,0,30,,3671,10,,,0,70,,3672,10,,,0,30,,3673,10,,,0,70,,3674,10,,,0,30,,3675,10,,,0,70,,3676,10,,,0,30,,3677,10,,,0,70,,3678,10,,,0,44,,3679,10,,,0,84,,3680,10,,,0,86,,3681,10,,,0,85,,3682,10,,,0,45,,3684,10,,,0,85,,3683,10,,,0
14029,'976',816,,4870,10,,,0,40,,4871,10,,,0,80,,4872,10,,,0,80,,4873,10,,,0,43,,4874,10,,,0,85,,4875,10,,,0,85,,4876,10,,,0,85,,4877,10,,,0,45,,4878,10,,,0,85,,4879,10,,,0,85,,4880,10,,,0,85,,4881,10,,,0,45,,4882,10,,,0,85,,4883,10,,,0,85,,4884,10,,,0,85,,4885,10,,,0,45,,4886,10,,,0,85,,4887,10,,,0,85,,4888,10,,,0,85,,4889,10,,,0
14029,'979',615,,1915,10,,,0,21,,1916,10,,,0,70,,1917,10,,,0,30,,1918,10,,,0,70,,1919,10,,,0,30,,1920,10,,,0,70,,1921,10,,,0,30,,1922,10,,,0,70,,1892,10,,,0,30,,1893,10,,,0,70,,1894,10,,,0,30,,1895,10,,,0,71,,1896,10,,,0,30,,1897,10,,,0,70,,1898,10,,,0,30,,1899,10,,,0,70,,1900,10,,,0,30,,1901,10,,,0,70,,1902,10,,,0,30,,1903,10,,,0,70,,1904,10,,,0,30,,1905,10,,,0,70,,1906,10,,,0,30,,1907,10,,,0,69,,1908,10,,,0,30,,1914,10,,,0,70,,1923,10,,,0,22,,1912,10,,,0,85,,1909,10,,,0,45,,1911,10,,,0,85,,1910,10,,,0,85,,1913,10,,,0,85,,1924,10,,,0
14029,'983',816,,1872,10,,,0,40,,1873,10,,,0,80,,1874,10,,,0,80,,1875,10,,,0,43,,1876,10,,,0,85,,1877,10,,,0,85,,1878,10,,,0,85,,1879,10,,,0,45,,1880,10,,,0,85,,1881,10,,,0,85,,1882,10,,,0,85,,1883,10,,,0,45,,1884,10,,,0,85,,1885,10,,,0,85,,1886,10,,,0,85,,1887,10,,,0,45,,1888,10,,,0,85,,1889,10,,,0,85,,1890,10,,,0,85,,1891,10,,,0
14029,'985',615,,4913,10,,,0,21,,4914,10,,,0,70,,4915,10,,,0,30,,4916,10,,,0,70,,4917,10,,,0,30,,4918,10,,,0,70,,4919,10,,,0,30,,4920,10,,,0,70,,4890,10,,,0,30,,4891,10,,,0,70,,4892,10,,,0,30,,4893,10,,,0,71,,4894,10,,,0,30,,4895,10,,,0,70,,4896,10,,,0,30,,4897,10,,,0,70,,4898,10,,,0,30,,4899,10,,,0,70,,4900,10,,,0,30,,4901,10,,,0,70,,4902,10,,,0,30,,4903,10,,,0,70,,4904,10,,,0,30,,4905,10,,,0,69,,4906,10,,,0,30,,4912,10,,,0,70,,4921,10,,,0,22,,4910,10,,,0,85,,4907,10,,,0,45,,4909,10,,,0,85,,4908,10,,,0,85,,4911,10,,,0,85,,4922,10,,,0
14029,'986',626,,4923,10,,,0,80,,4924,10,,,0,40,,4925,10,,,0,80,,4926,10,,,0,80,,4927,10,,,0,40,,4928,10,,,0,60,,4929,10,,,0,30,,4930,10,,,0,70,,4931,10,,,0,30,,4932,10,,,0,70,,4933,10,,,0,30,,4934,10,,,0,70,,4935,10,,,0,30,,4936,10,,,0,71,,4937,10,,,0,30,,4938,10,,,0,70,,4939,10,,,0,30,,4940,10,,,0,70,,4941,10,,,0,30,,4942,10,,,0,70,,4943,10,,,0,30,,4944,10,,,0,69,,4945,10,,,0,30,,4946,10,,,0,70,,4952,10,,,0,22,,4947,10,,,0,85,,4948,10,,,0,45,,4949,10,,,0,85,,4950,10,,,0,85,,4953,10,,,0,85,,4951,10,,,0
14029,'987',816,,4954,10,,,0,40,,4955,10,,,0,80,,4956,10,,,0,80,,4957,10,,,0,43,,4958,10,,,0,85,,4959,10,,,0,85,,4960,10,,,0,85,,4961,10,,,0,45,,4962,10,,,0,85,,4963,10,,,0,85,,4964,10,,,0,85,,4965,10,,,0,45,,4966,10,,,0,85,,4967,10,,,0,85,,4968,10,,,0,85,,4969,10,,,0,45,,4970,10,,,0,85,,4971,10,,,0,85,,4972,10,,,0,85,,4973,10,,,0
