17019,'1011',635,,13875,9,,,0,170,,13876,9,,,0,100,,13877,9,,,0,130,,13878,9,,,0,100,,13879,9,,,0,170,,13880,9,,,0,100,,13881,9,,,0,130,,13882,9,,,0,100,,13883,9,,,0,170,,13884,9,,,0,100,,13885,9,,,0
17019,'1017',837,,11813,9,,,0,80,,11814,9,,,0,40,,11815,9,,,0,80,,11816,9,,,0,86,,11817,9,,,0,85,,11818,9,,,0,45,,11819,9,,,0,85,,11820,9,,,0,85,,11821,9,,,0,85,,11822,9,,,0,45,,11823,9,,,0,85,,11824,9,,,0,85,,11825,9,,,0,85,,11826,9,,,0,45,,11827,9,,,0,85,,11828,9,,,0,85,,11829,9,,,0,85,,11830,9,,,0,45,,11831,9,,,0,82,,11832,9,,,0
17019,'1022',1950,,13886,9,,,0,170,,13887,9,,,0,85,,13888,9,,,0,130,,13889,9,,,0
17019,'1025',1950,,15226,9,,,0,170,,15227,9,,,0,85,,15228,9,,,0,130,,15229,9,,,0
17019,'1026',605,,15238,9,,,0,40,,15230,9,,,0,80,,15231,9,,,0,80,,15232,9,,,0,40,,15233,9,,,0,1105,,15234,9,,,0,85,,15236,9,,,0,85,,15235,9,,,0,85,,15237,9,,,0,45,,15240,9,,,0,85,,15239,9,,,0
17019,'994',610,,11812,9,,,0,95,,11781,9,,,0,30,,11782,9,,,0,100,,11784,9,,,0,100,,11786,9,,,0,70,,11787,9,,,0,100,,11789,9,,,0,100,,11791,9,,,0,30,,11792,9,,,0,100,,11794,9,,,0,100,,11796,9,,,0,70,,11797,9,,,0,100,,11799,9,,,0,100,,11801,9,,,0,30,,11802,9,,,0,100,,11804,9,,,0,200,,11807,9,,,0,215,,11810,9,,,0
17019,'995',925,,11837,9,,,0,80,,11838,9,,,0,30,,13903,9,,,0,70,,13894,9,,,0,30,,13895,9,,,0,70,,13898,9,,,0,30,,11841,9,,,0,70,,13899,9,,,0,30,,13896,9,,,0,70,,13897,9,,,0,30,,13901,9,,,0,70,,11848,9,,,0,30,,13913,9,,,0,70,,13900,9,,,0,30,,13911,9,,,0,70,,13912,9,,,0,30,,11860,9,,,0,70,,13902,9,,,0,30,,13914,9,,,0,70,,13915,9,,,0
17019,'996',837,,11864,9,,,0,80,,11865,9,,,0,40,,11866,9,,,0,80,,11867,9,,,0,86,,11868,9,,,0,85,,11869,9,,,0,45,,11870,9,,,0,85,,11871,9,,,0,85,,11872,9,,,0,85,,11873,9,,,0,45,,11874,9,,,0,85,,11875,9,,,0,85,,11876,9,,,0,85,,11877,9,,,0,45,,11878,9,,,0,85,,11879,9,,,0,85,,11880,9,,,0,85,,11881,9,,,0,45,,11882,9,,,0,82,,11883,9,,,0
17029,'1011',655,,13916,25,,,0,170,,13925,25,,,0,100,,13926,25,,,0,130,,13927,25,,,0,100,,13917,25,,,0,170,,13928,25,,,0,100,,13929,25,,,0,130,,13918,25,,,0,100,,13919,25,,,0,170,,13924,25,,,0,100,,13920,25,,,0
17029,'1017',857,,11917,25,,,0,80,,11918,25,,,0,80,,11919,25,,,0,40,,11920,25,,,0,86,,11921,25,,,0,85,,11922,25,,,0,85,,11923,25,,,0,45,,11924,25,,,0,85,,11925,25,,,0,85,,11926,25,,,0,85,,11927,25,,,0,45,,11928,25,,,0,85,,11929,25,,,0,85,,11930,25,,,0,85,,11931,25,,,0,45,,11932,25,,,0,85,,11933,25,,,0,85,,11934,25,,,0,85,,11935,25,,,0,42,,11936,25,,,0
17029,'1022',2010,,13921,25,,,0,130,,13922,25,,,0,85,,13923,25,,,0,130,,13930,25,,,0
17029,'1025',2010,,15241,25,,,0,130,,15242,25,,,0,85,,15243,25,,,0,130,,15244,25,,,0
17029,'1026',625,,15245,25,,,0,80,,15246,25,,,0,40,,15247,25,,,0,80,,15248,25,,,0,80,,15249,25,,,0,1105,,15250,25,,,0,45,,15252,25,,,0,85,,15251,25,,,0,85,,15253,25,,,0,85,,15255,25,,,0,45,,15254,25,,,0
17029,'994',630,,11916,25,,,0,95,,11885,25,,,0,30,,11886,25,,,0,100,,11887,25,,,0,100,,11888,25,,,0,70,,11889,25,,,0,100,,11911,25,,,0,100,,11912,25,,,0,30,,11890,25,,,0,100,,11892,25,,,0,100,,11893,25,,,0,70,,11907,25,,,0,100,,11906,25,,,0,100,,11905,25,,,0,30,,11896,25,,,0,100,,11897,25,,,0,200,,11900,25,,,0,255,,11903,25,,,0
17029,'995',945,,11942,25,,,0,80,,11943,25,,,0,30,,13945,25,,,0,70,,13936,25,,,0,30,,13937,25,,,0,70,,13940,25,,,0,30,,11946,25,,,0,70,,13941,25,,,0,30,,13938,25,,,0,70,,13939,25,,,0,30,,13943,25,,,0,70,,11953,25,,,0,30,,13952,25,,,0,70,,13942,25,,,0,30,,13953,25,,,0,70,,13954,25,,,0,30,,11964,25,,,0,70,,13944,25,,,0,30,,13955,25,,,0,70,,13956,25,,,0
17029,'996',857,,11968,25,,,0,80,,11969,25,,,0,80,,11970,25,,,0,40,,11971,25,,,0,86,,11972,25,,,0,85,,11973,25,,,0,85,,11974,25,,,0,45,,11975,25,,,0,85,,11976,25,,,0,85,,11977,25,,,0,85,,11978,25,,,0,45,,11979,25,,,0,85,,11980,25,,,0,85,,11981,25,,,0,85,,11982,25,,,0,45,,11983,25,,,0,85,,11984,25,,,0,85,,11985,25,,,0,85,,11986,25,,,0,42,,11987,25,,,0
