1029,'976',817,,3473,12,,,0,40,,3474,12,,,0,60,,261,12,,,0,20,,3491,12,,,0,20,,263,12,,,0,60,,3475,12,,,0,20,,265,12,,,0,63,,3476,12,,,0,22,,260,12,,,0,23,,3477,12,,,0,62,,264,12,,,0,23,,3478,12,,,0,22,,262,12,,,0,63,,3479,12,,,0,22,,266,12,,,0,63,,3480,12,,,0,22,,267,12,,,0,23,,3481,12,,,0,62,,268,12,,,0,23,,3482,12,,,0,22,,269,12,,,0,63,,3483,12,,,0,22,,270,12,,,0,63,,3484,12,,,0,22,,271,12,,,0,23,,3485,12,,,0,62,,253,12,,,0,23,,3493,12,,,0,84,,3490,12,,,0,45,,3486,12,,,0,85,,3487,12,,,0,85,,3489,12,,,0,85,,3488,12,,,0,45,,3492,12,,,0
1029,'979',607,,174,12,,,0,30,,175,12,,,0,70,,176,12,,,0,30,,177,12,,,0,70,,178,12,,,0,30,,179,12,,,0,70,,180,12,,,0,30,,181,12,,,0,70,,182,12,,,0,30,,183,12,,,0,70,,184,12,,,0,30,,185,12,,,0,70,,186,12,,,0,30,,187,12,,,0,70,,188,12,,,0,30,,189,12,,,0,70,,190,12,,,0,30,,191,12,,,0,70,,192,12,,,0,30,,193,12,,,0,70,,194,12,,,0,30,,195,12,,,0,70,,196,12,,,0,30,,197,12,,,0,70,,198,12,,,0,30,,199,12,,,0,70,,207,12,,,0,20,,200,12,,,0,85,,201,12,,,0,45,,203,12,,,0,85,,204,12,,,0,85,,205,12,,,0,85,,202,12,,,0,45,,206,12,,,0
1029,'983',817,,140,12,,,0,40,,141,12,,,0,80,,159,12,,,0,80,,142,12,,,0,83,,143,12,,,0,45,,144,12,,,0,85,,145,12,,,0,85,,146,12,,,0,85,,147,12,,,0,45,,148,12,,,0,85,,149,12,,,0,85,,150,12,,,0,85,,151,12,,,0,45,,152,12,,,0,85,,173,12,,,0,84,,158,12,,,0,45,,154,12,,,0,85,,155,12,,,0,85,,157,12,,,0,85,,156,12,,,0,45,,172,12,,,0
1029,'984',917,,161,12,,,0,40,,163,12,,,0,80,,165,12,,,0,85,,160,12,,,0,85,,164,12,,,0,45,,162,12,,,0,85,,166,12,,,0,85,,167,12,,,0,85,,168,12,,,0,45,,169,12,,,0,85,,170,12,,,0,85,,171,12,,,0,85,,153,12,,,0
1029,'985',607,,3494,12,,,0,30,,3495,12,,,0,70,,3496,12,,,0,30,,3497,12,,,0,70,,3498,12,,,0,30,,3499,12,,,0,70,,3500,12,,,0,30,,3501,12,,,0,70,,3502,12,,,0,30,,3503,12,,,0,70,,3504,12,,,0,30,,3505,12,,,0,70,,3506,12,,,0,30,,3507,12,,,0,70,,3508,12,,,0,30,,3509,12,,,0,70,,3510,12,,,0,30,,3511,12,,,0,70,,3512,12,,,0,30,,3513,12,,,0,70,,3514,12,,,0,30,,3515,12,,,0,70,,3516,12,,,0,30,,3517,12,,,0,70,,3518,12,,,0,30,,3519,12,,,0,70,,3527,12,,,0,20,,3520,12,,,0,85,,3521,12,,,0,45,,3523,12,,,0,85,,3524,12,,,0,85,,3525,12,,,0,85,,3522,12,,,0,45,,3526,12,,,0
1029,'986',627,,3528,12,,,0,80,,3529,12,,,0,40,,3530,12,,,0,80,,3531,12,,,0,80,,3532,12,,,0,40,,3533,12,,,0,60,,3535,12,,,0,30,,3534,12,,,0,70,,3537,12,,,0,30,,3536,12,,,0,70,,3539,12,,,0,30,,3538,12,,,0,70,,3541,12,,,0,30,,3540,12,,,0,70,,3543,12,,,0,30,,3542,12,,,0,70,,3545,12,,,0,30,,3544,12,,,0,70,,3547,12,,,0,30,,3546,12,,,0,70,,3549,12,,,0,30,,3548,12,,,0,70,,3558,12,,,0,30,,3550,12,,,0,70,,3559,12,,,0,22,,3551,12,,,0,83,,3553,12,,,0,45,,3552,12,,,0,85,,3554,12,,,0,86,,3556,12,,,0,85,,3555,12,,,0,45,,3557,12,,,0
1029,'987',817,,3560,12,,,0,40,,3561,12,,,0,80,,3578,12,,,0,80,,3562,12,,,0,83,,3563,12,,,0,45,,3564,12,,,0,85,,3565,12,,,0,85,,3566,12,,,0,85,,3567,12,,,0,45,,3568,12,,,0,85,,3569,12,,,0,85,,3570,12,,,0,85,,3571,12,,,0,45,,3572,12,,,0,85,,3580,12,,,0,84,,3577,12,,,0,45,,3573,12,,,0,85,,3574,12,,,0,85,,3576,12,,,0,85,,3575,12,,,0,45,,3579,12,,,0
12019,'979',635,,1623,26,,,0,65,,1624,26,,,0,31,,1625,26,,,0,70,,1626,26,,,0,30,,1627,26,,,0,70,,1628,26,,,0,30,,1629,26,,,0,70,,1630,26,,,0,30,,1607,26,,,0,70,,1608,26,,,0,30,,1609,26,,,0,70,,1610,26,,,0,30,,1611,26,,,0,70,,1612,26,,,0,30,,1613,26,,,0,70,,1614,26,,,0,30,,1615,26,,,0,70,,1616,26,,,0,30,,1617,26,,,0,70,,1618,26,,,0,30,,1619,26,,,0,70,,1620,26,,,0,30,,1621,26,,,0,70,,1622,26,,,0,30,,1606,26,,,0,70,,1631,26,,,0
12019,'982',718,,1633,26,,,0,120,,1635,26,,,0,120,,1637,26,,,0,143,,1639,26,,,0,100,,1641,26,,,0,100,,1643,26,,,0,100,,1645,26,,,0,100,,1647,26,,,0,100,,1649,26,,,0,100,,1651,26,,,0,100,,1653,26,,,0,100,,1655,26,,,0
12019,'985',635,,4633,26,,,0,65,,4634,26,,,0,31,,4635,26,,,0,70,,4636,26,,,0,30,,4637,26,,,0,70,,4638,26,,,0,30,,4639,26,,,0,70,,4640,26,,,0,30,,4617,26,,,0,70,,4618,26,,,0,30,,4619,26,,,0,70,,4620,26,,,0,30,,4621,26,,,0,70,,4622,26,,,0,30,,4623,26,,,0,70,,4624,26,,,0,30,,4625,26,,,0,70,,4626,26,,,0,30,,4627,26,,,0,70,,4628,26,,,0,30,,4629,26,,,0,70,,4630,26,,,0,30,,4631,26,,,0,70,,4632,26,,,0,30,,4616,26,,,0,70,,4641,26,,,0
12019,'986',637,,4642,26,,,0,121,,4643,26,,,0,160,,4644,26,,,0,113,,4645,26,,,0,100,,4646,26,,,0,100,,4647,26,,,0,100,,4648,26,,,0,100,,4649,26,,,0,100,,4650,26,,,0,100,,4651,26,,,0,100,,4652,26,,,0,100,,4653,26,,,0
