8019,'1022',643,,13242,5,,,0,57,,13243,5,,,0,34,,13244,5,,,0,25,,13245,5,,,0,70,,13246,5,,,0,30,,13247,5,,,0,70,,13248,5,,,0,30,,13206,5,,,0,70,,13207,5,,,0,30,,13208,5,,,0,70,,13209,5,,,0,30,,13210,5,,,0,71,,13211,5,,,0,74,,13212,5,,,0,30,,13213,5,,,0,70,,13214,5,,,0,30,,13215,5,,,0,70,,13216,5,,,0,30,,13217,5,,,0,70,,13218,5,,,0,30,,13219,5,,,0,70,,13220,5,,,0,30,,13221,5,,,0,69,,13249,5,,,0,30,,13230,5,,,0,67,,13231,5,,,0
8019,'1024',1015,,13335,5,,,0,40,,13319,5,,,0,83,,13336,5,,,0,85,,13320,5,,,0,85,,13337,5,,,0,46,,13321,5,,,0,85,,13338,5,,,0,85,,13311,5,,,0,85,,13322,5,,,0,45,,13323,5,,,0,85,,13324,5,,,0
8019,'1025',643,,14665,5,,,0,57,,14666,5,,,0,34,,14667,5,,,0,25,,14668,5,,,0,70,,14669,5,,,0,30,,14670,5,,,0,70,,14671,5,,,0,30,,14629,5,,,0,70,,14630,5,,,0,30,,14631,5,,,0,70,,14632,5,,,0,30,,14633,5,,,0,71,,14634,5,,,0,74,,14635,5,,,0,30,,14636,5,,,0,70,,14637,5,,,0,30,,14638,5,,,0,70,,14639,5,,,0,30,,14640,5,,,0,70,,14641,5,,,0,30,,14642,5,,,0,70,,14643,5,,,0,30,,14644,5,,,0,69,,14672,5,,,0,30,,14653,5,,,0,67,,14654,5,,,0
8019,'1026',942,,14712,5,,,0,65,,14713,5,,,0,17,,14714,5,,,0,76,,14715,5,,,0,30,,14716,5,,,0,70,,14717,5,,,0,30,,14718,5,,,0,70,,14719,5,,,0,33,,14720,5,,,0,70,,14721,5,,,0,30,,14722,5,,,0,70,,14723,5,,,0,30,,14724,5,,,0,70,,14725,5,,,0,30,,14726,5,,,0,70,,14727,5,,,0,30,,14728,5,,,0,70,,14729,5,,,0,30,,14732,5,,,0,67,,14731,5,,,0
8019,'1027',1015,,14758,5,,,0,40,,14742,5,,,0,83,,14759,5,,,0,85,,14743,5,,,0,85,,14760,5,,,0,46,,14744,5,,,0,85,,14761,5,,,0,85,,14734,5,,,0,85,,14745,5,,,0,45,,14746,5,,,0,85,,14747,5,,,0
8019,'996',1015,,14798,5,,,0,40,,14782,5,,,0,83,,14799,5,,,0,85,,14783,5,,,0,85,,14800,5,,,0,46,,14784,5,,,0,85,,14801,5,,,0,85,,14774,5,,,0,85,,14785,5,,,0,45,,14786,5,,,0,85,,14787,5,,,0
15029,'1011',708,,13793,5,,,0,100,,13794,5,,,0,130,,13795,5,,,0,100,,13796,5,,,0,170,,13797,5,,,0,100,,13798,5,,,0,130,,13799,5,,,0,100,,13800,5,,,0,170,,13801,5,,,0,100,,13802,5,,,0,140,,13803,5,,,0,85,,13804,5,,,0,80,,13805,5,,,0,45,,13807,5,,,0,85,,13808,5,,,0,85,,13806,5,,,0
15029,'1017',831,,13835,5,,,0,80,,13836,5,,,0,40,,13837,5,,,0,83,,13838,5,,,0,83,,13839,5,,,0,85,,13840,5,,,0,45,,13841,5,,,0,85,,13842,5,,,0,85,,13843,5,,,0,85,,13844,5,,,0,45,,13845,5,,,0,85,,13846,5,,,0,85,,13847,5,,,0,85,,13848,5,,,0,41,,13849,5,,,0,85,,13850,5,,,0,85,,13851,5,,,0,45,,13852,5,,,0,85,,13853,5,,,0,85,,13854,5,,,0
15029,'994',641,,11678,5,,,0,97,,11680,5,,,0,100,,11682,5,,,0,70,,11683,5,,,0,100,,11685,5,,,0,100,,11687,5,,,0,30,,11688,5,,,0,100,,11690,5,,,0,100,,11692,5,,,0,70,,11693,5,,,0,100,,11695,5,,,0,100,,11697,5,,,0,30,,11698,5,,,0,100,,11700,5,,,0,100,,11702,5,,,0,70,,11703,5,,,0
15029,'995',641,,13809,5,,,0,80,,13811,5,,,0,80,,13812,5,,,0,40,,13810,5,,,0,84,,13813,5,,,0,80,,13814,5,,,0,35,,13816,5,,,0,70,,13817,5,,,0,30,,11739,5,,,0,70,,13818,5,,,0,30,,13819,5,,,0,70,,13820,5,,,0,30,,13821,5,,,0,70,,11744,5,,,0,30,,13822,5,,,0,70,,13823,5,,,0,30,,13824,5,,,0,70,,13825,5,,,0,30,,11749,5,,,0,70,,13826,5,,,0,30,,13827,5,,,0,70,,13828,5,,,0,30,,13829,5,,,0,70,,11754,5,,,0,37,,13830,5,,,0,85,,13831,5,,,0,81,,13832,5,,,0,45,,13833,5,,,0,85,,13834,5,,,0,85,,13815,5,,,0
15029,'996',831,,13855,5,,,0,80,,13856,5,,,0,40,,13857,5,,,0,83,,13858,5,,,0,83,,13859,5,,,0,85,,13860,5,,,0,45,,13861,5,,,0,85,,13862,5,,,0,85,,13863,5,,,0,85,,13864,5,,,0,45,,13865,5,,,0,85,,13866,5,,,0,85,,13867,5,,,0,85,,13868,5,,,0,41,,13869,5,,,0,85,,13870,5,,,0,85,,13871,5,,,0,45,,13872,5,,,0,85,,13873,5,,,0,85,,13874,5,,,0
130003029,'1021',617,,12700,13,,,0,41,,12702,14,0,10 11,0,70,,12704,14,0,10 11,0,15,,12705,14,,,0,70,,12707,14,,,0,15,,12708,14,0,10 11,0,15,,12709,14,,,0,85,,12712,14,0,10 11,0,30,,12714,14,0,10 11,0,55,,12659,14,,,0,30,,12661,14,,,0,15,,12662,14,0,10 11,0,55,,12663,14,,,0,45,,12666,14,0,10 11,0,70,,12668,14,0,10 11,0,15,,12669,14,,,0,70,,12671,14,,,0,15,,12672,14,0,10 11,0,15,,12673,14,,,0,85,,12676,14,0,10 11,0,30,,12678,14,0,10 11,0,55,,12679,14,,,0,30,,12681,14,,,0,15,,12682,14,0,10 11,0,55,,12683,14,,,0,45,,12686,14,0,10 11,0,70,,12688,14,0,10 11,0,15,,12689,14,,,0,72,,12696,14,,,0,15,,12698,14,0,10 11,0,15,,12690,14,,,0,85,,12715,13,,,0,85,,12716,13,,,0,85,,12717,13,,,0,45,,12719,13,,,0,85,,12695,13,,,0,84,,12718,13,0,9,0,43,,12720,13,0,9,0,79,,12722,13,0,9,0
130003029,'1022',632,,12701,13,0,10 11,0,81,,14079,14,,,0,45,,14080,14,0,10 11,0,100,,12710,14,0,10 11,0,55,,12711,14,,,0,30,,14081,14,,,0,85,,14072,14,0,10 11,0,100,,12664,14,0,10 11,0,15,,12665,14,,,0,70,,14073,14,,,0,45,,14074,14,0,10 11,0,100,,12674,14,0,10 11,0,55,,12675,14,,,0,30,,14075,14,,,0,85,,14076,14,0,10 11,0,100,,12684,14,0,10 11,0,15,,12685,14,,,0,70,,14077,14,,,0,87,,14078,14,0,10 11,0,53,,12699,13,0,9,0,55,,12694,13,0,9,0,45,,12693,13,0,9,0,85,,12692,13,0,9,0,85,,12691,13,0,9,0,85,,12721,13,0,9,0
130003029,'1024',817,,12723,13,,,0,20,,12748,13,0,9,0,20,,12724,13,,,0,60,,12754,13,0,9,0,20,,12725,13,,,0,20,,12751,13,0,9,0,60,,12726,13,,,0,22,,12752,13,0,9,0,61,,12727,13,,,0,22,,12750,13,0,9,0,23,,12728,13,,,0,62,,12753,13,0,9,0,23,,12729,13,,,0,22,,12749,13,0,9,0,63,,12730,13,,,0,22,,12731,13,0,9,0,63,,12732,13,,,0,22,,12733,13,0,9,0,23,,12734,13,,,0,62,,12735,13,0,9,0,23,,12736,13,,,0,22,,12737,13,0,9,0,63,,12738,13,,,0,22,,12739,13,0,9,0,63,,12740,13,,,0,22,,12741,13,0,9,0,24,,12742,13,,,0,62,,12756,13,0,9,0,23,,12755,13,,,0,85,,12743,13,,,0,85,,12744,13,,,0,45,,12745,13,,,0,85,,12746,13,,,0,85,,12747,13,,,0,84,,12757,13,0,9,0
130003029,'1025',617,,15844,13,,,0,15,,15845,13,0,10 11,0,26,,15846,14,0,10 11,0,55,,15847,14,,,0,15,,15848,14,0,10 11,0,15,,15849,14,,,0,15,,15850,14,0,10 11,0,55,,15851,14,,,0,15,,15852,14,0,10 11,0,15,,15853,14,,,0,15,,15854,14,0,10 11,0,55,,15855,14,,,0,15,,15856,14,0,10 11,0,15,,15857,14,,,0,15,,15858,14,0,10 11,0,55,,15803,14,,,0,15,,15804,14,0,10 11,0,15,,15805,14,,,0,15,,15806,14,0,10 11,0,55,,15807,14,,,0,15,,15808,14,0,10 11,0,15,,15809,14,,,0,15,,15810,14,0,10 11,0,55,,15811,14,,,0,15,,15812,14,0,10 11,0,15,,15813,14,,,0,15,,15814,14,0,10 11,0,55,,15815,14,,,0,15,,15816,14,0,10 11,0,15,,15817,14,,,0,15,,15818,14,0,10 11,0,55,,15819,14,,,0,15,,15820,14,0,10 11,0,15,,15821,14,,,0,15,,15822,14,0,10 11,0,55,,15823,14,,,0,15,,15824,14,0,10 11,0,15,,15825,14,,,0,15,,15826,14,0,10 11,0,55,,15827,14,,,0,15,,15828,14,0,10 11,0,15,,15829,14,,,0,15,,15830,14,0,10 11,0,55,,15831,14,,,0,15,,15832,14,0,10 11,0,15,,15833,14,,,0,57,,15841,14,0,10 11,0,15,,15840,14,,,0,15,,15842,14,0,10 11,0,15,,15834,14,,,0,8,,15843,13,0,9,0,55,,15838,13,0,9,0,22,,15859,13,,,0,23,,15837,13,0,9,0,62,,15860,13,,,0,23,,15836,13,0,9,0,62,,15861,13,,,0,23,,15835,13,0,9,0,22,,15863,13,,,0,63,,15865,13,0,9,0,22,,15839,13,,,0,84,,15862,13,0,9,0,43,,15864,13,0,9,0,79,,15866,13,0,9,0
130003029,'1026',607,,15867,13,0,9,0,20,,15868,13,,,0,20,,15869,13,0,9,0,60,,15870,13,,,0,20,,15871,13,0,9,0,20,,15872,13,,,0,60,,15873,13,0,9,0,20,,15874,13,,,0,20,,15875,13,0,9,0,60,,15876,13,,,0,20,,15877,13,0,9,0,20,,15878,13,,,0,68,,15879,14,,,0,15,,15880,14,0,10 11,0,15,,15881,14,,,0,55,,15882,14,0,10 11,0,15,,15883,14,,,0,15,,15884,14,0,10 11,0,15,,15885,14,,,0,55,,15886,14,0,10 11,0,15,,15887,14,,,0,15,,15888,14,0,10 11,0,15,,15889,14,,,0,55,,15890,14,0,10 11,0,15,,15891,14,,,0,15,,15892,14,0,10 11,0,15,,15893,14,,,0,55,,15894,14,0,10 11,0,15,,15895,14,,,0,15,,15896,14,0,10 11,0,15,,15897,14,,,0,55,,15898,14,0,10 11,0,15,,15899,14,,,0,15,,15900,14,0,10 11,0,15,,15901,14,,,0,55,,15902,14,0,10 11,0,15,,15903,14,,,0,15,,15904,14,0,10 11,0,15,,15905,14,,,0,55,,15906,14,0,10 11,0,15,,15907,14,,,0,15,,15908,14,0,10 11,0,15,,15925,14,,,0,55,,15926,14,0,10 11,0,15,,15920,14,,,0,15,,15921,14,0,10 11,0,15,,15923,14,,,0,8,,15924,13,0,9,0,55,,15922,13,0,9,0,22,,15927,13,,,0,23,,15914,13,0,9,0,62,,15909,13,,,0,23,,15915,13,0,9,0,62,,15910,13,,,0,23,,15916,13,0,9,0,22,,15911,13,,,0,63,,15917,13,0,9,0,22,,15912,13,,,0,84,,15913,13,0,9,0,43,,15918,13,0,9,0,79,,15919,13,0,9,0
130003029,'1027',817,,15928,13,,,0,20,,15953,13,0,9,0,20,,15929,13,,,0,60,,15959,13,0,9,0,20,,15930,13,,,0,20,,15956,13,0,9,0,60,,15931,13,,,0,22,,15957,13,0,9,0,61,,15932,13,,,0,22,,15955,13,0,9,0,23,,15933,13,,,0,62,,15958,13,0,9,0,23,,15934,13,,,0,22,,15954,13,0,9,0,63,,15935,13,,,0,22,,15936,13,0,9,0,63,,15937,13,,,0,22,,15938,13,0,9,0,23,,15939,13,,,0,62,,15940,13,0,9,0,23,,15941,13,,,0,22,,15942,13,0,9,0,63,,15943,13,,,0,22,,15944,13,0,9,0,63,,15945,13,,,0,22,,15946,13,0,9,0,24,,15947,13,,,0,62,,15961,13,0,9,0,23,,15960,13,,,0,85,,15948,13,,,0,85,,15949,13,,,0,45,,15950,13,,,0,85,,15951,13,,,0,85,,15952,13,,,0,84,,15962,13,0,9,0
130003029,'996',817,,15963,13,,,0,20,,15988,13,0,9,0,20,,15964,13,,,0,60,,15994,13,0,9,0,20,,15965,13,,,0,20,,15991,13,0,9,0,60,,15966,13,,,0,22,,15992,13,0,9,0,61,,15967,13,,,0,22,,15990,13,0,9,0,23,,15968,13,,,0,62,,15993,13,0,9,0,23,,15969,13,,,0,22,,15989,13,0,9,0,63,,15970,13,,,0,22,,15971,13,0,9,0,63,,15972,13,,,0,22,,15973,13,0,9,0,23,,15974,13,,,0,62,,15975,13,0,9,0,23,,15976,13,,,0,22,,15977,13,0,9,0,63,,15978,13,,,0,22,,15979,13,0,9,0,63,,15980,13,,,0,22,,15981,13,0,9,0,24,,15982,13,,,0,62,,15996,13,0,9,0,23,,15995,13,,,0,85,,15983,13,,,0,85,,15984,13,,,0,45,,15985,13,,,0,85,,15986,13,,,0,85,,15987,13,,,0,84,,15997,13,0,9,0
