30003029,'1021',617,,12295,14,,,0,20,,12296,14,,,0,172,,12299,14,,,0,30,,12300,14,,,0,70,,12301,14,,,0,130,,12273,14,,,0,70,,12274,14,,,0,30,,12275,14,,,0,170,,12278,14,,,0,30,,12279,14,,,0,70,,12280,14,,,0,130,,12283,14,,,0,70,,12284,14,,,0,30,,12285,14,,,0,170,,12288,14,,,0,30,,12289,14,,,0,70,,12290,14,,,0,45,,12292,14,,,0,85,,12293,14,,,0,85,,12294,14,,,0,85,,12291,14,,,0,45,,12303,14,,,0
30003029,'1022',707,,12297,14,,,0,32,,14029,14,,,0,200,,12302,14,,,0,70,,14025,14,,,0,200,,12276,14,,,0,30,,14026,14,,,0,200,,12281,14,,,0,70,,14027,14,,,0,200,,12286,14,,,0,30,,14028,14,,,0
30003029,'1024',840,,12304,14,,,0,80,,12305,14,,,0,80,,12306,14,,,0,40,,12307,14,,,0,86,,12308,14,,,0,86,,12309,14,,,0,45,,12310,14,,,0,85,,12311,14,,,0,85,,12312,14,,,0,85,,12313,14,,,0,45,,12314,14,,,0,85,,12315,14,,,0,85,,12316,14,,,0,85,,12317,14,,,0,45,,12318,14,,,0,85,,12319,14,,,0,85,,12320,14,,,0,85,,12321,14,,,0,45,,12322,14,,,0,82,,12323,14,,,0
30003029,'1025',617,,15439,14,,,0,20,,15440,14,,,0,70,,15441,14,,,0,32,,15442,14,,,0,70,,15443,14,,,0,30,,15444,14,,,0,70,,15445,14,,,0,30,,15446,14,,,0,70,,15416,14,,,0,30,,15417,14,,,0,70,,15418,14,,,0,30,,15419,14,,,0,70,,15420,14,,,0,30,,15421,14,,,0,70,,15422,14,,,0,30,,15423,14,,,0,70,,15424,14,,,0,30,,15425,14,,,0,70,,15426,14,,,0,30,,15427,14,,,0,70,,15428,14,,,0,30,,15429,14,,,0,70,,15430,14,,,0,30,,15431,14,,,0,70,,15432,14,,,0,30,,15433,14,,,0,70,,15434,14,,,0,45,,15436,14,,,0,85,,15437,14,,,0,85,,15438,14,,,0,85,,15435,14,,,0,45,,15447,14,,,0
30003029,'1026',613,,15448,14,,,0,35,,15449,14,,,0,80,,15450,14,,,0,80,,15451,14,,,0,40,,15452,14,,,0,80,,15453,14,,,0,81,,15454,14,,,0,30,,15455,14,,,0,70,,15456,14,,,0,30,,15457,14,,,0,70,,15458,14,,,0,30,,15459,14,,,0,70,,15460,14,,,0,30,,15461,14,,,0,70,,15462,14,,,0,30,,15463,14,,,0,70,,15464,14,,,0,30,,15465,14,,,0,70,,15466,14,,,0,30,,15467,14,,,0,70,,15468,14,,,0,30,,15469,14,,,0,69,,15470,14,,,0,30,,15477,14,,,0,70,,15471,14,,,0,45,,15472,14,,,0,85,,15473,14,,,0,85,,15474,14,,,0,85,,15475,14,,,0,45,,15476,14,,,0
30003029,'1027',840,,15478,14,,,0,80,,15479,14,,,0,80,,15480,14,,,0,40,,15481,14,,,0,86,,15482,14,,,0,86,,15483,14,,,0,45,,15484,14,,,0,85,,15485,14,,,0,85,,15486,14,,,0,85,,15487,14,,,0,45,,15488,14,,,0,85,,15489,14,,,0,85,,15490,14,,,0,85,,15491,14,,,0,45,,15492,14,,,0,85,,15493,14,,,0,85,,15494,14,,,0,85,,15495,14,,,0,45,,15496,14,,,0,82,,15497,14,,,0
30003029,'996',840,,15498,14,,,0,80,,15499,14,,,0,80,,15500,14,,,0,40,,15501,14,,,0,86,,15502,14,,,0,86,,15503,14,,,0,45,,15504,14,,,0,85,,15505,14,,,0,85,,15506,14,,,0,85,,15507,14,,,0,45,,15508,14,,,0,85,,15509,14,,,0,85,,15510,14,,,0,85,,15511,14,,,0,45,,15512,14,,,0,85,,15513,14,,,0,85,,15514,14,,,0,85,,15515,14,,,0,45,,15516,14,,,0,82,,15517,14,,,0
100003029,'1021',627,,12436,14,,,0,95,,12438,14,,,0,32,,12439,14,,,0,100,,12441,14,,,0,100,,12435,14,,,0,70,,12419,14,,,0,100,,12421,14,,,0,100,,12423,14,,,0,30,,12424,14,,,0,100,,12426,14,,,0,100,,12428,14,,,0,70,,12429,14,,,0,100,,12431,14,,,0,100,,12433,14,,,0,30,,12434,14,,,0,100,,12443,14,,,0
100003029,'1022',652,,12437,14,,,0,172,,14047,14,,,0,100,,12442,14,,,0,130,,14044,14,,,0,100,,12422,14,,,0,170,,14045,14,,,0,100,,12427,14,,,0,130,,14046,14,,,0,100,,12432,14,,,0,170,,14048,14,,,0
100003029,'1025',627,,15580,14,,,0,25,,15581,14,,,0,70,,15582,14,,,0,32,,15583,14,,,0,70,,15584,14,,,0,30,,15585,14,,,0,70,,15586,14,,,0,30,,15579,14,,,0,70,,15563,14,,,0,30,,15564,14,,,0,70,,15565,14,,,0,30,,15566,14,,,0,70,,15567,14,,,0,30,,15568,14,,,0,70,,15569,14,,,0,30,,15570,14,,,0,70,,15571,14,,,0,30,,15572,14,,,0,70,,15573,14,,,0,30,,15574,14,,,0,70,,15575,14,,,0,30,,15576,14,,,0,70,,15577,14,,,0,30,,15578,14,,,0,70,,15588,14,,,0,30,,15587,14,,,0
100003029,'1026',954,,15605,14,,,0,70,,15589,14,,,0,30,,15590,14,,,0,70,,15591,14,,,0,30,,15592,14,,,0,70,,15593,14,,,0,30,,15594,14,,,0,70,,15595,14,,,0,30,,15596,14,,,0,70,,15597,14,,,0,30,,15598,14,,,0,70,,15599,14,,,0,30,,15600,14,,,0,70,,15601,14,,,0,30,,15602,14,,,0,70,,15603,14,,,0,30,,15604,14,,,0,70,,15606,14,,,0,30,,15607,14,,,0
