2019,'976',858,,478,12,,,0,80,,488,12,,,0,80,,479,12,,,0,82,,470,12,,,0,40,,480,12,,,0,90,,471,12,,,0,85,,481,12,,,0,85,,472,12,,,0,45,,482,12,,,0,85,,473,12,,,0,85,,483,12,,,0,85,,477,12,,,0,45,,474,12,,,0,85,,487,12,,,0,85,,484,12,,,0,85,,485,12,,,0,45,,486,12,,,0,85,,475,12,,,0,85,,476,12,,,0,85,,489,12,,,0
2019,'979',1951,,385,12,,,0,170,,387,12,,,0,130,,381,12,,,0
2019,'980',659,,359,12,,,0,72,,360,12,,,0,70,,361,12,,,0,30,,362,12,,,0,69,,363,12,,,0,31,,364,12,,,0,70,,365,12,,,0,30,,328,12,,,0,70,,329,12,,,0,30,,330,12,,,0,70,,331,12,,,0,30,,332,12,,,0,70,,333,12,,,0,30,,334,12,,,0,70,,335,12,,,0,30,,336,12,,,0,70,,337,12,,,0,30,,338,12,,,0,70,,339,12,,,0,30,,340,12,,,0,70,,341,12,,,0,30,,342,12,,,0,70,,343,12,,,0,30,,325,12,,,0,70,,326,12,,,0,30,,324,12,,,0,84,,327,12,,,0,21,,386,12,,,0,65,,314,12,,,0,44,,315,12,,,0,61,,379,12,,,0,25,,316,12,,,0,83,,374,12,,,0,86,,376,12,,,0,16,,378,12,,,0
2019,'984',858,,301,12,,,0,80,,311,12,,,0,80,,302,12,,,0,82,,293,12,,,0,40,,303,12,,,0,90,,294,12,,,0,85,,304,12,,,0,85,,295,12,,,0,45,,305,12,,,0,85,,296,12,,,0,85,,306,12,,,0,85,,300,12,,,0,45,,297,12,,,0,85,,310,12,,,0,85,,307,12,,,0,85,,308,12,,,0,45,,309,12,,,0,85,,298,12,,,0,85,,299,12,,,0,85,,312,12,,,0
2019,'985',1951,,3584,12,,,0,170,,3585,12,,,0,130,,3582,12,,,0
2019,'986',624,,3586,12,,,0,80,,3587,12,,,0,40,,3588,12,,,0,80,,3589,12,,,0,80,,3590,12,,,0,41,,3591,12,,,0,85,,3592,12,,,0,70,,3593,12,,,0,30,,3594,12,,,0,70,,3595,12,,,0,30,,3596,12,,,0,70,,3597,12,,,0,30,,3598,12,,,0,70,,3599,12,,,0,30,,3600,12,,,0,70,,3601,12,,,0,30,,3602,12,,,0,70,,3603,12,,,0,30,,3604,12,,,0,70,,3605,12,,,0,30,,3606,12,,,0,70,,3607,12,,,0,30,,3608,12,,,0,70,,3609,12,,,0,30,,3610,12,,,0,84,,3611,12,,,0,44,,3612,12,,,0,85,,3613,12,,,0,85,,3614,12,,,0,85,,3645,12,,,0,45,,3644,12,,,0,55,,3648,12,,,0
15019,'976',812,,4974,3,,,0,40,,4975,3,,,0,80,,4976,3,,,0,79,,4977,3,,,0,43,,4978,3,,,0,85,,4979,3,,,0,85,,4980,3,,,0,85,,4981,3,,,0,45,,4982,3,,,0,85,,4983,3,,,0,85,,4984,3,,,0,85,,4985,3,,,0,45,,4986,3,,,0,85,,4987,3,,,0,85,,4988,3,,,0,85,,4989,3,,,0,45,,4990,3,,,0,85,,4991,3,,,0,85,,4992,3,,,0,85,,4993,3,,,0
15019,'979',644,,1996,3,,,0,70,,1997,3,,,0,30,,1998,3,,,0,70,,1999,3,,,0,30,,2000,3,,,0,70,,2001,3,,,0,30,,2002,3,,,0,70,,2003,3,,,0,30,,2004,3,,,0,70,,2005,3,,,0,30,,2006,3,,,0,70,,2007,3,,,0,30,,2008,3,,,0,70,,2009,3,,,0,30,,2010,3,,,0,70,,2011,3,,,0,30,,2012,3,,,0,70,,2013,3,,,0,30,,2014,3,,,0,70,,2015,3,,,0,30,,2016,3,,,0,70,,2017,3,,,0,30,,2018,3,,,0,70,,2019,3,,,0,30,,2020,3,,,0,80,,2021,3,,,0,85,,2022,3,,,0,45,,2023,3,,,0,85,,2025,3,,,0,85,,2026,3,,,0,85,,2024,3,,,0
15019,'983',812,,1976,3,,,0,40,,1977,3,,,0,80,,1978,3,,,0,79,,1979,3,,,0,43,,1980,3,,,0,85,,1981,3,,,0,85,,1982,3,,,0,85,,1983,3,,,0,45,,1984,3,,,0,85,,1985,3,,,0,85,,1986,3,,,0,85,,1987,3,,,0,45,,1988,3,,,0,85,,1989,3,,,0,85,,1990,3,,,0,85,,1991,3,,,0,45,,1992,3,,,0,85,,1993,3,,,0,85,,1994,3,,,0,85,,1995,3,,,0
15019,'985',644,,4994,3,,,0,70,,4995,3,,,0,30,,4996,3,,,0,70,,4997,3,,,0,30,,4998,3,,,0,70,,4999,3,,,0,30,,5000,3,,,0,70,,5001,3,,,0,30,,5002,3,,,0,70,,5003,3,,,0,30,,5004,3,,,0,70,,5005,3,,,0,30,,5006,3,,,0,70,,5007,3,,,0,30,,5008,3,,,0,70,,5009,3,,,0,30,,5010,3,,,0,70,,5011,3,,,0,30,,5012,3,,,0,70,,5013,3,,,0,30,,5014,3,,,0,70,,5015,3,,,0,30,,5016,3,,,0,70,,5017,3,,,0,30,,5018,3,,,0,80,,5019,3,,,0,85,,5020,3,,,0,45,,5021,3,,,0,85,,5023,3,,,0,85,,5024,3,,,0,85,,5022,3,,,0
15019,'986',621,,5025,3,,,0,80,,5027,3,,,0,40,,5028,3,,,0,80,,5026,3,,,0,80,,5029,3,,,0,40,,5030,3,,,0,75,,5032,3,,,0,30,,5033,3,,,0,70,,5034,3,,,0,30,,5035,3,,,0,70,,5036,3,,,0,30,,5037,3,,,0,70,,5038,3,,,0,30,,5039,3,,,0,70,,5040,3,,,0,30,,5041,3,,,0,70,,5042,3,,,0,30,,5043,3,,,0,70,,5044,3,,,0,30,,5045,3,,,0,70,,5046,3,,,0,30,,5047,3,,,0,70,,5048,3,,,0,30,,5049,3,,,0,77,,5050,3,,,0,85,,5051,3,,,0,45,,5052,3,,,0,85,,5053,3,,,0,85,,5054,3,,,0,85,,5031,3,,,0
15019,'987',812,,5055,3,,,0,40,,5056,3,,,0,80,,5057,3,,,0,79,,5058,3,,,0,43,,5059,3,,,0,85,,5060,3,,,0,85,,5061,3,,,0,85,,5062,3,,,0,45,,5063,3,,,0,85,,5064,3,,,0,85,,5065,3,,,0,85,,5066,3,,,0,45,,5067,3,,,0,85,,5068,3,,,0,85,,5069,3,,,0,85,,5070,3,,,0,45,,5071,3,,,0,85,,5072,3,,,0,85,,5073,3,,,0,85,,5074,3,,,0
