14019,'1010',732,,11394,4,0,10 11,0,270,,11399,4,0,10 11,0,232,,11373,4,0,10 11,0,270,,11378,4,0,10 11,0,230,,11383,4,0,10 11,0,220,,11388,4,,,0,85,,11389,4,,,0,85,,11387,4,,,0,85,,11390,4,,,0,45,,11386,4,,,0,85,,11401,4,,,0
14019,'1011',832,,11396,4,0,10 11,0,270,,11370,4,0,10 11,0,232,,11375,4,0,10 11,0,270,,11380,4,0,10 11,0,228,,11385,4,0,10 11,0
14019,'1012',832,,12868,4,0,10 11,0,270,,12864,4,0,10 11,0,232,,12865,4,0,10 11,0,270,,12866,4,0,10 11,0,228,,12867,4,0,9,0
14019,'1014',839,,11402,4,,,0,80,,11403,4,,,0,40,,11404,4,,,0,80,,11405,4,,,0,84,,11406,4,,,0,88,,11407,4,,,0,45,,11408,4,,,0,85,,11409,4,,,0,85,,11410,4,,,0,85,,11411,4,,,0,45,,11412,4,,,0,85,,11413,4,,,0,85,,11414,4,,,0,85,,11415,4,,,0,45,,11416,4,,,0,82,,11417,4,,,0,85,,11418,4,,,0,85,,11419,4,,,0,45,,11420,4,,,0,85,,11421,4,,,0
14019,'1015',732,,13587,4,0,10 11,0,270,,13588,4,0,10 11,0,232,,13579,4,0,10 11,0,270,,13580,4,0,10 11,0,230,,13581,4,0,10 11,0,220,,13584,4,,,0,85,,13585,4,,,0,85,,13583,4,,,0,85,,13586,4,,,0,45,,13582,4,,,0,85,,13589,4,,,0
14019,'1016',651,,13590,4,,,0,80,,13591,4,,,0,80,,13592,4,,,0,40,,13593,4,,,0,80,,13594,4,,,0,80,,13595,4,,,0,221,,13596,4,0,10 11,0,272,,13597,4,0,10 11,0,230,,13598,4,0,10 11,0,220,,13599,4,,,0,85,,13600,4,,,0,85,,13601,4,,,0,85,,13602,4,,,0,45,,13604,4,,,0,85,,13603,4,,,0
14019,'1017',839,,13605,4,,,0,80,,13606,4,,,0,40,,13607,4,,,0,80,,13608,4,,,0,84,,13609,4,,,0,88,,13610,4,,,0,45,,13611,4,,,0,85,,13612,4,,,0,85,,13613,4,,,0,85,,13614,4,,,0,45,,13615,4,,,0,85,,13616,4,,,0,85,,13617,4,,,0,85,,13618,4,,,0,45,,13619,4,,,0,82,,13620,4,,,0,85,,13621,4,,,0,85,,13622,4,,,0,45,,13623,4,,,0,85,,13624,4,,,0
14019,'1018',839,,13625,4,,,0,80,,13626,4,,,0,40,,13627,4,,,0,80,,13628,4,,,0,84,,13629,4,,,0,88,,13630,4,,,0,45,,13631,4,,,0,85,,13632,4,,,0,85,,13633,4,,,0,85,,13634,4,,,0,45,,13635,4,,,0,85,,13636,4,,,0,85,,13637,4,,,0,85,,13638,4,,,0,45,,13639,4,,,0,82,,13640,4,,,0,85,,13641,4,,,0,85,,13642,4,,,0,45,,13643,4,,,0,85,,13644,4,,,0
14019,'994',638,,11392,4,0,10 11,0,64,,11393,4,0,10 11,0,100,,11395,4,0,10 11,0,100,,11397,4,0,10 11,0,30,,11398,4,0,10 11,0,100,,11369,4,0,10 11,0,100,,11371,4,0,10 11,0,70,,11372,4,0,10 11,0,102,,11374,4,0,10 11,0,100,,11376,4,0,10 11,0,30,,11377,4,0,10 11,0,100,,11379,4,0,10 11,0,100,,11381,4,0,10 11,0,70,,11382,4,0,10 11,0,100,,11384,4,0,10 11,0,98,,11391,4,,,0,30,,11400,4,,,0
14019,'995',1031,,11428,4,0,10 11,0,71,,11429,4,0,10 11,0,30,,11430,4,0,10 11,0,70,,11431,4,0,10 11,0,100,,11433,4,0,10 11,0,30,,11434,4,0,10 11,0,70,,11435,4,0,10 11,0,32,,11436,4,0,10 11,0,100,,11438,4,0,10 11,0,70,,11439,4,0,10 11,0,30,,11440,4,0,10 11,0,70,,11441,4,0,10 11,0,100,,11443,4,0,10 11,0,28,,11444,4,0,9,0,70,,11445,4,,,0,30,,11452,4,,,0
