30003019,'1021',639,,12193,25,,,0,66,,12194,25,,,0,130,,12197,25,,,0,70,,12198,25,,,0,30,,12199,25,,,0,170,,12171,25,,,0,30,,12172,25,,,0,70,,12173,25,,,0,130,,12176,25,,,0,70,,12177,25,,,0,30,,12178,25,,,0,170,,12181,25,,,0,30,,12182,25,,,0,70,,12183,25,,,0,129,,12187,25,,,0,70,,12186,25,0,9,0,30,,12192,25,,,0,85,,12190,25,,,0,85,,12189,25,,,0,45,,12191,25,,,0,85,,12188,25,,,0,85,,12201,25,0,7 8,0
30003019,'1022',735,,12195,25,,,0,70,,14019,25,,,0,200,,12200,25,,,0,28,,14015,25,,,0,202,,12174,25,,,0,70,,14016,25,,,0,200,,12179,25,,,0,30,,14017,25,,,0,200,,12184,25,,,0,70,,14018,25,,,0
30003019,'1024',901,,12202,25,,,0,40,,12203,25,,,0,80,,12204,25,,,0,80,,12205,25,,,0,47,,12206,25,,,0,88,,12207,25,,,0,85,,12208,25,,,0,85,,12209,25,,,0,45,,12210,25,,,0,85,,12211,25,,,0,85,,12212,25,,,0,85,,12213,25,,,0,45,,12214,25,,,0,85,,12215,25,,,0,85,,12216,25,,,0,85,,12217,25,,,0,45,,12218,25,,,0,85,,12219,25,,,0,85,,12221,25,0,9,0,82,,12220,25,0,9,0
30003019,'1025',639,,15337,25,,,0,66,,15338,25,,,0,30,,15339,25,,,0,70,,15340,25,,,0,30,,15341,25,,,0,70,,15342,25,,,0,30,,15343,25,,,0,70,,15344,25,,,0,28,,15314,25,,,0,72,,15315,25,,,0,30,,15316,25,,,0,70,,15317,25,,,0,30,,15318,25,,,0,70,,15319,25,,,0,30,,15320,25,,,0,70,,15321,25,,,0,30,,15322,25,,,0,70,,15323,25,,,0,30,,15324,25,,,0,70,,15325,25,,,0,30,,15326,25,,,0,70,,15327,25,,,0,30,,15328,25,,,0,70,,15329,25,,,0,29,,15331,25,,,0,70,,15330,25,0,9,0,30,,15336,25,,,0,85,,15334,25,,,0,85,,15333,25,,,0,45,,15335,25,,,0,85,,15332,25,,,0,85,,15345,25,0,7 8,0
30003019,'1026',636,,15346,25,,,0,75,,15347,25,,,0,40,,15348,25,,,0,80,,15349,25,,,0,80,,15350,25,,,0,40,,15351,25,,,0,82,,15352,25,,,0,72,,15353,25,,,0,30,,15354,25,,,0,70,,15355,25,,,0,30,,15356,25,,,0,70,,15357,25,,,0,30,,15358,25,,,0,70,,15359,25,,,0,30,,15360,25,,,0,70,,15361,25,,,0,30,,15362,25,,,0,70,,15363,25,,,0,30,,15364,25,,,0,70,,15365,25,,,0,30,,15366,25,,,0,70,,15367,25,,,0,27,,15368,25,,,0,68,,15369,25,0,9,0,30,,15375,25,,,0,85,,15370,25,,,0,85,,15371,25,,,0,48,,15372,25,,,0,85,,15373,25,,,0,82,,15374,25,0,9,0
30003019,'1027',901,,15376,25,,,0,40,,15377,25,,,0,80,,15378,25,,,0,80,,15379,25,,,0,47,,15380,25,,,0,88,,15381,25,,,0,85,,15382,25,,,0,85,,15383,25,,,0,45,,15384,25,,,0,85,,15385,25,,,0,85,,15386,25,,,0,85,,15387,25,,,0,45,,15388,25,,,0,85,,15389,25,,,0,85,,15390,25,,,0,85,,15391,25,,,0,45,,15392,25,,,0,85,,15393,25,,,0,85,,15395,25,0,9,0,82,,15394,25,0,9,0
30003019,'996',901,,15396,25,,,0,40,,15397,25,,,0,80,,15398,25,,,0,80,,15399,25,,,0,47,,15400,25,,,0,88,,15401,25,,,0,85,,15402,25,,,0,85,,15403,25,,,0,45,,15404,25,,,0,85,,15405,25,,,0,85,,15406,25,,,0,85,,15407,25,,,0,45,,15408,25,,,0,85,,15409,25,,,0,85,,15410,25,,,0,85,,15411,25,,,0,45,,15412,25,,,0,85,,15413,25,,,0,85,,15415,25,0,9,0,82,,15414,25,0,9,0
100003019,'1021',649,,12391,17,,,0,101,,12393,19,,,0,70,,12394,19,,,0,100,,12396,19,,,0,100,,12374,19,,,0,30,,12375,19,,,0,100,,12377,19,,,0,100,,12379,19,,,0,70,,12380,19,,,0,100,,12382,19,,,0,100,,12384,19,,,0,30,,12385,19,,,0,100,,12387,19,,,0,100,,12389,19,,,0,70,,12390,19,,,0,100,,12399,19,0,9,0
100003019,'1022',720,,12392,19,,,0,130,,14038,19,,,0,100,,12397,19,,,0,170,,14035,19,,,0,100,,12378,19,,,0,130,,14036,19,,,0,100,,12383,19,,,0,170,,14037,19,,,0,100,,12388,19,,,0,130,,14039,19,,,0
100003019,'1025',649,,15535,17,,,0,71,,15536,19,,,0,30,,15537,19,,,0,70,,15538,19,,,0,30,,15539,19,,,0,70,,15540,19,,,0,30,,15541,19,,,0,70,,15518,19,,,0,30,,15519,19,,,0,70,,15520,19,,,0,30,,15521,19,,,0,70,,15522,19,,,0,30,,15523,19,,,0,70,,15524,19,,,0,30,,15525,19,,,0,70,,15526,19,,,0,30,,15527,19,,,0,70,,15528,19,,,0,30,,15529,19,,,0,70,,15530,19,,,0,30,,15531,19,,,0,70,,15532,19,,,0,30,,15533,19,,,0,70,,15534,19,,,0,30,,15542,19,,,0,70,,15543,19,0,9,0
100003019,'1026',1020,,15544,19,,,0,30,,15545,19,,,0,70,,15546,19,,,0,30,,15547,19,,,0,70,,15548,19,,,0,30,,15549,19,,,0,70,,15550,19,,,0,30,,15551,19,,,0,70,,15552,19,,,0,30,,15553,19,,,0,70,,15554,19,,,0,30,,15555,19,,,0,70,,15556,19,,,0,30,,15557,19,,,0,70,,15558,19,,,0,30,,15559,19,,,0,70,,15560,19,,,0,30,,15561,19,,,0,70,,15562,19,0,9,0
