30003019,'1004',859,,12202,19,,,0,80,,12203,19,,,0,80,,12204,19,,,0,40,,12205,19,,,0,86,,12206,19,,,0,88,,12207,19,,,0,85,,12208,19,,,0,85,,12209,19,,,0,45,,12210,19,,,0,85,,12211,19,,,0,85,,12212,19,,,0,85,,12213,19,,,0,45,,12214,19,,,0,85,,12215,19,,,0,85,,12216,19,,,0,85,,12217,19,,,0,45,,12218,19,,,0,85,,12219,19,,,0,85,,12221,19,0,9,0,82,,12220,19,0,9,0
30003019,'1010',802,,12196,19,,,0,229,,12170,19,,,0,271,,12175,19,,,0,230,,12180,19,,,0,270,,12185,19,,,0
30003019,'1011',733,,12195,19,,,0,269,,12200,19,,,0,230,,12174,19,,,0,270,,12179,19,,,0,230,,12184,19,,,0
30003019,'1012',733,,12877,19,,,0,269,,12878,19,,,0,230,,12874,19,,,0,270,,12875,19,,,0,230,,12876,19,,,0
30003019,'1015',802,,14019,19,,,0,229,,14015,19,,,0,271,,14016,19,,,0,230,,14017,19,,,0,270,,14018,19,,,0
30003019,'1016',1202,,14020,19,,,0,230,,14021,19,,,0,270,,14022,19,,,0,226,,14024,19,,,0,218,,14023,19,,,0
30003019,'994',637,,12193,19,,,0,66,,12194,19,,,0,129,,12197,19,,,0,70,,12198,19,,,0,30,,12199,19,,,0,170,,12171,19,,,0,30,,12172,19,,,0,70,,12173,19,,,0,130,,12176,19,,,0,70,,12177,19,,,0,30,,12178,19,,,0,170,,12181,19,,,0,30,,12182,19,,,0,70,,12183,19,,,0,129,,12187,19,,,0,70,,12186,19,0,9,0,30,,12192,19,,,0,85,,12190,19,,,0,85,,12189,19,,,0,45,,12191,19,,,0,85,,12188,19,,,0,85,,12201,19,0,7 8,0
30003019,'995',634,,12222,19,,,0,75,,12223,19,,,0,40,,12224,19,,,0,80,,12225,19,,,0,80,,12226,19,,,0,40,,12227,19,,,0,82,,12228,19,,,0,71,,12229,19,,,0,30,,12230,19,,,0,100,,12232,19,,,0,70,,12233,19,,,0,30,,12234,19,,,0,70,,12235,19,,,0,100,,12237,19,,,0,30,,12238,19,,,0,70,,12239,19,,,0,30,,12240,19,,,0,100,,12242,19,,,0,70,,12243,19,,,0,27,,12244,19,,,0,29,,12245,19,0,9,0,155,,12246,19,,,0,45,,12247,19,,,0,173,,12249,19,,,0,82,,12250,19,0,9,0
30003019,'996',859,,12252,19,,,0,80,,12253,19,,,0,80,,12254,19,,,0,40,,12255,19,,,0,86,,12256,19,,,0,88,,12257,19,,,0,85,,12258,19,,,0,85,,12259,19,,,0,45,,12260,19,,,0,85,,12261,19,,,0,85,,12262,19,,,0,85,,12263,19,,,0,45,,12264,19,,,0,85,,12265,19,,,0,85,,12266,19,,,0,85,,12267,19,,,0,45,,12268,19,,,0,85,,12269,19,,,0,85,,12271,19,0,9,0,82,,12270,19,0,9,0
100003019,'1010',843,,12395,11,,,0,270,,12376,11,,,0,230,,12381,11,,,0,270,,12386,11,,,0,230,,12398,11,,,0
100003019,'1011',713,,12392,11,,,0,230,,12397,11,,,0,270,,12378,11,,,0,230,,12383,11,,,0,270,,12388,11,,,0
100003019,'1012',713,,12887,11,,,0,230,,12888,11,,,0,270,,12884,11,,,0,230,,12885,11,,,0,270,,12886,11,,,0
100003019,'1015',843,,14038,11,,,0,270,,14035,11,,,0,230,,14036,11,,,0,270,,14037,11,,,0,230,,14039,11,,,0
100003019,'1016',1113,,14040,11,,,0,230,,14041,11,,,0,270,,14042,11,,,0,230,,14043,11,,,0
100003019,'994',646,,12391,11,,,0,97,,12393,11,,,0,70,,12394,11,,,0,100,,12396,11,,,0,100,,12374,11,,,0,30,,12375,11,,,0,100,,12377,11,,,0,100,,12379,11,,,0,70,,12380,11,,,0,100,,12382,11,,,0,100,,12384,11,,,0,30,,12385,11,,,0,100,,12387,11,,,0,100,,12389,11,,,0,70,,12390,11,,,0,100,,12399,11,0,9,0
100003019,'995',1013,,12400,11,,,0,30,,12401,11,,,0,100,,12403,11,,,0,70,,12404,11,,,0,30,,12405,11,,,0,70,,12406,11,,,0,100,,12408,11,,,0,30,,12409,11,,,0,70,,12410,11,,,0,30,,12411,11,,,0,100,,12413,11,,,0,70,,12414,11,,,0,30,,12415,11,,,0,70,,12416,11,,,0,100,,12418,11,0,9,0
