15019,'1003',658,,11577,17,,,0,70,,11578,17,,,0,30,,11579,17,,,0,70,,11580,17,,,0,30,,11581,17,,,0,70,,11582,17,,,0,30,,11583,17,,,0,70,,11584,17,,,0,30,,11585,17,,,0,70,,11586,17,,,0,30,,11587,17,,,0,70,,11588,17,,,0,30,,11589,17,,,0,70,,11590,17,,,0,30,,11591,17,,,0,70,,11592,17,,,0,30,,11593,17,,,0,70,,11594,17,,,0,30,,11595,17,,,0,70,,11596,17,,,0,30,,11597,17,,,0,70,,11598,17,,,0,30,,11599,17,,,0,70,,11600,17,,,0,30,,11601,17,,,0,80,,11602,17,,,0,85,,11603,17,,,0,82,,11604,17,,,0,45,,11606,17,,,0,85,,11607,17,,,0,85,,11605,17,,,0
15019,'1004',823,,11608,17,,,0,80,,11609,17,,,0,40,,11610,17,,,0,81,,11611,17,,,0,83,,11612,17,,,0,45,,11613,17,,,0,85,,11614,17,,,0,85,,11615,17,,,0,85,,11616,17,,,0,45,,11617,17,,,0,85,,11618,17,,,0,85,,11619,17,,,0,85,,11620,17,,,0,45,,11621,17,,,0,83,,11622,17,,,0,85,,11623,17,,,0,85,,11624,17,,,0,45,,11625,17,,,0,85,,11626,17,,,0,85,,11627,17,,,0
15019,'995',633,,11628,17,,,0,80,,11630,17,,,0,40,,11631,17,,,0,80,,11629,17,,,0,82,,11632,17,,,0,40,,11633,17,,,0,75,,11635,17,,,0,70,,11636,17,,,0,30,,11637,17,,,0,70,,11638,17,,,0,30,,11639,17,,,0,70,,11640,17,,,0,30,,11641,17,,,0,70,,11642,17,,,0,30,,11643,17,,,0,70,,11644,17,,,0,30,,11645,17,,,0,70,,11646,17,,,0,30,,11647,17,,,0,70,,11648,17,,,0,30,,11649,17,,,0,70,,11650,17,,,0,30,,11651,17,,,0,70,,11652,17,,,0,37,,11653,17,,,0,85,,11654,17,,,0,83,,11655,17,,,0,45,,11656,17,,,0,85,,11657,17,,,0,85,,11634,17,,,0
15019,'996',823,,11658,17,,,0,80,,11659,17,,,0,40,,11660,17,,,0,81,,11661,17,,,0,83,,11662,17,,,0,45,,11663,17,,,0,85,,11664,17,,,0,85,,11665,17,,,0,85,,11666,17,,,0,45,,11667,17,,,0,85,,11668,17,,,0,85,,11669,17,,,0,85,,11670,17,,,0,45,,11671,17,,,0,83,,11672,17,,,0,85,,11673,17,,,0,85,,11674,17,,,0,45,,11675,17,,,0,85,,11676,17,,,0,85,,11677,17,,,0
130003019,'1003',618,,12507,14,0,13,0,15,,12508,14,,,0,24,,12509,14,,,0,55,,12510,14,0,13,0,15,,12511,14,,,0,85,,12514,14,0,13,0,15,,12515,14,,,0,15,,12516,14,0,13,0,15,,12517,14,,,0,55,,12518,14,0,13,0,15,,12519,14,,,0,15,,12520,14,0,13,0,15,,12506,14,,,0,85,,12466,14,0,13,0,15,,12467,14,,,0,55,,12468,14,0,13,0,15,,12469,14,,,0,15,,12470,14,0,13,0,15,,12471,14,,,0,55,,12472,14,0,13,0,15,,12473,14,,,0,85,,12476,14,0,13,0,15,,12477,14,,,0,15,,12478,14,0,13,0,15,,12479,14,,,0,55,,12480,14,0,13,0,15,,12481,14,,,0,15,,12482,14,0,13,0,15,,12483,14,,,0,85,,12486,14,0,13,0,15,,12487,14,,,0,55,,12488,14,0,13,0,15,,12489,14,,,0,15,,12490,14,0,13,0,15,,12491,14,,,0,55,,12492,14,0,13,0,12,,12493,14,,,0,88,,12501,14,0,13,0,15,,12503,14,,,0,15,,12499,14,0,13,0,15,,12504,14,,,0,52,,12497,14,0,13,0,45,,12496,14,,,0,85,,12502,14,,,0,85,,12500,14,,,0,85,,12498,14,,,0,45,,12525,14,,,0,83,,12524,14,0,7 8,0,80,,12526,14,0,7 8,0
130003019,'1004',758,,12527,14,,,0,60,,12559,14,0,7 8,0,20,,12528,14,,,0,20,,12553,14,0,7 8,0,60,,12529,14,,,0,20,,12556,14,0,7 8,0,20,,12530,14,,,0,60,,12554,14,0,7 8,0,20,,12531,14,,,0,63,,12557,14,0,7 8,0,22,,12532,14,,,0,23,,12555,14,0,7 8,0,64,,12533,14,,,0,23,,12558,14,0,7 8,0,22,,12534,14,,,0,63,,12535,14,0,7 8,0,22,,12536,14,,,0,63,,12537,14,0,7 8,0,22,,12538,14,,,0,23,,12539,14,0,7 8,0,62,,12540,14,,,0,23,,12541,14,0,7 8,0,22,,12542,14,,,0,63,,12543,14,0,7 8,0,22,,12544,14,,,0,63,,12545,14,0,7 8,0,21,,12546,14,,,0,23,,12547,14,0,7 8,0,62,,12548,14,,,0,23,,12561,14,0,7 8,0,22,,12560,14,,,0,85,,12549,14,,,0,85,,12550,14,,,0,85,,12551,14,,,0,45,,12562,14,,,0,85,,12552,14,0,7 8,0
130003019,'1006',742,,12512,14,0,13,0,15,,12513,14,,,0,255,,12464,14,0,13,0,15,,12465,14,,,0,215,,12474,14,0,13,0,15,,12475,14,,,0,255,,12484,14,0,13,0,15,,12485,14,,,0,215,,12494,14,0,13,0,15,,12495,14,,,0,175,,12505,14,0,7 8,0,85,,12521,14,0,7 8,0,85,,12522,14,0,7 8,0,45,,12523,14,0,7 8,0
130003019,'1007',742,,12903,14,0,13,0,15,,12904,14,,,0,255,,12894,14,0,13,0,15,,12895,14,,,0,215,,12896,14,0,13,0,15,,12897,14,,,0,255,,12898,14,0,13,0,15,,12899,14,,,0,215,,12900,14,0,13,0,15,,12901,14,,,0,175,,12902,14,0,7 8,0,85,,12905,14,0,7 8,0,85,,12906,14,0,7 8,0,45,,12907,14,0,7 8,0
130003019,'995',608,,12563,14,,,0,20,,12564,14,0,7 8,0,20,,12565,14,,,0,60,,12566,14,0,7 8,0,20,,12567,14,,,0,20,,12568,14,0,7 8,0,60,,12569,14,,,0,20,,12570,14,0,7 8,0,20,,12571,14,,,0,60,,12572,14,0,7 8,0,20,,12573,14,,,0,20,,12574,14,0,13,0,64,,12575,14,0,13,0,15,,12576,14,,,0,15,,12577,14,0,13,0,15,,12578,14,,,0,55,,12579,14,0,13,0,15,,12580,14,,,0,15,,12581,14,0,13,0,15,,12582,14,,,0,55,,12583,14,0,13,0,15,,12584,14,,,0,15,,12585,14,0,13,0,15,,12586,14,,,0,55,,12587,14,0,13,0,15,,12588,14,,,0,15,,12589,14,0,13,0,15,,12590,14,,,0,55,,12591,14,0,13,0,15,,12592,14,,,0,15,,12593,14,0,13,0,15,,12594,14,,,0,55,,12595,14,0,13,0,15,,12596,14,,,0,15,,12597,14,0,13,0,15,,12598,14,,,0,55,,12599,14,0,13,0,15,,12600,14,,,0,15,,12601,14,0,13,0,15,,12602,14,,,0,55,,12603,14,0,13,0,15,,12604,14,,,0,15,,12605,14,0,13,0,15,,12606,14,,,0,55,,12607,14,0,13,0,15,,12622,14,,,0,15,,12614,14,0,13,0,12,,12608,14,,,0,55,,12615,14,0,13,0,22,,12609,14,0,7 8,0,23,,12616,14,,,0,63,,12610,14,0,7 8,0,22,,12619,14,,,0,63,,12611,14,0,7 8,0,22,,12618,14,,,0,23,,12612,14,0,7 8,0,62,,12617,14,,,0,45,,12613,14,,,0,83,,12621,14,0,7 8,0,80,,12620,14,0,7 8,0
130003019,'996',758,,12623,14,,,0,60,,12655,14,0,7 8,0,20,,12624,14,,,0,20,,12649,14,0,7 8,0,60,,12625,14,,,0,20,,12652,14,0,7 8,0,20,,12626,14,,,0,60,,12650,14,0,7 8,0,20,,12627,14,,,0,63,,12653,14,0,7 8,0,22,,12628,14,,,0,23,,12651,14,0,7 8,0,64,,12629,14,,,0,23,,12654,14,0,7 8,0,22,,12630,14,,,0,63,,12631,14,0,7 8,0,22,,12632,14,,,0,63,,12633,14,0,7 8,0,22,,12634,14,,,0,23,,12635,14,0,7 8,0,62,,12636,14,,,0,23,,12637,14,0,7 8,0,22,,12638,14,,,0,63,,12639,14,0,7 8,0,22,,12640,14,,,0,63,,12641,14,0,7 8,0,21,,12642,14,,,0,23,,12643,14,0,7 8,0,62,,12644,14,,,0,23,,12657,14,0,7 8,0,22,,12656,14,,,0,85,,12645,14,,,0,85,,12646,14,,,0,85,,12647,14,,,0,45,,12658,14,,,0,85,,12648,14,0,7 8,0
