2019,'976',844,,451,16,0,12,0,13,,478,11,,,0,67,,452,16,0,12,0,13,,488,11,,,0,67,,453,16,0,12,0,13,,479,11,,,0,27,,454,16,0,12,0,15,,470,11,,,0,70,,455,16,0,12,0,10,,480,11,,,0,75,,456,16,0,12,0,15,,471,11,,,0,30,,457,16,0,12,0,55,,481,11,,,0,30,,458,16,0,12,0,15,,472,11,,,0,70,,459,16,0,12,0,15,,482,11,,,0,70,,460,16,0,12,0,15,,473,11,,,0,30,,461,16,0,12,0,55,,483,11,,,0,30,,462,16,0,12,0,15,,477,11,,,0,70,,463,16,0,12,0,15,,474,11,,,0,70,,464,16,0,12,0,15,,487,11,,,0,30,,465,16,0,12,0,55,,484,11,,,0,30,,466,16,0,12,0,15,,485,11,,,0,70,,467,16,0,12,0,15,,486,11,,,0,70,,468,16,0,12,0,15,,475,11,,,0,30,,469,16,0,12,0,55,,476,11,,,0,30,,490,16,0,12,0,15,,489,11,,,0
2019,'979',1950,,385,11,,,0,74,,383,16,0,5,0,96,,387,11,,,0,34,,380,16,0,5,0,96,,381,11,,,0
2019,'980',633,,367,16,0,12,0,25,,359,11,,,0,72,,360,11,,,0,1,,369,16,0,12,0,69,,361,11,,,0,1,,370,16,0,12,0,29,,362,11,,,0,1,,371,16,0,12,0,28,,363,11,,,0,42,,372,16,0,12,0,29,,364,11,,,0,1,,373,16,0,12,0,69,,365,11,,,0,1,,366,16,0,12,0,29,,328,11,,,0,1,,344,16,0,12,0,69,,329,11,,,0,1,,345,16,0,12,0,29,,330,11,,,0,1,,346,16,0,12,0,69,,331,11,,,0,1,,347,16,0,12,0,29,,332,11,,,0,1,,348,16,0,12,0,69,,333,11,,,0,1,,349,16,0,12,0,29,,334,11,,,0,1,,350,16,0,12,0,69,,335,11,,,0,1,,351,16,0,12,0,29,,336,11,,,0,1,,352,16,0,12,0,69,,337,11,,,0,1,,353,16,0,12,0,29,,338,11,,,0,1,,354,16,0,12,0,69,,339,11,,,0,1,,355,16,0,12,0,29,,340,11,,,0,1,,356,16,0,12,0,69,,341,11,,,0,1,,357,16,0,12,0,29,,342,11,,,0,1,,358,16,0,12,0,69,,343,11,,,0,1,,317,16,0,12,0,29,,325,11,,,0,1,,318,16,0,12,0,69,,326,11,,,0,16,,319,16,0,12,0,14,,324,11,,,0,8,,382,16,0,5,0,62,,320,16,0,12,0,14,,327,11,,,0,21,,386,11,,,0,11,,321,16,0,12,0,54,,314,11,,,0,9,,384,16,0,5,0,22,,322,16,0,12,0,13,,315,11,,,0,61,,379,11,,,0,11,,323,16,0,12,0,14,,316,11,,,0,71,,375,16,0,12,0,12,,374,11,,,0,37,,377,16,0,5,0,9,,376,11,,,0,56,,378,11,,,0
2019,'984',844,,274,16,0,12,0,13,,301,11,,,0,67,,275,16,0,12,0,13,,311,11,,,0,67,,276,16,0,12,0,13,,302,11,,,0,27,,277,16,0,12,0,15,,293,11,,,0,70,,278,16,0,12,0,10,,303,11,,,0,75,,279,16,0,12,0,15,,294,11,,,0,30,,280,16,0,12,0,55,,304,11,,,0,30,,281,16,0,12,0,15,,295,11,,,0,70,,282,16,0,12,0,15,,305,11,,,0,70,,283,16,0,12,0,15,,296,11,,,0,30,,284,16,0,12,0,55,,306,11,,,0,30,,285,16,0,12,0,15,,300,11,,,0,70,,286,16,0,12,0,15,,297,11,,,0,70,,287,16,0,12,0,15,,310,11,,,0,30,,288,16,0,12,0,55,,307,11,,,0,30,,289,16,0,12,0,15,,308,11,,,0,70,,290,16,0,12,0,15,,309,11,,,0,70,,291,16,0,12,0,15,,298,11,,,0,30,,292,16,0,12,0,55,,299,11,,,0,30,,313,16,0,12,0,15,,312,11,,,0
2019,'985',1950,,3584,11,,,0,74,,3583,16,0,5,0,96,,3585,11,,,0,34,,3581,16,0,5,0,96,,3582,11,,,0
2019,'986',613,,3615,16,0,12,0,10,,3586,11,,,0,30,,3616,16,0,12,0,50,,3587,11,,,0,30,,3617,16,0,12,0,10,,3588,11,,,0,70,,3618,16,0,12,0,10,,3589,11,,,0,30,,3619,16,0,12,0,50,,3590,11,,,0,30,,3620,16,0,12,0,11,,3591,11,,,0,56,,3646,16,0,12,0,29,,3592,11,,,0,1,,3621,16,0,12,0,29,,3593,11,,,0,41,,3622,16,0,12,0,29,,3594,11,,,0,1,,3623,16,0,12,0,29,,3595,11,,,0,41,,3624,16,0,12,0,29,,3596,11,,,0,1,,3625,16,0,12,0,29,,3597,11,,,0,41,,3626,16,0,12,0,29,,3598,11,,,0,1,,3627,16,0,12,0,29,,3599,11,,,0,41,,3628,16,0,12,0,29,,3600,11,,,0,1,,3629,16,0,12,0,29,,3601,11,,,0,41,,3630,16,0,12,0,29,,3602,11,,,0,1,,3631,16,0,12,0,29,,3603,11,,,0,41,,3632,16,0,12,0,29,,3604,11,,,0,1,,3633,16,0,12,0,29,,3605,11,,,0,41,,3634,16,0,12,0,29,,3606,11,,,0,1,,3635,16,0,12,0,29,,3607,11,,,0,41,,3636,16,0,12,0,29,,3608,11,,,0,1,,3647,16,0,12,0,29,,3609,11,,,0,56,,3637,16,0,12,0,14,,3610,11,,,0,71,,3638,16,0,12,0,13,,3611,11,,,0,32,,3639,16,0,12,0,12,,3612,11,,,0,73,,3640,16,0,12,0,12,,3613,11,,,0,73,,3641,16,0,12,0,12,,3614,11,,,0,73,,3642,16,0,12,0,12,,3645,11,,,0,33,,3643,16,0,5,0,12,,3644,11,,,0,55,,3648,11,,,0
9029,'976',848,,4233,2,,,0,80,,4236,2,,,0,80,,4221,2,,,0,44,,4222,2,,,0,84,,4223,2,,,0,85,,4224,2,,,0,85,,4225,2,,,0,45,,4226,2,,,0,85,,4227,2,,,0,85,,4229,2,,,0,85,,4228,2,,,0,45,,4230,2,,,0,85,,4231,2,,,0,85,,4232,2,,,0,81,,4237,2,,,0,45,,4238,2,,,0,85,,4239,2,,,0,85,,4234,2,,,0,85,,4235,2,,,0
9029,'979',639,,1253,2,,,0,63,,1254,2,,,0,28,,1255,2,,,0,70,,1256,2,,,0,30,,1257,2,,,0,70,,1258,2,,,0,30,,1259,2,,,0,70,,1237,2,,,0,30,,1240,2,,,0,70,,1238,2,,,0,30,,1239,2,,,0,70,,1241,2,,,0,30,,1242,2,,,0,70,,1243,2,,,0,30,,1244,2,,,0,70,,1245,2,,,0,30,,1246,2,,,0,70,,1247,2,,,0,30,,1248,2,,,0,70,,1249,2,,,0,30,,1250,2,,,0,70,,1251,2,,,0,30,,1252,2,,,0,70,,1232,2,,,0,30,,1233,2,,,0,70,,1234,2,,,0,30,,1262,2,,,0,77,,1235,2,,,0,45,,1230,2,,,0,77,,1231,2,,,0,85,,1236,2,,,0,45,,1260,2,,,0,85,,1261,2,,,0
9029,'983',848,,1223,2,,,0,80,,1226,2,,,0,80,,1211,2,,,0,44,,1212,2,,,0,84,,1213,2,,,0,85,,1214,2,,,0,85,,1215,2,,,0,45,,1216,2,,,0,85,,1217,2,,,0,85,,1219,2,,,0,85,,1218,2,,,0,45,,1220,2,,,0,85,,1221,2,,,0,85,,1222,2,,,0,81,,1227,2,,,0,45,,1228,2,,,0,85,,1229,2,,,0,85,,1224,2,,,0,85,,1225,2,,,0
9029,'985',639,,4263,2,,,0,63,,4264,2,,,0,28,,4265,2,,,0,70,,4266,2,,,0,30,,4267,2,,,0,70,,4268,2,,,0,30,,4269,2,,,0,70,,4247,2,,,0,30,,4250,2,,,0,70,,4248,2,,,0,30,,4249,2,,,0,70,,4251,2,,,0,30,,4252,2,,,0,70,,4253,2,,,0,30,,4254,2,,,0,70,,4255,2,,,0,30,,4256,2,,,0,70,,4257,2,,,0,30,,4258,2,,,0,70,,4259,2,,,0,30,,4260,2,,,0,70,,4261,2,,,0,30,,4262,2,,,0,70,,4242,2,,,0,30,,4243,2,,,0,70,,4244,2,,,0,30,,4272,2,,,0,77,,4245,2,,,0,45,,4240,2,,,0,77,,4241,2,,,0,85,,4246,2,,,0,45,,4270,2,,,0,85,,4271,2,,,0
9029,'986',618,,4295,2,,,0,40,,4296,2,,,0,80,,4297,2,,,0,80,,4298,2,,,0,82,,4299,2,,,0,45,,4274,2,,,0,55,,4275,2,,,0,30,,4276,2,,,0,70,,4277,2,,,0,30,,4278,2,,,0,70,,4280,2,,,0,30,,4279,2,,,0,70,,4281,2,,,0,30,,4282,2,,,0,70,,4283,2,,,0,30,,4284,2,,,0,70,,4285,2,,,0,30,,4286,2,,,0,70,,4287,2,,,0,30,,4288,2,,,0,70,,4289,2,,,0,30,,4290,2,,,0,70,,4291,2,,,0,30,,4292,2,,,0,70,,4303,2,,,0,30,,4293,2,,,0,77,,4294,2,,,0,45,,4300,2,,,0,77,,4301,2,,,0,85,,4273,2,,,0,45,,4302,2,,,0,85,,4304,2,,,0
9029,'987',848,,4317,2,,,0,80,,4320,2,,,0,80,,4305,2,,,0,44,,4306,2,,,0,84,,4307,2,,,0,85,,4308,2,,,0,85,,4309,2,,,0,45,,4310,2,,,0,85,,4311,2,,,0,85,,4313,2,,,0,85,,4312,2,,,0,45,,4314,2,,,0,85,,4315,2,,,0,85,,4316,2,,,0,81,,4321,2,,,0,45,,4322,2,,,0,85,,4323,2,,,0,85,,4318,2,,,0,85,,4319,2,,,0
15019,'976',811,,4974,2,,,0,40,,4975,2,,,0,80,,4976,2,,,0,79,,4977,2,,,0,43,,4978,2,,,0,85,,4979,2,,,0,85,,4980,2,,,0,85,,4981,2,,,0,45,,4982,2,,,0,85,,4983,2,,,0,85,,4984,2,,,0,85,,4985,2,,,0,45,,4986,2,,,0,85,,4987,2,,,0,85,,4988,2,,,0,85,,4989,2,,,0,45,,4990,2,,,0,85,,4991,2,,,0,85,,4992,2,,,0,85,,4993,2,,,0
15019,'979',643,,1996,2,,,0,70,,1997,2,,,0,30,,1998,2,,,0,70,,1999,2,,,0,30,,2000,2,,,0,70,,2001,2,,,0,30,,2002,2,,,0,70,,2003,2,,,0,30,,2004,2,,,0,70,,2005,2,,,0,30,,2006,2,,,0,70,,2007,2,,,0,30,,2008,2,,,0,70,,2009,2,,,0,30,,2010,2,,,0,70,,2011,2,,,0,30,,2012,2,,,0,70,,2013,2,,,0,30,,2014,2,,,0,70,,2015,2,,,0,30,,2016,2,,,0,70,,2017,2,,,0,30,,2018,2,,,0,70,,2019,2,,,0,30,,2020,2,,,0,80,,2021,2,,,0,85,,2022,2,,,0,45,,2023,2,,,0,85,,2025,2,,,0,85,,2026,2,,,0,85,,2024,2,,,0
15019,'983',811,,1976,2,,,0,40,,1977,2,,,0,80,,1978,2,,,0,79,,1979,2,,,0,43,,1980,2,,,0,85,,1981,2,,,0,85,,1982,2,,,0,85,,1983,2,,,0,45,,1984,2,,,0,85,,1985,2,,,0,85,,1986,2,,,0,85,,1987,2,,,0,45,,1988,2,,,0,85,,1989,2,,,0,85,,1990,2,,,0,85,,1991,2,,,0,45,,1992,2,,,0,85,,1993,2,,,0,85,,1994,2,,,0,85,,1995,2,,,0
15019,'985',643,,4994,2,,,0,70,,4995,2,,,0,30,,4996,2,,,0,70,,4997,2,,,0,30,,4998,2,,,0,70,,4999,2,,,0,30,,5000,2,,,0,70,,5001,2,,,0,30,,5002,2,,,0,70,,5003,2,,,0,30,,5004,2,,,0,70,,5005,2,,,0,30,,5006,2,,,0,70,,5007,2,,,0,30,,5008,2,,,0,70,,5009,2,,,0,30,,5010,2,,,0,70,,5011,2,,,0,30,,5012,2,,,0,70,,5013,2,,,0,30,,5014,2,,,0,70,,5015,2,,,0,30,,5016,2,,,0,70,,5017,2,,,0,30,,5018,2,,,0,80,,5019,2,,,0,85,,5020,2,,,0,45,,5021,2,,,0,85,,5023,2,,,0,85,,5024,2,,,0,85,,5022,2,,,0
15019,'986',620,,5025,2,,,0,80,,5027,2,,,0,40,,5028,2,,,0,80,,5026,2,,,0,80,,5029,2,,,0,40,,5030,2,,,0,75,,5032,2,,,0,30,,5033,2,,,0,70,,5034,2,,,0,30,,5035,2,,,0,70,,5036,2,,,0,30,,5037,2,,,0,70,,5038,2,,,0,30,,5039,2,,,0,70,,5040,2,,,0,30,,5041,2,,,0,70,,5042,2,,,0,30,,5043,2,,,0,70,,5044,2,,,0,30,,5045,2,,,0,70,,5046,2,,,0,30,,5047,2,,,0,70,,5048,2,,,0,30,,5049,2,,,0,77,,5050,2,,,0,85,,5051,2,,,0,45,,5052,2,,,0,85,,5053,2,,,0,85,,5054,2,,,0,85,,5031,2,,,0
15019,'987',811,,5055,2,,,0,40,,5056,2,,,0,80,,5057,2,,,0,79,,5058,2,,,0,43,,5059,2,,,0,85,,5060,2,,,0,85,,5061,2,,,0,85,,5062,2,,,0,45,,5063,2,,,0,85,,5064,2,,,0,85,,5065,2,,,0,85,,5066,2,,,0,45,,5067,2,,,0,85,,5068,2,,,0,85,,5069,2,,,0,85,,5070,2,,,0,45,,5071,2,,,0,85,,5072,2,,,0,85,,5073,2,,,0,85,,5074,2,,,0
