1029,'1030',611,2,14157,13,,,0,30,2,14158,13,,,0,70,2,14159,13,,,0,30,2,14160,13,,,0,70,2,14161,13,,,0,30,2,14162,13,,,0,70,2,14163,13,,,0,30,2,14164,13,,,0,70,2,14165,13,,,0,30,2,14166,13,,,0,70,2,14167,13,,,0,30,2,14168,13,,,0,70,2,14169,13,,,0,30,2,14170,13,,,0,70,2,14171,13,,,0,30,2,14172,13,,,0,70,2,14173,13,,,0,30,2,14174,13,,,0,70,2,14175,13,,,0,30,2,14176,13,,,0,70,2,14177,13,,,0,30,2,14178,13,,,0,70,2,14179,13,,,0,30,2,14180,13,,,0,70,2,14181,13,,,0,30,2,14182,13,,,0,70,2,14188,13,,,0,19,,14183,13,,,0,85,,9841,13,,,0,85,,14185,13,,,0
1029,'1036',611,2,16065,13,,,0,30,2,16066,13,,,0,70,2,16067,13,,,0,30,2,16068,13,,,0,70,2,16069,13,,,0,30,2,16070,13,,,0,70,2,16071,13,,,0,30,2,16072,13,,,0,70,2,16073,13,,,0,30,2,16074,13,,,0,70,2,16075,13,,,0,30,2,16076,13,,,0,70,2,16077,13,,,0,30,2,16078,13,,,0,70,2,16079,13,,,0,30,2,16080,13,,,0,70,2,16081,13,,,0,30,2,16082,13,,,0,70,2,16083,13,,,0,30,2,16084,13,,,0,70,2,16085,13,,,0,30,2,16086,13,,,0,70,2,16087,13,,,0,30,2,16088,13,,,0,70,2,16089,13,,,0,30,2,16090,13,,,0,70,2,16098,13,,,0,19,,16091,13,,,0,85,,16092,13,,,0,85,,16094,13,,,0
1029,'1037',629,2,16099,13,,,0,80,2,16100,13,,,0,40,2,16101,13,,,0,80,2,16102,13,,,0,80,2,16103,13,,,0,40,2,16104,13,,,0,60,2,16106,13,,,0,30,2,16105,13,,,0,71,2,16108,13,,,0,30,2,16107,13,,,0,70,2,16110,13,,,0,30,2,16109,13,,,0,70,2,16112,13,,,0,30,2,16111,13,,,0,70,2,16114,13,,,0,30,2,16113,13,,,0,70,2,16116,13,,,0,30,2,16115,13,,,0,70,2,16118,13,,,0,30,2,16117,13,,,0,70,2,16120,13,,,0,30,2,16119,13,,,0,70,2,16129,13,,,0,30,2,16121,13,,,0,70,2,16130,13,,,0,22,2,16122,13,,,0
12019,'1030',636,,7945,27,,,0,65,,7946,27,,,0,33,,7947,27,,,0,70,,7948,27,,,0,30,,7949,27,,,0,70,,7950,27,,,0,30,,7951,27,,,0,70,,7952,27,,,0,30,,7929,27,,,0,70,,7930,27,,,0,30,,7931,27,,,0,70,,7932,27,,,0,30,,7933,27,,,0,70,,7934,27,,,0,30,,7935,27,,,0,70,,7936,27,,,0,30,,7937,27,,,0,70,,7938,27,,,0,30,,7939,27,,,0,70,,7940,27,,,0,30,,7941,27,,,0,70,,7942,27,,,0,30,,7943,27,,,0,70,,7944,27,,,0,30,,7928,27,,,0,70,,7953,27,,,0
12019,'1036',636,,16999,27,,,0,65,,17000,27,,,0,33,,17001,27,,,0,70,,17002,27,,,0,30,,17003,27,,,0,70,,17004,27,,,0,30,,17005,27,,,0,70,,17006,27,,,0,30,,16983,27,,,0,70,,16984,27,,,0,30,,16985,27,,,0,70,,16986,27,,,0,30,,16987,27,,,0,70,,16988,27,,,0,30,,16989,27,,,0,70,,16990,27,,,0,30,,16991,27,,,0,70,,16992,27,,,0,30,,16993,27,,,0,70,,16994,27,,,0,30,,16995,27,,,0,70,,16996,27,,,0,30,,16997,27,,,0,70,,16998,27,,,0,30,,16982,27,,,0,70,,17007,27,,,0
12019,'1037',647,,17008,27,,,0,74,,17009,27,,,0,80,,17010,27,,,0,40,,17011,27,,,0,80,,17012,27,,,0,80,,17013,27,,,0,33,,17014,27,,,0,70,,17015,27,,,0,30,,17016,27,,,0,70,,17017,27,,,0,30,,17018,27,,,0,70,,17019,27,,,0,30,,17020,27,,,0,70,,17021,27,,,0,30,,17022,27,,,0,70,,17023,27,,,0,30,,17024,27,,,0,70,,17025,27,,,0,30,,17026,27,,,0,70,,17027,27,,,0,30,,17028,27,,,0,70,,17029,27,,,0,30,,17030,27,,,0,70,,17031,27,,,0
130003029,'1030',655,,15846,10,0,10 11,0,55,,15847,10,,,0,30,,15849,10,,,0,15,,15850,10,0,10 11,0,55,,15851,10,,,0,30,,15853,10,,,0,70,,15855,10,,,0,15,,15856,10,0,10 11,0,15,,15857,10,,,0,70,,15803,10,,,0,15,,15804,10,0,10 11,0,15,,15805,10,,,0,70,,15807,10,,,0,30,,15809,10,,,0,15,,15810,10,0,10 11,0,55,,15811,10,,,0,30,,15813,10,,,0,15,,15814,10,0,10 11,0,55,,15815,10,,,0,30,,15817,10,,,0,70,,15819,10,,,0,15,,15820,10,0,10 11,0,15,,15821,10,,,0,70,,15823,10,,,0,15,,15824,10,0,10 11,0,15,,15825,10,,,0,70,,15827,10,,,0,30,,15829,10,,,0,15,,15830,10,0,10 11,0,55,,15831,10,,,0,30,,15833,10,,,0,15,,15841,10,0,10 11,0,55,,15840,10,,,0,30,,15834,10,,,0
130003029,'1031',725,,15848,10,0,10 11,0,100,,15852,10,0,10 11,0,30,,15854,10,0,10 11,0,100,,15858,10,0,10 11,0,100,,15806,10,0,10 11,0,70,,15808,10,0,10 11,0,100,,15812,10,0,10 11,0,100,,15816,10,0,10 11,0,30,,15818,10,0,10 11,0,100,,15822,10,0,10 11,0,100,,15826,10,0,10 11,0,70,,15828,10,0,10 11,0,100,,15832,10,0,10 11,0,100,,15842,10,0,10 11,0
130003029,'1033',1055,,15882,10,0,10 11,0,70,,15884,10,0,10 11,0,100,,15888,10,0,10 11,0,100,,15892,10,0,10 11,0,30,,15894,10,0,10 11,0,100,,15898,10,0,10 11,0,100,,15902,10,0,10 11,0,70,,15904,10,0,10 11,0,100,,15908,10,0,10 11,0,100,,15921,10,0,10 11,0
130003029,'1036',655,,17870,10,0,10 11,0,55,,17871,10,,,0,30,,17872,10,,,0,15,,17873,10,0,10 11,0,55,,17874,10,,,0,30,,17875,10,,,0,70,,17876,10,,,0,15,,17877,10,0,10 11,0,15,,17878,10,,,0,70,,17839,10,,,0,15,,17840,10,0,10 11,0,15,,17841,10,,,0,70,,17842,10,,,0,30,,17843,10,,,0,15,,17844,10,0,10 11,0,55,,17845,10,,,0,30,,17846,10,,,0,15,,17847,10,0,10 11,0,55,,17848,10,,,0,30,,17849,10,,,0,70,,17850,10,,,0,15,,17851,10,0,10 11,0,15,,17852,10,,,0,70,,17853,10,,,0,15,,17854,10,0,10 11,0,15,,17855,10,,,0,70,,17856,10,,,0,30,,17857,10,,,0,15,,17858,10,0,10 11,0,55,,17859,10,,,0,30,,17860,10,,,0,15,,17868,10,0,10 11,0,55,,17867,10,,,0,30,,17861,10,,,0
130003029,'1037',1010,,17893,10,,,0,15,,17894,10,0,10 11,0,15,,17895,10,,,0,70,,17896,10,,,0,30,,17897,10,,,0,15,,17898,10,0,10 11,0,55,,17899,10,,,0,30,,17900,10,,,0,15,,17901,10,0,10 11,0,55,,17902,10,,,0,30,,17903,10,,,0,70,,17904,10,,,0,15,,17905,10,0,10 11,0,15,,17906,10,,,0,70,,17907,10,,,0,15,,17908,10,0,10 11,0,15,,17909,10,,,0,70,,17910,10,,,0,30,,17911,10,,,0,15,,17912,10,0,10 11,0,55,,17913,10,,,0,30,,17928,10,,,0,15,,17929,10,0,10 11,0,55,,17925,10,,,0,30,,17927,10,,,0
