14029,'1010',701,,11498,3,,,0,230,,11503,3,,,0,270,,11477,3,,,0,230,,11482,3,,,0,270,,11487,3,,,0,222,,11493,3,,,0,85,,11490,3,,,0,45,,11492,3,,,0,85,,11491,3,,,0,85,,11494,3,,,0,85,,11505,3,,,0
14029,'1011',801,,11500,3,,,0,230,,11474,3,,,0,270,,11479,3,,,0,230,,11484,3,,,0,270,,11489,3,,,0
14029,'1012',801,,12873,3,,,0,230,,12869,3,,,0,270,,12870,3,,,0,230,,12871,3,,,0,270,,12872,3,,,0
14029,'1014',811,,11506,3,,,0,40,,11507,3,,,0,80,,11508,3,,,0,80,,11509,3,,,0,43,,11510,3,,,0,85,,11511,3,,,0,85,,11512,3,,,0,85,,11513,3,,,0,45,,11514,3,,,0,85,,11515,3,,,0,85,,11516,3,,,0,85,,11517,3,,,0,45,,11518,3,,,0,85,,11519,3,,,0,85,,11520,3,,,0,85,,11521,3,,,0,45,,11522,3,,,0,85,,11523,3,,,0,85,,11524,3,,,0,85,,11525,3,,,0
14029,'1015',701,,13653,3,,,0,230,,13654,3,,,0,270,,13645,3,,,0,230,,13646,3,,,0,270,,13647,3,,,0,222,,13651,3,,,0,85,,13648,3,,,0,45,,13650,3,,,0,85,,13649,3,,,0,85,,13652,3,,,0,85,,13655,3,,,0
14029,'1016',621,,13656,3,,,0,80,,13657,3,,,0,40,,13658,3,,,0,80,,13659,3,,,0,80,,13660,3,,,0,40,,13661,3,,,0,260,,13662,3,,,0,230,,13663,3,,,0,270,,13664,3,,,0,222,,13665,3,,,0,85,,13666,3,,,0,45,,13667,3,,,0,85,,13668,3,,,0,85,,13670,3,,,0,85,,13669,3,,,0
14029,'1017',811,,13671,3,,,0,40,,13672,3,,,0,80,,13673,3,,,0,80,,13674,3,,,0,43,,13675,3,,,0,85,,13676,3,,,0,85,,13677,3,,,0,85,,13678,3,,,0,45,,13679,3,,,0,85,,13680,3,,,0,85,,13681,3,,,0,85,,13682,3,,,0,45,,13683,3,,,0,85,,13684,3,,,0,85,,13685,3,,,0,85,,13686,3,,,0,45,,13687,3,,,0,85,,13688,3,,,0,85,,13689,3,,,0,85,,13690,3,,,0
14029,'1018',811,,13691,3,,,0,40,,13692,3,,,0,80,,13693,3,,,0,80,,13694,3,,,0,43,,13695,3,,,0,85,,13696,3,,,0,85,,13697,3,,,0,85,,13698,3,,,0,45,,13699,3,,,0,85,,13700,3,,,0,85,,13701,3,,,0,85,,13702,3,,,0,45,,13703,3,,,0,85,,13704,3,,,0,85,,13705,3,,,0,85,,13706,3,,,0,45,,13707,3,,,0,85,,13708,3,,,0,85,,13709,3,,,0,85,,13710,3,,,0
14029,'994',610,,11496,3,,,0,21,,11497,3,,,0,100,,11499,3,,,0,100,,11501,3,,,0,70,,11502,3,,,0,100,,11473,3,,,0,100,,11475,3,,,0,30,,11476,3,,,0,100,,11478,3,,,0,100,,11480,3,,,0,70,,11481,3,,,0,100,,11483,3,,,0,100,,11485,3,,,0,30,,11486,3,,,0,100,,11488,3,,,0,100,,11495,3,,,0,70,,11504,3,,,0
14029,'995',1001,,11532,3,,,0,30,,11533,3,,,0,70,,11534,3,,,0,30,,11535,3,,,0,100,,11537,3,,,0,70,,11538,3,,,0,30,,11539,3,,,0,70,,11540,3,,,0,100,,11542,3,,,0,30,,11543,3,,,0,70,,11544,3,,,0,30,,11545,3,,,0,100,,11547,3,,,0,70,,11548,3,,,0,30,,11549,3,,,0,70,,11555,3,,,0
