14019,'1010',738,,11394,11,0,10 11,0,271,,11399,11,0,10 11,0,232,,11373,11,0,10 11,0,270,,11378,11,0,10 11,0,230,,11383,11,0,10 11,0,259,,11388,11,,,0,45,,11389,11,,,0,85,,11387,11,,,0,85,,11390,11,,,0,85,,11386,11,,,0,45,,11401,11,,,0
14019,'1011',839,,11396,11,0,10 11,0,270,,11370,11,0,10 11,0,232,,11375,11,0,10 11,0,270,,11380,11,0,10 11,0,227,,11385,11,0,10 11,0
14019,'1012',839,,12868,11,0,10 11,0,270,,12864,11,0,10 11,0,232,,12865,11,0,10 11,0,270,,12866,11,0,10 11,0,227,,12867,11,0,9,0
14019,'1014',844,,11402,11,,,0,80,,11403,11,,,0,80,,11404,11,,,0,40,,11405,11,,,0,85,,11406,11,,,0,88,,11407,11,,,0,85,,11408,11,,,0,45,,11409,11,,,0,85,,11410,11,,,0,85,,11411,11,,,0,85,,11412,11,,,0,45,,11413,11,,,0,85,,11414,11,,,0,85,,11415,11,,,0,85,,11416,11,,,0,42,,11417,11,,,0,85,,11418,11,,,0,85,,11419,11,,,0,45,,11420,11,,,0,85,,11421,11,,,0
14019,'1015',738,,13587,11,0,10 11,0,271,,13588,11,0,10 11,0,232,,13579,11,0,10 11,0,270,,13580,11,0,10 11,0,230,,13581,11,0,10 11,0,259,,13584,11,,,0,45,,13585,11,,,0,85,,13583,11,,,0,85,,13586,11,,,0,85,,13582,11,,,0,45,,13589,11,,,0
14019,'1016',657,,13590,11,,,0,80,,13591,11,,,0,80,,13592,11,,,0,40,,13593,11,,,0,80,,13594,11,,,0,80,,13595,11,,,0,222,,13596,11,0,10 11,0,272,,13597,11,0,10 11,0,230,,13598,11,0,10 11,0,259,,13599,11,,,0,45,,13600,11,,,0,85,,13601,11,,,0,85,,13602,11,,,0,85,,13604,11,,,0,45,,13603,11,,,0
14019,'1017',844,,13605,11,,,0,80,,13606,11,,,0,80,,13607,11,,,0,40,,13608,11,,,0,85,,13609,11,,,0,88,,13610,11,,,0,85,,13611,11,,,0,45,,13612,11,,,0,85,,13613,11,,,0,85,,13614,11,,,0,85,,13615,11,,,0,45,,13616,11,,,0,85,,13617,11,,,0,85,,13618,11,,,0,85,,13619,11,,,0,42,,13620,11,,,0,85,,13621,11,,,0,85,,13622,11,,,0,45,,13623,11,,,0,85,,13624,11,,,0
14019,'1018',844,,13625,11,,,0,80,,13626,11,,,0,80,,13627,11,,,0,40,,13628,11,,,0,85,,13629,11,,,0,88,,13630,11,,,0,85,,13631,11,,,0,45,,13632,11,,,0,85,,13633,11,,,0,85,,13634,11,,,0,85,,13635,11,,,0,45,,13636,11,,,0,85,,13637,11,,,0,85,,13638,11,,,0,85,,13639,11,,,0,42,,13640,11,,,0,85,,13641,11,,,0,85,,13642,11,,,0,45,,13643,11,,,0,85,,13644,11,,,0
14019,'994',643,,11392,11,0,10 11,0,65,,11393,11,0,10 11,0,100,,11395,11,0,10 11,0,101,,11397,11,0,10 11,0,30,,11398,11,0,10 11,0,100,,11369,11,0,10 11,0,100,,11371,11,0,10 11,0,70,,11372,11,0,10 11,0,102,,11374,11,0,10 11,0,100,,11376,11,0,10 11,0,30,,11377,11,0,10 11,0,100,,11379,11,0,10 11,0,100,,11381,11,0,10 11,0,70,,11382,11,0,10 11,0,100,,11384,11,0,10 11,0,97,,11391,11,,,0,30,,11400,11,,,0
14019,'995',1037,,11428,11,0,10 11,0,72,,11429,11,0,10 11,0,30,,11430,11,0,10 11,0,70,,11431,11,0,10 11,0,100,,11433,11,0,10 11,0,30,,11434,11,0,10 11,0,70,,11435,11,0,10 11,0,32,,11436,11,0,10 11,0,100,,11438,11,0,10 11,0,70,,11439,11,0,10 11,0,30,,11440,11,0,10 11,0,70,,11441,11,0,10 11,0,100,,11443,11,0,10 11,0,27,,11444,11,0,9,0,70,,11445,11,,,0,30,,11452,11,,,0
