4019,'1010',714,,6813,64,,,0,128,,6814,51,,,0,168,,6815,51,,,0,214,,6818,69,,,0,128,,6819,51,,,0,271,,6816,51,,,0,128,,6817,51,,,0
4019,'1015',714,,13115,64,,,0,128,,13116,51,,,0,168,,13117,51,,,0,214,,13120,69,,,0,128,,13121,51,,,0,271,,13118,51,,,0,128,,13119,51,,,0
14029,'1010',721,,11498,24,,,0,230,,11503,24,,,0,272,,11477,24,,,0,230,,11482,24,,,0,270,,11487,24,,,0,220,,11493,24,,,0,85,,11490,24,,,0,85,,11492,24,,,0,45,,11491,24,,,0,85,,11494,24,,,0,85,,11505,24,,,0
14029,'1011',821,,11500,24,,,0,230,,11474,24,,,0,272,,11479,24,,,0,230,,11484,24,,,0,268,,11489,24,,,0
14029,'1012',821,,12873,24,,,0,230,,12869,24,,,0,272,,12870,24,,,0,230,,12871,24,,,0,268,,12872,24,,,0
14029,'1014',830,,11506,24,,,0,80,,11507,24,,,0,40,,11508,24,,,0,80,,11509,24,,,0,83,,11510,24,,,0,87,,11511,24,,,0,45,,11512,24,,,0,85,,11513,24,,,0,85,,11514,24,,,0,85,,11515,24,,,0,45,,11516,24,,,0,85,,11517,24,,,0,85,,11518,24,,,0,85,,11519,24,,,0,45,,11520,24,,,0,83,,11521,24,,,0,85,,11522,24,,,0,45,,11523,24,,,0,85,,11524,24,,,0,85,,11525,24,,,0
14029,'1015',721,,13653,24,,,0,230,,13654,24,,,0,272,,13645,24,,,0,230,,13646,24,,,0,270,,13647,24,,,0,220,,13651,24,,,0,85,,13648,24,,,0,85,,13650,24,,,0,45,,13649,24,,,0,85,,13652,24,,,0,85,,13655,24,,,0
14029,'1016',641,,13656,24,,,0,80,,13657,24,,,0,80,,13658,24,,,0,40,,13659,24,,,0,80,,13660,24,,,0,80,,13661,24,,,0,220,,13662,24,,,0,232,,13663,24,,,0,270,,13664,24,,,0,220,,13665,24,,,0,85,,13666,24,,,0,85,,13667,24,,,0,45,,13668,24,,,0,85,,13670,24,,,0,85,,13669,24,,,0
14029,'1017',830,,13671,24,,,0,80,,13672,24,,,0,40,,13673,24,,,0,80,,13674,24,,,0,83,,13675,24,,,0,87,,13676,24,,,0,45,,13677,24,,,0,85,,13678,24,,,0,85,,13679,24,,,0,85,,13680,24,,,0,45,,13681,24,,,0,85,,13682,24,,,0,85,,13683,24,,,0,85,,13684,24,,,0,45,,13685,24,,,0,83,,13686,24,,,0,85,,13687,24,,,0,45,,13688,24,,,0,85,,13689,24,,,0,85,,13690,24,,,0
14029,'1018',830,,13691,24,,,0,80,,13692,24,,,0,40,,13693,24,,,0,80,,13694,24,,,0,83,,13695,24,,,0,87,,13696,24,,,0,45,,13697,24,,,0,85,,13698,24,,,0,85,,13699,24,,,0,85,,13700,24,,,0,45,,13701,24,,,0,85,,13702,24,,,0,85,,13703,24,,,0,85,,13704,24,,,0,45,,13705,24,,,0,83,,13706,24,,,0,85,,13707,24,,,0,45,,13708,24,,,0,85,,13709,24,,,0,85,,13710,24,,,0
14029,'994',629,,11496,24,,,0,22,,11497,24,,,0,100,,11499,24,,,0,100,,11501,24,,,0,70,,11502,24,,,0,100,,11473,24,,,0,100,,11475,24,,,0,30,,11476,24,,,0,102,,11478,24,,,0,100,,11480,24,,,0,70,,11481,24,,,0,100,,11483,24,,,0,100,,11485,24,,,0,30,,11486,24,,,0,100,,11488,24,,,0,98,,11495,24,,,0,70,,11504,24,,,0
14029,'995',1021,,11532,24,,,0,30,,11533,24,,,0,70,,11534,24,,,0,30,,11535,24,,,0,100,,11537,24,,,0,70,,11538,24,,,0,30,,11539,24,,,0,72,,11540,24,,,0,100,,11542,24,,,0,30,,11543,24,,,0,70,,11544,24,,,0,30,,11545,24,,,0,100,,11547,24,,,0,68,,11548,24,,,0,30,,11549,24,,,0,70,,11555,24,,,0
