30003029,'1021',614,,12295,10,,,0,20,,12296,10,,,0,171,,12299,10,,,0,30,,12300,10,,,0,70,,12301,10,,,0,130,,12273,10,,,0,70,,12274,10,,,0,30,,12275,10,,,0,170,,12278,10,,,0,30,,12279,10,,,0,70,,12280,10,,,0,130,,12283,10,,,0,70,,12284,10,,,0,30,,12285,10,,,0,170,,12288,10,,,0,30,,12289,10,,,0,70,,12290,10,,,0,45,,12292,10,,,0,85,,12293,10,,,0,85,,12294,10,,,0,85,,12291,10,,,0,45,,12303,10,,,0
30003029,'1022',704,,12297,10,,,0,31,,14029,10,,,0,200,,12302,10,,,0,70,,14025,10,,,0,200,,12276,10,,,0,30,,14026,10,,,0,200,,12281,10,,,0,70,,14027,10,,,0,200,,12286,10,,,0,30,,14028,10,,,0
30003029,'1024',836,,12304,10,,,0,80,,12305,10,,,0,40,,12306,10,,,0,80,,12307,10,,,0,86,,12308,10,,,0,86,,12309,10,,,0,45,,12310,10,,,0,85,,12311,10,,,0,85,,12312,10,,,0,85,,12313,10,,,0,45,,12314,10,,,0,85,,12315,10,,,0,85,,12316,10,,,0,85,,12317,10,,,0,45,,12318,10,,,0,85,,12319,10,,,0,85,,12320,10,,,0,85,,12321,10,,,0,45,,12322,10,,,0,82,,12323,10,,,0
30003029,'1025',614,,15439,10,,,0,20,,15440,10,,,0,70,,15441,10,,,0,31,,15442,10,,,0,70,,15443,10,,,0,30,,15444,10,,,0,70,,15445,10,,,0,30,,15446,10,,,0,70,,15416,10,,,0,30,,15417,10,,,0,70,,15418,10,,,0,30,,15419,10,,,0,70,,15420,10,,,0,30,,15421,10,,,0,70,,15422,10,,,0,30,,15423,10,,,0,70,,15424,10,,,0,30,,15425,10,,,0,70,,15426,10,,,0,30,,15427,10,,,0,70,,15428,10,,,0,30,,15429,10,,,0,70,,15430,10,,,0,30,,15431,10,,,0,70,,15432,10,,,0,30,,15433,10,,,0,70,,15434,10,,,0,45,,15436,10,,,0,85,,15437,10,,,0,85,,15438,10,,,0,85,,15435,10,,,0,45,,15447,10,,,0
30003029,'1026',609,,15448,10,,,0,35,,15449,10,,,0,80,,15450,10,,,0,80,,15451,10,,,0,40,,15452,10,,,0,80,,15453,10,,,0,81,,15454,10,,,0,30,,15455,10,,,0,70,,15456,10,,,0,30,,15457,10,,,0,70,,15458,10,,,0,30,,15459,10,,,0,70,,15460,10,,,0,30,,15461,10,,,0,70,,15462,10,,,0,30,,15463,10,,,0,70,,15464,10,,,0,30,,15465,10,,,0,70,,15466,10,,,0,30,,15467,10,,,0,70,,15468,10,,,0,30,,15469,10,,,0,69,,15470,10,,,0,30,,15477,10,,,0,70,,15471,10,,,0,45,,15472,10,,,0,85,,15473,10,,,0,85,,15474,10,,,0,85,,15475,10,,,0,45,,15476,10,,,0
30003029,'1027',836,,15478,10,,,0,80,,15479,10,,,0,40,,15480,10,,,0,80,,15481,10,,,0,86,,15482,10,,,0,86,,15483,10,,,0,45,,15484,10,,,0,85,,15485,10,,,0,85,,15486,10,,,0,85,,15487,10,,,0,45,,15488,10,,,0,85,,15489,10,,,0,85,,15490,10,,,0,85,,15491,10,,,0,45,,15492,10,,,0,85,,15493,10,,,0,85,,15494,10,,,0,85,,15495,10,,,0,45,,15496,10,,,0,82,,15497,10,,,0
30003029,'996',836,,15498,10,,,0,80,,15499,10,,,0,40,,15500,10,,,0,80,,15501,10,,,0,86,,15502,10,,,0,86,,15503,10,,,0,45,,15504,10,,,0,85,,15505,10,,,0,85,,15506,10,,,0,85,,15507,10,,,0,45,,15508,10,,,0,85,,15509,10,,,0,85,,15510,10,,,0,85,,15511,10,,,0,45,,15512,10,,,0,85,,15513,10,,,0,85,,15514,10,,,0,85,,15515,10,,,0,45,,15516,10,,,0,82,,15517,10,,,0
100003029,'1021',624,,12436,10,,,0,95,,12438,10,,,0,31,,12439,10,,,0,100,,12441,10,,,0,100,,12435,10,,,0,70,,12419,10,,,0,100,,12421,10,,,0,100,,12423,10,,,0,30,,12424,10,,,0,100,,12426,10,,,0,100,,12428,10,,,0,70,,12429,10,,,0,100,,12431,10,,,0,100,,12433,10,,,0,30,,12434,10,,,0,100,,12443,10,,,0
100003029,'1022',649,,12437,10,,,0,171,,14047,10,,,0,100,,12442,10,,,0,130,,14044,10,,,0,100,,12422,10,,,0,170,,14045,10,,,0,100,,12427,10,,,0,130,,14046,10,,,0,100,,12432,10,,,0,170,,14048,10,,,0
100003029,'1025',624,,15580,10,,,0,25,,15581,10,,,0,70,,15582,10,,,0,31,,15583,10,,,0,70,,15584,10,,,0,30,,15585,10,,,0,70,,15586,10,,,0,30,,15579,10,,,0,70,,15563,10,,,0,30,,15564,10,,,0,70,,15565,10,,,0,30,,15566,10,,,0,70,,15567,10,,,0,30,,15568,10,,,0,70,,15569,10,,,0,30,,15570,10,,,0,70,,15571,10,,,0,30,,15572,10,,,0,70,,15573,10,,,0,30,,15574,10,,,0,70,,15575,10,,,0,30,,15576,10,,,0,70,,15577,10,,,0,30,,15578,10,,,0,70,,15588,10,,,0,30,,15587,10,,,0
100003029,'1026',950,,15605,10,,,0,70,,15589,10,,,0,30,,15590,10,,,0,70,,15591,10,,,0,30,,15592,10,,,0,70,,15593,10,,,0,30,,15594,10,,,0,70,,15595,10,,,0,30,,15596,10,,,0,70,,15597,10,,,0,30,,15598,10,,,0,70,,15599,10,,,0,30,,15600,10,,,0,70,,15601,10,,,0,30,,15602,10,,,0,70,,15603,10,,,0,30,,15604,10,,,0,70,,15606,10,,,0,30,,15607,10,,,0
