5029,'1002',648,,6966,5,,,0,70,,6967,5,,,0,30,,6968,5,,,0,69,,6969,5,,,0,31,,6970,5,,,0,70,,6971,5,,,0,30,,6972,5,,,0,70,,6950,5,,,0,30,,6951,5,,,0,70,,6952,5,,,0,30,,6953,5,,,0,70,,6954,5,,,0,30,,6955,5,,,0,70,,6956,5,,,0,30,,6957,5,,,0,70,,6958,5,,,0,30,,6959,5,,,0,70,,6960,5,,,0,30,,6961,5,,,0,70,,6962,5,,,0,30,,6963,5,,,0,70,,6964,5,,,0,30,,6965,5,,,0,70,,6943,5,,,0,30,,6944,5,,,0,84,,6945,5,,,0,84,,6946,5,,,0,86,,6947,5,,,0,45,,6948,5,,,0,85,,6949,5,,,0,85,,6973,5,,,0
5029,'1003',648,,10282,5,,,0,70,,10283,5,,,0,30,,10284,5,,,0,69,,10285,5,,,0,31,,10286,5,,,0,70,,10287,5,,,0,30,,10288,5,,,0,70,,10266,5,,,0,30,,10267,5,,,0,70,,10268,5,,,0,30,,10269,5,,,0,70,,10270,5,,,0,30,,10271,5,,,0,70,,10272,5,,,0,30,,10273,5,,,0,70,,10274,5,,,0,30,,10275,5,,,0,70,,10276,5,,,0,30,,10277,5,,,0,70,,10278,5,,,0,30,,10279,5,,,0,70,,10280,5,,,0,30,,10281,5,,,0,70,,10259,5,,,0,30,,10260,5,,,0,84,,10261,5,,,0,84,,10262,5,,,0,86,,10263,5,,,0,45,,10264,5,,,0,85,,10265,5,,,0,85,,10289,5,,,0
5029,'1004',858,,10290,5,,,0,80,,10291,5,,,0,80,,10292,5,,,0,85,,10293,5,,,0,45,,10294,5,,,0,85,,10295,5,,,0,85,,10296,5,,,0,85,,10297,5,,,0,45,,10298,5,,,0,85,,10299,5,,,0,85,,10300,5,,,0,85,,10301,5,,,0,45,,10302,5,,,0,85,,10303,5,,,0,85,,10304,5,,,0,85,,10305,5,,,0,45,,10306,5,,,0,85,,10307,5,,,0,85,,10308,5,,,0,85,,10309,5,,,0
5029,'995',628,,10310,5,,,0,80,,10311,5,,,0,40,,10312,5,,,0,80,,10313,5,,,0,80,,10314,5,,,0,40,,10315,5,,,0,70,,10316,5,,,0,30,,10317,5,,,0,70,,10318,5,,,0,30,,10319,5,,,0,70,,10320,5,,,0,30,,10321,5,,,0,70,,10322,5,,,0,30,,10323,5,,,0,70,,10324,5,,,0,30,,10325,5,,,0,70,,10326,5,,,0,30,,10327,5,,,0,70,,10328,5,,,0,30,,10329,5,,,0,70,,10330,5,,,0,30,,10331,5,,,0,70,,10332,5,,,0,30,,10333,5,,,0,84,,10334,5,,,0,84,,10335,5,,,0,86,,10336,5,,,0,45,,10337,5,,,0,85,,10339,5,,,0,85,,10338,5,,,0
5029,'996',858,,10340,5,,,0,80,,10341,5,,,0,80,,10342,5,,,0,85,,10343,5,,,0,45,,10344,5,,,0,85,,10345,5,,,0,85,,10346,5,,,0,85,,10347,5,,,0,45,,10348,5,,,0,85,,10349,5,,,0,85,,10350,5,,,0,85,,10351,5,,,0,45,,10352,5,,,0,85,,10353,5,,,0,85,,10354,5,,,0,85,,10355,5,,,0,45,,10356,5,,,0,85,,10357,5,,,0,85,,10358,5,,,0,85,,10359,5,,,0
10029,'1002',643,,7781,5,,,0,67,,7782,5,,,0,30,,7783,5,,,0,70,,7784,5,,,0,30,,7785,5,,,0,70,,7786,5,,,0,30,,7787,5,,,0,70,,7758,5,,,0,30,,7759,5,,,0,70,,7760,5,,,0,30,,7761,5,,,0,70,,7762,5,,,0,30,,7763,5,,,0,70,,7764,5,,,0,30,,7765,5,,,0,70,,7766,5,,,0,30,,7767,5,,,0,70,,7768,5,,,0,30,,7769,5,,,0,70,,7770,5,,,0,30,,7771,5,,,0,70,,7772,5,,,0,30,,7773,5,,,0,70,,7774,5,,,0,28,,7780,5,,,0,70,,7788,5,,,0,37,,7778,5,,,0,85,,7779,5,,,0,85,,7777,5,,,0,85,,7775,5,,,0,45,,7776,5,0,9,0,83,,7789,5,0,7 8,0
10029,'1003',643,,11090,5,,,0,67,,11091,5,,,0,30,,11092,5,,,0,70,,11093,5,,,0,30,,11094,5,,,0,70,,11095,5,,,0,30,,11096,5,,,0,70,,11067,5,,,0,30,,11068,5,,,0,70,,11069,5,,,0,30,,11070,5,,,0,70,,11071,5,,,0,30,,11072,5,,,0,70,,11073,5,,,0,30,,11074,5,,,0,70,,11075,5,,,0,30,,11076,5,,,0,70,,11077,5,,,0,30,,11078,5,,,0,70,,11079,5,,,0,30,,11080,5,,,0,70,,11081,5,,,0,30,,11082,5,,,0,70,,11083,5,,,0,28,,11089,5,,,0,70,,11097,5,0,7 8,0,37,,11087,5,,,0,85,,11088,5,,,0,85,,11086,5,,,0,85,,11084,5,,,0,45,,11085,5,0,9,0,83,,11098,5,0,7 8,0
10029,'1004',831,,11099,5,,,0,80,,11100,5,,,0,40,,11101,5,,,0,80,,11102,5,,,0,83,,11103,5,,,0,89,,11104,5,,,0,44,,11105,5,,,0,85,,11106,5,,,0,85,,11107,5,,,0,85,,11108,5,,,0,45,,11109,5,,,0,85,,11110,5,,,0,85,,11111,5,,,0,85,,11112,5,,,0,45,,11113,5,,,0,85,,11114,5,,,0,85,,11115,5,,,0,85,,11116,5,,,0,45,,11117,5,,,0,85,,11118,5,0,7 8,0
10029,'995',643,,11119,5,,,0,80,,11120,5,,,0,80,,11121,5,,,0,40,,11122,5,,,0,80,,11123,5,,,0,82,,11124,5,,,0,33,,11125,5,,,0,70,,11126,5,,,0,30,,11127,5,,,0,70,,11128,5,,,0,30,,11129,5,,,0,70,,11130,5,,,0,30,,11131,5,,,0,70,,11132,5,,,0,31,,11133,5,,,0,70,,11134,5,,,0,30,,11135,5,,,0,70,,11136,5,,,0,30,,11137,5,,,0,70,,11138,5,,,0,30,,11139,5,,,0,70,,11140,5,,,0,30,,11141,5,,,0,70,,11142,5,,,0,37,,11143,5,,,0,85,,11144,5,0,7 8,0,85,,11145,5,,,0,85,,11146,5,,,0,45,,11147,5,0,9,0,85,,11148,5,0,7 8,0
10029,'996',831,,11149,5,,,0,80,,11150,5,,,0,40,,11151,5,,,0,80,,11152,5,,,0,83,,11153,5,,,0,89,,11154,5,,,0,44,,11155,5,,,0,85,,11156,5,,,0,85,,11157,5,,,0,85,,11158,5,,,0,45,,11159,5,,,0,85,,11160,5,,,0,85,,11161,5,,,0,85,,11162,5,,,0,45,,11163,5,,,0,85,,11164,5,,,0,85,,11165,5,,,0,85,,11166,5,,,0,45,,11167,5,,,0,85,,11168,5,0,7 8,0
