11029,'994',603,,7901,8,,,0,30,,7902,8,,,0,70,,7903,8,,,0,30,,7904,8,,,0,70,,7905,8,,,0,30,,7906,8,,,0,70,,7907,8,,,0,30,,7900,8,,,0,70,,7884,8,,,0,30,,7885,8,,,0,70,,7886,8,,,0,30,,7887,8,,,0,70,,7888,8,,,0,30,,7889,8,,,0,70,,7890,8,,,0,30,,7891,8,,,0,70,,7892,8,,,0,30,,7893,8,,,0,70,,7894,8,,,0,30,,7895,8,,,0,70,,7896,8,,,0,30,,7897,8,,,0,70,,7898,8,,,0,30,,7899,8,,,0,70,,7909,8,,,0,30,,7908,8,,,0
11029,'995',1003,,7910,8,,,0,30,,7911,8,,,0,70,,7912,8,,,0,30,,7913,8,,,0,70,,7914,8,,,0,30,,7915,8,,,0,70,,7916,8,,,0,30,,7917,8,,,0,70,,7918,8,,,0,30,,7919,8,,,0,70,,7920,8,,,0,30,,7921,8,,,0,70,,7922,8,,,0,30,,7923,8,,,0,70,,7924,8,,,0,30,,7925,8,,,0,70,,7926,8,,,0,30,,7927,8,,,0
13019,'993',833,,7978,8,,,0,80,,7979,8,,,0,40,,7980,8,,,0,80,,7981,8,,,0,85,,7982,8,,,0,85,,7983,8,,,0,45,,7984,8,,,0,85,,7985,8,,,0,85,,7986,8,,,0,85,,7987,8,,,0,45,,7988,8,,,0,85,,7989,8,,,0,85,,7990,8,,,0,85,,7991,8,,,0,45,,7992,8,,,0,85,,7993,8,,,0,85,,7994,8,,,0,85,,7995,8,,,0,45,,7996,8,,,0
13019,'994',1903,,8002,8,,,0,45,,7997,8,,,0,85,,7998,8,,,0,85,,8000,8,,,0,84,,7999,8,,,0,45,,8001,8,,,0
13019,'995',602,,8003,8,,,0,40,,8004,8,,,0,80,,8005,8,,,0,80,,8006,8,,,0,40,,8007,8,,,0,80,,8008,8,,,0,981,,8009,8,,,0,45,,8010,8,,,0,85,,8011,8,,,0,85,,8012,8,,,0,85,,8013,8,,,0,45,,8014,8,,,0
13019,'996',833,,8015,8,,,0,80,,8016,8,,,0,40,,8017,8,,,0,80,,8018,8,,,0,85,,8019,8,,,0,85,,8020,8,,,0,45,,8021,8,,,0,85,,8022,8,,,0,85,,8023,8,,,0,85,,8024,8,,,0,45,,8025,8,,,0,85,,8026,8,,,0,85,,8027,8,,,0,85,,8028,8,,,0,45,,8029,8,,,0,85,,8030,8,,,0,85,,8031,8,,,0,85,,8032,8,,,0,45,,8033,8,,,0
130003019,'993',755,,9285,7,0,14,0,60,,9317,7,0,7 8,0,20,,9286,7,0,14,0,20,,9311,7,0,7 8,0,60,,9287,7,0,14,0,20,,9314,7,0,7 8,0,20,,9288,7,0,14,0,60,,9312,7,0,7 8,0,20,,9289,7,0,14,0,23,,9315,7,0,7 8,0,62,,9290,7,0,14,0,23,,9313,7,0,7 8,0,62,,9291,7,0,14,0,23,,9316,7,0,7 8,0,22,,9292,7,0,14,0,63,,9293,7,0,7 8,0,22,,9294,7,0,14,0,23,,9295,7,0,7 8,0,62,,9296,7,0,14,0,23,,9297,7,0,7 8,0,62,,9298,7,0,14,0,23,,9299,7,0,7 8,0,22,,9300,7,0,14,0,63,,9301,7,0,7 8,0,22,,9302,7,0,14,0,23,,9303,7,0,7 8,0,62,,9304,7,0,14,0,23,,9305,7,0,7 8,0,62,,9306,7,0,14,0,23,,9319,7,0,7 8,0,22,,9318,7,0,14,0,85,,9307,7,0,14,0,85,,9308,7,0,14,0,85,,9309,7,0,14,0,45,,9320,7,0,14,0,85,,9310,7,0,7 8,0
130003019,'994',615,,9364,7,0,13,0,15,,9365,7,0,14,0,20,,9366,7,0,14,0,55,,9367,7,0,13,0,15,,9368,7,0,14,0,15,,9369,7,0,13,0,15,,9370,7,0,14,0,55,,9371,7,0,13,0,15,,9372,7,0,14,0,15,,9373,7,0,13,0,15,,9374,7,0,14,0,55,,9375,7,0,13,0,15,,9376,7,0,14,0,15,,9377,7,0,13,0,15,,9363,7,0,14,0,55,,9321,7,0,13,0,15,,9322,7,0,14,0,15,,9323,7,0,13,0,15,,9324,7,0,14,0,55,,9325,7,0,13,0,15,,9326,7,0,14,0,15,,9327,7,0,13,0,15,,9328,7,0,14,0,55,,9329,7,0,13,0,15,,9330,7,0,14,0,15,,9331,7,0,13,0,15,,9332,7,0,14,0,55,,9333,7,0,13,0,15,,9334,7,0,14,0,15,,9335,7,0,13,0,15,,9336,7,0,14,0,55,,9337,7,0,13,0,15,,9338,7,0,14,0,15,,9339,7,0,13,0,15,,9340,7,0,14,0,55,,9341,7,0,13,0,15,,9342,7,0,14,0,15,,9343,7,0,13,0,15,,9344,7,0,14,0,55,,9345,7,0,13,0,15,,9346,7,0,14,0,15,,9347,7,0,13,0,15,,9348,7,0,14,0,55,,9349,7,0,13,0,15,,9350,7,0,14,0,15,,9351,7,0,13,0,15,,9352,7,0,14,0,55,,9358,7,0,13,0,15,,9360,7,0,14,0,15,,9356,7,0,13,0,15,,9361,7,0,14,0,55,,9354,7,0,13,0,23,,9362,7,0,7 8,0,22,,9353,7,0,14,0,63,,9378,7,0,7 8,0,22,,9359,7,0,14,0,23,,9379,7,0,7 8,0,62,,9357,7,0,14,0,23,,9380,7,0,7 8,0,62,,9355,7,0,14,0,45,,9382,7,0,14,0,84,,9381,7,0,7 8,0,80,,9383,7,0,7 8,0
130003019,'995',605,,9384,7,0,14,0,20,,9385,7,0,7 8,0,20,,9386,7,0,14,0,60,,9387,7,0,7 8,0,20,,9388,7,0,14,0,20,,9389,7,0,7 8,0,60,,9390,7,0,14,0,20,,9391,7,0,7 8,0,20,,9392,7,0,14,0,60,,9393,7,0,7 8,0,20,,9394,7,0,14,0,20,,9395,7,0,13,0,60,,9396,7,0,13,0,15,,9397,7,0,14,0,15,,9398,7,0,13,0,15,,9399,7,0,14,0,55,,9400,7,0,13,0,15,,9401,7,0,14,0,15,,9402,7,0,13,0,15,,9403,7,0,14,0,55,,9404,7,0,13,0,15,,9405,7,0,14,0,15,,9406,7,0,13,0,15,,9407,7,0,14,0,55,,9408,7,0,13,0,15,,9409,7,0,14,0,15,,9410,7,0,13,0,15,,9411,7,0,14,0,55,,9412,7,0,13,0,15,,9413,7,0,14,0,15,,9414,7,0,13,0,15,,9415,7,0,14,0,55,,9416,7,0,13,0,15,,9417,7,0,14,0,15,,9418,7,0,13,0,15,,9419,7,0,14,0,55,,9420,7,0,13,0,15,,9421,7,0,14,0,15,,9422,7,0,13,0,15,,9423,7,0,14,0,55,,9424,7,0,13,0,15,,9425,7,0,14,0,15,,9426,7,0,13,0,15,,9427,7,0,14,0,55,,9428,7,0,13,0,15,,9443,7,0,14,0,15,,9435,7,0,13,0,15,,9429,7,0,14,0,55,,9436,7,0,13,0,22,,9430,7,0,7 8,0,23,,9437,7,0,14,0,63,,9431,7,0,7 8,0,22,,9440,7,0,14,0,23,,9432,7,0,7 8,0,62,,9439,7,0,14,0,23,,9433,7,0,7 8,0,62,,9438,7,0,14,0,45,,9434,7,0,14,0,84,,9442,7,0,7 8,0,80,,9441,7,0,7 8,0
130003019,'996',755,,9444,7,0,14,0,60,,9476,7,0,7 8,0,20,,9445,7,0,14,0,20,,9470,7,0,7 8,0,60,,9446,7,0,14,0,20,,9473,7,0,7 8,0,20,,9447,7,0,14,0,60,,9471,7,0,7 8,0,20,,9448,7,0,14,0,23,,9474,7,0,7 8,0,62,,9449,7,0,14,0,23,,9472,7,0,7 8,0,62,,9450,7,0,14,0,23,,9475,7,0,7 8,0,22,,9451,7,0,14,0,63,,9452,7,0,7 8,0,22,,9453,7,0,14,0,23,,9454,7,0,7 8,0,62,,9455,7,0,14,0,23,,9456,7,0,7 8,0,62,,9457,7,0,14,0,23,,9458,7,0,7 8,0,22,,9459,7,0,14,0,63,,9460,7,0,7 8,0,22,,9461,7,0,14,0,23,,9462,7,0,7 8,0,62,,9463,7,0,14,0,23,,9464,7,0,7 8,0,62,,9465,7,0,14,0,23,,9478,7,0,7 8,0,22,,9477,7,0,14,0,85,,9466,7,0,14,0,85,,9467,7,0,14,0,85,,9468,7,0,14,0,45,,9479,7,0,14,0,85,,9469,7,0,7 8,0
