17019,'1004',836,,11813,8,,,0,80,,11814,8,,,0,40,,11815,8,,,0,80,,11816,8,,,0,86,,11817,8,,,0,85,,11818,8,,,0,45,,11819,8,,,0,85,,11820,8,,,0,85,,11821,8,,,0,85,,11822,8,,,0,45,,11823,8,,,0,85,,11824,8,,,0,85,,11825,8,,,0,85,,11826,8,,,0,45,,11827,8,,,0,85,,11828,8,,,0,85,,11829,8,,,0,85,,11830,8,,,0,45,,11831,8,,,0,82,,11832,8,,,0
17019,'1010',634,,11780,8,,,0,170,,11783,8,,,0,100,,11785,8,,,0,130,,11788,8,,,0,100,,11790,8,,,0,170,,11793,8,,,0,100,,11795,8,,,0,130,,11798,8,,,0,100,,11800,8,,,0,170,,11803,8,,,0,100,,11805,8,,,0,45,,11806,8,,,0,170,,11808,8,,,0,85,,11809,8,,,0,130,,11811,8,,,0
17019,'1015',634,,13875,8,,,0,170,,13876,8,,,0,100,,13877,8,,,0,130,,13878,8,,,0,100,,13879,8,,,0,170,,13880,8,,,0,100,,13881,8,,,0,130,,13882,8,,,0,100,,13883,8,,,0,170,,13884,8,,,0,100,,13885,8,,,0,45,,13886,8,,,0,170,,13887,8,,,0,85,,13888,8,,,0,130,,13889,8,,,0
17019,'1016',604,,13908,8,,,0,40,,13890,8,,,0,80,,13891,8,,,0,80,,13892,8,,,0,40,,13893,8,,,0,190,,13903,8,,,0,70,,13894,8,,,0,30,,13895,8,,,0,70,,13898,8,,,0,100,,13899,8,,,0,30,,13896,8,,,0,70,,13897,8,,,0,30,,13901,8,,,0,100,,13913,8,,,0,70,,13900,8,,,0,30,,13911,8,,,0,70,,13912,8,,,0,100,,13902,8,,,0,30,,13914,8,,,0,70,,13915,8,,,0,45,,13904,8,,,0,85,,13906,8,,,0,85,,13905,8,,,0,85,,13907,8,,,0,45,,13910,8,,,0,85,,13909,8,,,0
17019,'994',609,,11812,8,,,0,95,,11781,8,,,0,30,,11782,8,,,0,100,,11784,8,,,0,100,,11786,8,,,0,70,,11787,8,,,0,100,,11789,8,,,0,100,,11791,8,,,0,30,,11792,8,,,0,100,,11794,8,,,0,100,,11796,8,,,0,70,,11797,8,,,0,100,,11799,8,,,0,100,,11801,8,,,0,30,,11802,8,,,0,100,,11804,8,,,0,200,,11807,8,,,0,215,,11810,8,,,0
17019,'995',924,,11837,8,,,0,80,,11838,8,,,0,230,,11841,8,,,0,270,,11848,8,,,0,230,,11860,8,,,0
17019,'996',836,,11864,8,,,0,80,,11865,8,,,0,40,,11866,8,,,0,80,,11867,8,,,0,86,,11868,8,,,0,85,,11869,8,,,0,45,,11870,8,,,0,85,,11871,8,,,0,85,,11872,8,,,0,85,,11873,8,,,0,45,,11874,8,,,0,85,,11875,8,,,0,85,,11876,8,,,0,85,,11877,8,,,0,45,,11878,8,,,0,85,,11879,8,,,0,85,,11880,8,,,0,85,,11881,8,,,0,45,,11882,8,,,0,82,,11883,8,,,0
17029,'1004',857,,11917,24,,,0,80,,11918,24,,,0,80,,11919,24,,,0,40,,11920,24,,,0,86,,11921,24,,,0,85,,11922,24,,,0,85,,11923,24,,,0,45,,11924,24,,,0,85,,11925,24,,,0,85,,11926,24,,,0,85,,11927,24,,,0,45,,11928,24,,,0,85,,11929,24,,,0,85,,11930,24,,,0,85,,11931,24,,,0,45,,11932,24,,,0,85,,11933,24,,,0,85,,11934,24,,,0,85,,11935,24,,,0,42,,11936,24,,,0
17029,'1010',655,,11884,24,,,0,170,,11908,24,,,0,100,,11909,24,,,0,130,,11910,24,,,0,100,,11891,24,,,0,170,,11913,24,,,0,100,,11914,24,,,0,130,,11894,24,,,0,100,,11895,24,,,0,170,,11904,24,,,0,100,,11898,24,,,0,85,,11899,24,,,0,130,,11901,24,,,0,85,,11902,24,,,0,130,,11915,24,,,0
17029,'1015',655,,13916,24,,,0,170,,13925,24,,,0,100,,13926,24,,,0,130,,13927,24,,,0,100,,13917,24,,,0,170,,13928,24,,,0,100,,13929,24,,,0,130,,13918,24,,,0,100,,13919,24,,,0,170,,13924,24,,,0,100,,13920,24,,,0,85,,13921,24,,,0,130,,13922,24,,,0,85,,13923,24,,,0,130,,13930,24,,,0
17029,'1016',625,,13931,24,,,0,80,,13932,24,,,0,40,,13933,24,,,0,80,,13934,24,,,0,80,,13935,24,,,0,150,,13945,24,,,0,70,,13936,24,,,0,30,,13937,24,,,0,70,,13940,24,,,0,100,,13941,24,,,0,30,,13938,24,,,0,70,,13939,24,,,0,30,,13943,24,,,0,100,,13952,24,,,0,70,,13942,24,,,0,30,,13953,24,,,0,70,,13954,24,,,0,100,,13944,24,,,0,30,,13955,24,,,0,70,,13956,24,,,0,85,,13946,24,,,0,45,,13948,24,,,0,85,,13947,24,,,0,85,,13949,24,,,0,85,,13951,24,,,0,45,,13950,24,,,0
17029,'994',630,,11916,24,,,0,95,,11885,24,,,0,30,,11886,24,,,0,100,,11887,24,,,0,100,,11888,24,,,0,70,,11889,24,,,0,100,,11911,24,,,0,100,,11912,24,,,0,30,,11890,24,,,0,100,,11892,24,,,0,100,,11893,24,,,0,70,,11907,24,,,0,100,,11906,24,,,0,100,,11905,24,,,0,30,,11896,24,,,0,100,,11897,24,,,0,200,,11900,24,,,0,255,,11903,24,,,0
17029,'995',945,,11942,24,,,0,80,,11943,24,,,0,230,,11946,24,,,0,270,,11953,24,,,0,230,,11964,24,,,0
17029,'996',857,,11968,24,,,0,80,,11969,24,,,0,80,,11970,24,,,0,40,,11971,24,,,0,86,,11972,24,,,0,85,,11973,24,,,0,85,,11974,24,,,0,45,,11975,24,,,0,85,,11976,24,,,0,85,,11977,24,,,0,85,,11978,24,,,0,45,,11979,24,,,0,85,,11980,24,,,0,85,,11981,24,,,0,85,,11982,24,,,0,45,,11983,24,,,0,85,,11984,24,,,0,85,,11985,24,,,0,85,,11986,24,,,0,42,,11987,24,,,0
