100,1150,1,0
100,1152,2,0
100,1153,3,0
100,1154,4,0
100,1155,5,0
100,1157,6,0
100,1158,7,0
100,1159,8,0
100,1160,9,0
100,1161,10,0
100,1162,11,0
100,1163,12,0
100,1165,13,0
100,1166,14,0
100,1167,15,0
100,1168,16,0
100,1169,17,0
100,1170,18,0
100,1171,19,0
100,1172,20,0
100,1173,21,0
100,1174,22,0
100,1176,23,0
100,1177,24,0
100,1178,25,0
100,1179,26,0
100,1180,27,0
100,1181,28,0
100,1182,29,0
100,1183,30,0
100,1184,31,0
100,1185,32,0
100,1186,33,0
100,1187,34,0
100,1188,35,0
100,1121,36,0
100,1189,37,0
100,1190,38,0
100,1191,39,0
100,1192,40,0
100,1193,41,0
100,1194,42,0
100,1195,43,0
100,1196,44,0
100,1197,45,0
100,1198,46,0
100,1200,47,0
100,1201,48,0
100,1000,49,0
100,1002,50,0
100,1003,51,0
100,1004,52,0
100,1005,53,0
100,1006,54,0
100,1007,55,0
100,1008,56,0
100,1009,57,0
100,1010,58,0
100,1011,59,0
100,1012,60,0
100,1013,61,0
100,1014,62,0
100,1015,63,0
100,1831,64,0
100,1828,65,0
100,1019,66,0
100,1836,67,0
100,1834,68,0
100,1825,69,0
100,1023,70,0
100,1025,71,0
100,1026,72,0
100,1027,73,0
100,1028,74,0
100,1029,75,0
100,1030,76,0
100,1031,77,0
100,1034,78,0
100,1035,79,0
100,1036,80,0
100,1037,81,0
100,1038,82,0
100,1039,83,0
100,1040,84,0
100,1041,85,0
100,1042,86,0
100,1043,87,0
100,1044,88,0
100,1045,89,0
100,1046,90,0
100,1047,91,0
100,1048,92,0
100,1049,93,0
100,1050,94,0
100,1051,95,0
100,1052,96,0
100,1053,97,0
100,1054,98,0
100,1055,99,0
100,1056,100,0
100,1057,101,0
100,1058,102,0
100,1059,103,0
100,1060,104,0
100,1061,105,0
100,1062,106,0
100,1063,107,0
100,1065,108,0
100,1066,109,0
100,1067,110,0
100,1068,111,0
100,1069,112,0
100,1070,113,0
100,1071,114,0
100,1072,115,0
100,1073,116,0
100,1074,117,0
100,1075,118,0
100,1076,119,0
100,1077,120,0
100,1079,121,0
100,1080,122,0
100,1081,123,0
100,1083,124,0
100,1084,125,0
100,1085,126,0
100,1086,127,0
100,1087,128,0
100,1088,129,0
100,1089,130,0
100,1826,131,0
100,1830,132,0
100,1827,133,1
101,1054,1,0
101,1055,2,0
101,1056,3,0
101,1057,4,0
101,1058,5,0
101,1059,6,0
101,1060,7,0
101,1061,8,0
101,1062,9,0
101,1063,10,0
101,1065,11,0
101,1066,12,0
101,1067,13,0
101,1068,14,0
101,1069,15,0
101,1070,16,0
101,1071,17,0
101,1072,18,0
101,1073,19,0
101,1074,20,0
101,1075,21,0
101,1076,22,0
101,1077,23,0
101,1079,24,0
101,1080,25,0
101,1081,26,0
101,1083,27,0
101,1084,28,0
101,1085,29,0
101,1086,30,0
101,1087,31,0
101,1088,32,0
101,1089,33,0
101,1826,34,0
101,1830,35,0
101,1827,36,0
101,1019,37,0
101,1829,38,0
101,1093,39,0
101,1094,40,0
101,1095,41,0
101,1096,42,0
101,1097,43,0
101,1098,44,0
101,1099,45,0
101,1100,46,0
101,1101,47,0
101,1102,48,0
101,1103,49,0
101,1104,50,0
101,1105,51,0
101,1106,52,0
101,1107,53,0
101,1108,54,0
101,1111,55,0
101,1112,56,0
101,1113,57,0
101,1114,58,0
101,1115,59,0
101,1116,60,0
101,1117,61,0
101,1118,62,0
101,1119,63,0
101,1120,64,0
101,1121,65,0
101,1122,66,0
101,1123,67,0
101,1124,68,0
101,1125,69,0
101,1126,70,0
101,1127,71,0
101,1128,72,0
101,1129,73,0
101,1130,74,0
101,1131,75,0
101,1132,76,0
101,1133,77,0
101,1135,78,0
101,1136,79,0
101,1137,80,0
101,1138,81,0
101,1139,82,0
101,1140,83,0
101,1141,84,0
101,1142,85,0
101,1143,86,0
101,1144,87,0
101,1146,88,0
101,1147,89,0
101,1148,90,0
101,1150,91,0
101,1152,92,0
101,1153,93,0
101,1154,94,0
101,1155,95,0
101,1157,96,0
101,1158,97,0
101,1159,98,0
101,1160,99,0
101,1161,100,0
101,1162,101,0
101,1163,102,0
101,1165,103,0
101,1166,104,0
101,1167,105,0
101,1168,106,0
101,1169,107,0
101,1170,108,0
101,1171,109,0
101,1172,110,0
101,1173,111,0
101,1174,112,0
101,1176,113,0
101,1177,114,0
101,1178,115,0
101,1179,116,0
101,1180,117,0
101,1181,118,0
101,1182,119,0
101,1183,120,0
101,1184,121,0
101,1185,122,0
101,1186,123,0
101,1187,124,0
101,1188,125,1
200,1121,1,0
200,1202,2,0
200,1203,3,0
200,1204,4,0
200,1205,5,0
200,1206,6,0
200,1194,7,0
200,1195,8,0
200,1207,9,0
200,1208,10,0
200,1209,11,0
200,1210,12,0
200,1211,13,0
200,1212,14,0
200,1213,15,0
200,1214,16,0
200,1215,17,0
200,1216,18,0
200,1217,19,0
200,1219,20,0
200,1220,21,0
200,1221,22,0
200,1222,23,0
200,1223,24,0
200,1224,25,0
200,1225,26,0
200,1835,27,0
200,1226,28,0
200,1227,29,0
200,1228,30,0
200,1229,31,0
200,1230,32,0
200,1231,33,0
200,1232,34,0
200,1233,35,0
200,1234,36,0
200,1235,37,0
200,1236,38,0
200,1237,39,0
200,1238,40,0
200,1239,41,0
200,1240,42,0
200,1241,43,0
200,1242,44,0
200,1243,45,0
200,1244,46,0
200,1245,47,0
200,1246,48,0
200,1247,49,0
200,1248,50,0
200,1249,51,0
200,1089,52,0
200,1090,53,0
200,1577,54,0
200,1019,55,1
201,1019,1,0
201,1020,2,0
201,1021,3,0
201,1022,4,0
201,1023,5,0
201,1250,6,0
201,1251,7,0
201,1252,8,0
201,1253,9,0
201,1254,10,0
201,1255,11,0
201,1256,12,0
201,1257,13,0
201,1258,14,0
201,1279,15,0
201,1280,16,0
201,1281,17,0
201,1282,18,0
201,1283,19,0
201,1284,20,0
201,1285,21,0
201,1286,22,0
201,1287,23,0
201,1231,24,0
201,1288,25,0
201,1823,26,0
201,1289,27,0
201,1824,28,0
201,1290,29,0
201,1291,30,0
201,1833,31,0
201,1292,32,0
201,1293,33,0
201,1222,34,0
201,1223,35,0
201,1294,36,0
201,1483,37,0
201,1484,38,0
201,1485,39,0
201,1486,40,0
201,1837,41,0
201,1773,42,0
201,1774,43,0
201,1295,44,0
201,1297,45,0
201,1298,46,0
201,1299,47,0
201,1300,48,0
201,1301,49,0
201,1302,50,0
201,1303,51,0
201,1304,52,0
201,1305,53,0
201,1306,54,0
201,1307,55,0
201,1308,56,0
201,1309,57,0
201,1310,58,0
201,1311,59,0
201,1312,60,0
201,1121,61,1
400,1019,1,0
400,1020,2,0
400,1021,3,0
400,1022,4,0
400,1023,5,0
400,1025,6,0
400,1026,7,0
400,1027,8,0
400,1028,9,0
400,1029,10,0
400,1030,11,0
400,1031,12,0
400,1034,13,0
400,1035,14,0
400,1036,15,0
400,1037,16,0
400,1038,17,0
400,1039,18,0
400,1040,19,0
400,1041,20,0
400,1042,21,0
400,1043,22,0
400,1044,23,0
400,1045,24,0
400,1046,25,0
400,1578,26,0
400,1579,27,0
400,1580,28,0
400,1581,29,0
400,1582,30,0
400,1583,31,0
400,1597,32,0
400,1598,33,0
400,1599,34,0
400,1600,35,0
400,1601,36,0
400,1602,37,0
400,1603,38,0
400,1604,39,0
400,1605,40,0
400,1606,41,0
400,1607,42,0
400,1608,43,0
400,1609,44,0
400,1610,45,0
400,1611,46,0
400,1612,47,0
400,1613,48,0
400,1614,49,0
400,1615,50,0
400,1616,51,0
400,1617,52,0
400,1618,53,0
400,1619,54,0
400,1620,55,0
400,1621,56,0
400,1622,57,0
400,1623,58,0
400,1624,59,0
400,1626,60,0
400,1625,61,0
400,1627,62,0
400,1628,63,0
400,1629,64,0
400,1630,65,0
400,1631,66,0
400,1632,67,0
400,1633,68,0
400,1634,69,0
400,1635,70,0
400,1636,71,0
400,1637,72,0
400,1519,73,0
400,1520,74,0
400,1521,75,0
400,1524,76,0
400,1525,77,0
400,1526,78,0
400,1729,79,0
400,1730,80,0
400,1731,81,0
400,1732,82,0
400,1817,83,0
400,1061,84,0
400,1062,85,0
400,1063,86,0
400,1065,87,0
400,1066,88,0
400,1067,89,0
400,1068,90,0
400,1069,91,0
400,1070,92,0
400,1071,93,0
400,1072,94,0
400,1073,95,0
400,1074,96,0
400,1075,97,0
400,1076,98,0
400,1077,99,0
400,1079,100,0
400,1080,101,0
400,1081,102,0
400,1083,103,0
400,1084,104,0
400,1085,105,0
400,1086,106,0
400,1087,107,0
400,1088,108,0
400,1089,109,0
400,1826,110,0
400,1830,111,0
400,1827,112,1
600,1043,1,0
600,1044,2,0
600,1045,3,0
600,1046,4,0
600,1578,5,0
600,1579,6,0
600,1580,7,0
600,1581,8,0
600,1582,9,0
600,1583,10,0
600,1584,11,0
600,1585,12,0
600,1586,13,0
600,1587,14,0
600,1588,15,0
600,1589,16,0
600,1590,17,0
600,1591,18,0
600,1592,19,0
600,1593,20,0
600,1594,21,0
600,1595,22,0
600,1596,23,0
600,1638,24,0
600,1639,25,0
600,1640,26,1
700,1121,1,0
700,1202,2,0
700,1313,3,0
700,1024,4,0
700,1315,5,0
700,1316,6,0
700,1317,7,0
700,1318,8,0
700,1319,9,0
700,1320,10,0
700,1321,11,0
700,1322,12,0
700,1323,13,0
700,1819,14,0
700,1820,15,0
700,1821,16,0
700,1822,17,0
700,1324,18,0
700,1325,19,0
700,1326,20,0
700,1327,21,0
700,1328,22,0
700,1329,23,0
700,1330,24,0
700,1331,25,0
700,1333,26,0
700,1334,27,0
700,1335,28,0
700,1336,29,0
700,1337,30,1
701,1337,1,0
701,1338,2,0
701,1339,3,0
701,1340,4,0
701,1341,5,0
701,1342,6,0
701,1343,7,0
701,1344,8,0
701,1131,9,0
701,1132,10,0
701,1133,11,0
701,1345,12,0
701,1346,13,0
701,1130,14,0
701,1347,15,0
701,1348,16,0
701,1349,17,0
701,1350,18,0
701,1351,19,0
701,1352,20,0
701,1353,21,0
701,1354,22,0
701,1818,23,0
701,1121,24,1
800,1019,1,0
800,1669,2,0
800,1670,3,0
800,1671,4,0
800,1672,5,0
800,1673,6,0
800,1674,7,0
800,1029,8,0
800,1030,9,0
800,1675,10,0
800,1676,11,0
800,1677,12,0
800,1678,13,0
800,1679,14,0
800,1680,15,0
800,1681,16,0
800,1682,17,0
800,1683,18,0
800,1684,19,0
800,1685,20,0
800,1686,21,0
800,1687,22,0
800,1688,23,0
800,1689,24,0
800,1690,25,0
800,1691,26,0
800,1692,27,0
800,1693,28,0
800,1694,29,0
800,1695,30,0
800,1696,31,0
800,1697,32,0
800,1698,33,0
800,1699,34,0
800,1700,35,0
800,1701,36,0
800,1702,37,0
800,1231,38,0
800,1232,39,0
800,1703,40,0
800,1704,41,0
800,1705,42,0
800,1706,43,0
800,1707,44,0
800,1708,45,0
800,1489,46,0
800,1490,47,0
800,1491,48,0
800,1003,49,0
800,1004,50,0
800,1005,51,0
800,1006,52,1
801,1006,1,0
801,1757,2,0
801,1758,3,0
801,1759,4,0
801,1760,5,0
801,1761,6,0
801,1709,7,0
801,1710,8,0
801,1711,9,0
801,1712,10,0
801,1713,11,0
801,1714,12,0
801,1715,13,0
801,1716,14,0
801,1569,15,0
801,1566,16,0
801,1287,17,0
801,1231,18,0
801,1232,19,0
801,1717,20,0
801,1718,21,0
801,1719,22,0
801,1720,23,0
801,1721,24,0
801,1722,25,0
801,1723,26,0
801,1724,27,0
801,1725,28,0
801,1726,29,0
801,1727,30,0
801,1728,31,0
801,1729,32,0
801,1730,33,0
801,1731,34,0
801,1732,35,0
801,1733,36,0
801,1734,37,0
801,1735,38,0
801,1736,39,0
801,1737,40,0
801,1738,41,0
801,1739,42,0
801,1740,43,0
801,1741,44,0
801,1742,45,0
801,1081,46,0
801,1743,47,0
801,1744,48,0
801,1745,49,0
801,1746,50,0
801,1747,51,0
801,1748,52,0
801,1019,53,1
900,1121,1,0
900,1355,2,0
900,1356,3,0
900,1461,4,0
900,1462,5,0
900,1463,6,0
900,1464,7,0
900,1465,8,0
900,1466,9,0
900,1467,10,0
900,1468,11,0
900,1469,12,0
900,1470,13,0
900,1471,14,0
900,1472,15,0
900,1473,16,0
900,1474,17,0
900,1475,18,0
900,1476,19,0
900,1477,20,0
900,1478,21,0
900,1479,22,0
900,1480,23,0
900,1481,24,0
900,1482,25,0
900,1292,26,0
900,1293,27,0
900,1103,28,0
900,1757,29,0
900,1758,30,0
900,1759,31,0
900,1760,32,0
900,1761,33,0
900,1709,34,0
900,1710,35,0
900,1711,36,0
900,1769,37,0
900,1770,38,0
900,1771,39,0
900,1772,40,0
900,1773,41,0
900,1774,42,0
900,1220,43,0
900,1221,44,0
900,1222,45,0
900,1223,46,0
900,1294,47,0
900,1483,48,0
900,1484,49,0
900,1485,50,0
900,1486,51,0
900,1487,52,0
900,1488,53,0
900,1489,54,0
900,1490,55,0
900,1491,56,0
900,1003,57,0
900,1004,58,0
900,1005,59,0
900,1006,60,1
901,1103,1,0
901,1757,2,0
901,1758,3,0
901,1759,4,0
901,1760,5,0
901,1761,6,0
901,1709,7,0
901,1710,8,0
901,1711,9,0
901,1769,10,0
901,1770,11,0
901,1771,12,0
901,1772,13,0
901,1773,14,0
901,1774,15,0
901,1220,16,0
901,1221,17,0
901,1222,18,0
901,1223,19,0
901,1224,20,0
901,1225,21,0
901,1775,22,0
901,1776,23,0
901,1777,24,0
901,1778,25,0
901,1779,26,0
901,1780,27,0
901,1781,28,0
901,1782,29,0
901,1783,30,0
901,1784,31,0
901,1785,32,0
901,1786,33,0
901,1787,34,0
901,1788,35,0
901,1789,36,0
901,1791,37,0
901,1352,38,0
901,1353,39,0
901,1354,40,0
901,1818,41,0
901,1121,42,1
1100,1121,1,0
1100,1202,2,0
1100,1203,3,0
1100,1204,4,0
1100,1205,5,0
1100,1439,6,0
1100,1440,7,0
1100,1792,8,0
1100,1793,9,0
1100,1794,10,0
1100,1795,11,0
1100,1208,12,0
1100,1209,13,0
1100,1441,14,0
1100,1442,15,0
1100,1443,16,0
1100,1444,17,0
1100,1445,18,0
1100,1446,19,0
1100,1447,20,0
1100,1448,21,0
1100,1449,22,0
1100,1450,23,1
1101,1450,1,0
1101,1451,2,0
1101,1452,3,0
1101,1453,4,0
1101,1454,5,0
1101,1455,6,0
1101,1456,7,0
1101,1457,8,0
1101,1458,9,0
1101,1459,10,0
1101,1460,11,0
1101,1304,12,0
1101,1305,13,0
1101,1306,14,0
1101,1307,15,0
1101,1308,16,0
1101,1309,17,0
1101,1310,18,0
1101,1311,19,0
1101,1312,20,0
1101,1121,21,1
1200,1019,1,0
1200,1020,2,0
1200,1021,3,0
1200,1022,4,0
1200,1539,5,0
1200,1832,6,0
1200,1540,7,0
1200,1541,8,0
1200,1542,9,0
1200,1543,10,0
1200,1544,11,0
1200,1545,12,0
1200,1546,13,0
1200,1547,14,0
1200,1548,15,0
1200,1549,16,0
1200,1550,17,0
1200,1551,18,0
1200,1552,19,0
1200,1553,20,0
1200,1554,21,0
1200,1555,22,0
1200,1556,23,0
1200,1557,24,0
1200,1558,25,0
1200,1559,26,0
1200,1560,27,0
1200,1561,28,0
1200,1562,29,0
1200,1563,30,0
1200,1564,31,0
1200,1565,32,0
1200,1566,33,0
1200,1567,34,0
1200,1568,35,0
1200,1705,36,0
1200,1706,37,0
1200,1707,38,0
1200,1708,39,0
1200,1712,40,0
1200,1713,41,0
1200,1714,42,0
1200,1715,43,0
1200,1716,44,0
1200,1569,45,0
1200,1570,46,0
1200,1571,47,0
1200,1572,48,0
1200,1573,49,0
1200,1574,50,0
1200,1575,51,0
1200,1576,52,0
1200,1090,53,0
1200,1577,54,1
1300,1121,1,0
1300,1202,2,0
1300,1203,3,0
1300,1204,4,0
1300,1205,5,0
1300,1439,6,0
1300,1440,7,0
1300,1792,8,0
1300,1793,9,0
1300,1794,10,0
1300,1795,11,0
1300,1208,12,0
1300,1209,13,0
1300,1441,14,0
1300,1442,15,0
1300,1443,16,0
1300,1444,17,0
1300,1445,18,0
1300,1446,19,0
1300,1447,20,0
1300,1815,21,0
1300,1816,22,0
1300,1409,23,0
1300,1410,24,0
1300,1412,25,0
1300,1413,26,0
1300,1414,27,0
1300,1415,28,0
1300,1416,29,0
1300,1417,30,0
1300,1418,31,0
1300,1419,32,0
1300,1420,33,0
1300,1421,34,0
1300,1422,35,0
1300,1423,36,1
1301,1423,1,0
1301,1405,2,0
1301,1406,3,0
1301,1407,4,0
1301,1408,5,0
1301,1451,6,0
1301,1452,7,0
1301,1453,8,0
1301,1454,9,0
1301,1455,10,0
1301,1456,11,0
1301,1457,12,0
1301,1458,13,0
1301,1459,14,0
1301,1460,15,0
1301,1304,16,0
1301,1305,17,0
1301,1306,18,0
1301,1307,19,0
1301,1308,20,0
1301,1309,21,0
1301,1310,22,0
1301,1311,23,0
1301,1312,24,0
1301,1121,25,1
100300,1522,1,0
100300,1524,2,0
100300,1525,3,0
100300,1526,4,0
100300,1527,5,0
100300,1528,6,0
100300,1529,7,0
100300,1530,8,0
100300,1531,9,0
100300,1532,10,0
100300,1533,11,0
100300,1534,12,0
100300,1535,13,0
100300,1536,14,0
100300,1537,15,0
100300,1538,16,0
100300,1091,17,0
100300,1020,18,0
100300,1019,19,0
100300,1492,20,0
100300,1493,21,0
100300,1494,22,0
100300,1495,23,0
100300,1496,24,0
100300,1497,25,0
100300,1498,26,0
100300,1499,27,0
100300,1500,28,0
100300,1501,29,0
100300,1502,30,0
100300,1278,31,0
100300,1503,32,0
100300,1504,33,0
100300,1505,34,0
100300,1506,35,0
100300,1260,36,0
100300,1507,37,0
100300,1508,38,0
100300,1509,39,0
100300,1510,40,0
100300,1511,41,0
100300,1512,42,0
100300,1513,43,0
100300,1514,44,0
100300,1515,45,0
100300,1518,46,0
100300,1519,47,0
100300,1520,48,0
100300,1521,49,1
100301,1522,1,0
100301,1524,2,0
100301,1525,3,0
100301,1526,4,0
100301,1527,5,0
100301,1528,6,0
100301,1529,7,0
100301,1530,8,0
100301,1531,9,0
100301,1532,10,0
100301,1533,11,0
100301,1534,12,0
100301,1535,13,0
100301,1536,14,0
100301,1537,15,0
100301,1538,16,0
100301,1091,17,0
100301,1020,18,0
100301,1019,19,1
300300,1121,1,0
300300,1355,2,0
300300,1356,3,0
300300,1357,4,0
300300,1358,5,0
300300,1359,6,0
300300,1360,7,0
300300,1361,8,0
300300,1362,9,0
300300,1363,10,0
300300,1364,11,0
300300,1367,12,0
300300,1368,13,0
300300,1369,14,0
300300,1370,15,0
300300,1371,16,0
300300,1372,17,0
300300,1373,18,0
300300,1374,19,0
300300,1375,20,0
300300,1376,21,0
300300,1377,22,0
300300,1378,23,0
300300,1379,24,0
300300,1380,25,0
300300,1381,26,0
300300,1382,27,0
300300,1383,28,0
300300,1384,29,0
300300,1385,30,0
300300,1386,31,0
300300,1387,32,0
300300,1388,33,0
300300,1389,34,0
300300,1390,35,1
300301,1390,1,0
300301,1391,2,0
300301,1392,3,0
300301,1393,4,0
300301,1394,5,0
300301,1395,6,0
300301,1396,7,0
300301,1397,8,0
300301,1398,9,0
300301,1399,10,0
300301,1400,11,0
300301,1401,12,0
300301,1402,13,0
300301,1422,14,0
300301,1423,15,0
300301,1424,16,0
300301,1425,17,0
300301,1426,18,0
300301,1427,19,0
300301,1428,20,0
300301,1429,21,0
300301,1430,22,0
300301,1431,23,0
300301,1432,24,0
300301,1433,25,0
300301,1434,26,0
300301,1435,27,0
300301,1436,28,0
300301,1437,29,0
300301,1438,30,0
300301,1312,31,0
300301,1121,32,1
1000300,1418,1,0
1000300,1419,2,0
1000300,1420,3,0
1000300,1421,4,0
1000300,1422,5,0
1000300,1423,6,0
1000300,1424,7,0
1000300,1425,8,0
1000300,1426,9,0
1000300,1427,10,0
1000300,1428,11,0
1000300,1429,12,0
1000300,1430,13,0
1000300,1365,14,0
1000300,1366,15,0
1000300,1431,16,0
1000300,1432,17,0
1000300,1433,18,0
1000300,1434,19,0
1000300,1435,20,0
1000300,1436,21,0
1000300,1437,22,0
1000300,1438,23,0
1000300,1312,24,0
1000300,1121,25,1
1000301,1121,1,0
1000301,1355,2,0
1000301,1356,3,0
1000301,1357,4,0
1000301,1358,5,0
1000301,1359,6,0
1000301,1360,7,0
1000301,1361,8,0
1000301,1362,9,0
1000301,1363,10,0
1000301,1364,11,0
1000301,1367,12,0
1000301,1368,13,0
1000301,1369,14,0
1000301,1370,15,0
1000301,1371,16,0
1000301,1372,17,0
1000301,1403,18,0
1000301,1404,19,0
1000301,1405,20,0
1000301,1406,21,0
1000301,1407,22,0
1000301,1408,23,0
1000301,1409,24,0
1000301,1410,25,0
1000301,1412,26,0
1000301,1413,27,0
1000301,1414,28,0
1000301,1415,29,0
1000301,1416,30,0
1000301,1417,31,0
1000301,1418,32,1
1300300,1121,1,0
1300300,1355,2,0
1300300,1356,3,0
1300300,1814,4,0
1300300,1792,5,0
1300300,1793,6,0
1300300,1794,7,0
1300300,1795,8,0
1300300,1796,9,0
1300300,1797,10,0
1300300,1798,11,0
1300300,1799,12,0
1300300,1801,13,0
1300300,1800,14,0
1300300,1802,15,0
1300300,1803,16,0
1300300,1804,17,0
1300300,1805,18,0
1300300,1005,19,0
1300300,1006,20,0
1300300,1806,21,0
1300300,1808,22,0
1300300,1809,23,0
1300300,1810,24,0
1300300,1812,25,0
1300300,1827,26,0
1300300,1019,27,1
1300301,1019,1,0
1300301,1836,2,0
1300301,1749,3,0
1300301,1750,4,0
1300301,1751,5,0
1300301,1753,6,0
1300301,1754,7,0
1300301,1755,8,0
1300301,1756,9,0
1300301,1103,10,0
1300301,1757,11,0
1300301,1758,12,0
1300301,1759,13,0
1300301,1760,14,0
1300301,1761,15,0
1300301,1762,16,0
1300301,1763,17,0
1300301,1764,18,0
1300301,1765,19,0
1300301,1766,20,0
1300301,1767,21,0
1300301,1768,22,0
1300301,1306,23,0
1300301,1307,24,0
1300301,1308,25,0
1300301,1309,26,0
1300301,1310,27,0
1300301,1311,28,0
1300301,1312,29,0
1300301,1121,30,1
1400300,1231,1,0
1400300,1232,2,0
1400300,1233,3,0
1400300,1234,4,0
1400300,1235,5,0
1400300,1655,6,0
1400300,1656,7,0
1400300,1657,8,0
1400300,1658,9,0
1400300,1659,10,0
1400300,1660,11,0
1400300,1661,12,0
1400300,1662,13,0
1400300,1663,14,0
1400300,1664,15,0
1400300,1665,16,0
1400300,1666,17,0
1400300,1667,18,0
1400300,1668,19,0
1400300,1239,20,0
1400300,1240,21,0
1400300,1241,22,0
1400300,1242,23,0
1400300,1243,24,0
1400300,1244,25,0
1400300,1245,26,0
1400300,1246,27,0
1400300,1247,28,0
1400300,1248,29,0
1400300,1249,30,0
1400300,1089,31,0
1400300,1090,32,0
1400300,1577,33,0
1400300,1259,34,0
1400300,1260,35,0
1400300,1531,36,0
1400300,1532,37,0
1400300,1533,38,0
1400300,1534,39,0
1400300,1535,40,0
1400300,1536,41,0
1400300,1537,42,0
1400300,1538,43,0
1400300,1091,44,0
1400300,1020,45,0
1400300,1019,46,1
1400301,1019,1,0
1400301,1020,2,0
1400301,1021,3,0
1400301,1022,4,0
1400301,1023,5,0
1400301,1250,6,0
1400301,1251,7,0
1400301,1252,8,0
1400301,1253,9,0
1400301,1254,10,0
1400301,1255,11,0
1400301,1256,12,0
1400301,1257,13,0
1400301,1258,14,0
1400301,1492,15,0
1400301,1493,16,0
1400301,1494,17,0
1400301,1495,18,0
1400301,1496,19,0
1400301,1497,20,0
1400301,1498,21,0
1400301,1499,22,0
1400301,1500,23,0
1400301,1501,24,0
1400301,1502,25,0
1400301,1278,26,0
1400301,1279,27,0
1400301,1280,28,0
1400301,1281,29,0
1400301,1641,30,0
1400301,1642,31,0
1400301,1643,32,0
1400301,1644,33,0
1400301,1645,34,0
1400301,1646,35,0
1400301,1647,36,0
1400301,1648,37,0
1400301,1649,38,0
1400301,1650,39,0
1400301,1651,40,0
1400301,1652,41,0
1400301,1653,42,0
1400301,1654,43,0
1400301,1284,44,0
1400301,1285,45,0
1400301,1286,46,0
1400301,1231,47,1
1900200,1269,1,0
1900200,1270,2,0
1900200,1271,3,0
1900200,1272,4,0
1900200,1273,5,0
1900200,1274,6,0
1900200,1275,7,0
1900200,1276,8,0
1900200,1277,9,0
1900200,1278,10,0
1900200,1279,11,0
1900200,1280,12,0
1900200,1281,13,0
1900200,1282,14,0
1900200,1283,15,0
1900200,1284,16,0
1900200,1285,17,0
1900200,1286,18,0
1900200,1231,19,1
1900201,1231,1,0
1900201,1232,2,0
1900201,1233,3,0
1900201,1234,4,0
1900201,1235,5,0
1900201,1236,6,0
1900201,1237,7,0
1900201,1238,8,0
1900201,1239,9,0
1900201,1240,10,0
1900201,1241,11,0
1900201,1259,12,0
1900201,1260,13,0
1900201,1261,14,0
1900201,1262,15,0
1900201,1263,16,0
1900201,1264,17,0
1900201,1265,18,0
1900201,1266,19,0
1900201,1267,20,0
1900201,1268,21,0
1900201,1269,22,1
